  -1.0050000000000001e-01	  -1.9174000000000000e-05	
  -9.9502999999999994e-02	   5.8758999999999999e-06	
  -9.8505999999999996e-02	   2.8909000000000001e-05	
  -9.7508999999999998e-02	   4.9925000000000001e-05	
  -9.6511000000000000e-02	   6.8924000000000006e-05	
  -9.5514000000000002e-02	   8.5904999999999998e-05	
  -9.4517000000000004e-02	   1.0087000000000000e-04	
  -9.3520000000000006e-02	   1.1382000000000000e-04	
  -9.2522999999999994e-02	   1.2475000000000000e-04	
  -9.1525999999999996e-02	   1.2737000000000000e-04	
  -9.0527999999999997e-02	   1.4443999999999999e-04	
  -8.9530999999999999e-02	   1.5567000000000001e-04	
  -8.8534000000000002e-02	   1.6451000000000001e-04	
  -8.7537000000000004e-02	   1.7647000000000000e-04	
  -8.6540000000000006e-02	   1.7778999999999999e-04	
  -8.5542999999999994e-02	   1.6861999999999999e-04	
  -8.4545999999999996e-02	   1.9220000000000001e-04	
  -8.3547999999999997e-02	   1.9027000000000001e-04	
  -8.2550999999999999e-02	   1.8707000000000001e-04	
  -8.1554000000000001e-02	   1.8306000000000000e-04	
  -8.0557000000000004e-02	   2.0032000000000001e-04	
  -7.9560000000000006e-02	   1.9028000000000000e-04	
  -7.8562999999999994e-02	   1.9729000000000000e-04	
  -7.7565999999999996e-02	   1.7819999999999999e-04	
  -7.6567999999999997e-02	   1.5856000000000000e-04	
  -7.5570999999999999e-02	   1.3941000000000000e-04	
  -7.4574000000000001e-02	   1.4368000000000001e-04	
  -7.3577000000000004e-02	   1.5048000000000001e-04	
  -7.2580000000000006e-02	   1.4808000000000001e-04	
  -7.1582999999999994e-02	   1.4477000000000001e-04	
  -7.0584999999999995e-02	   1.3924000000000000e-04	
  -6.9587999999999997e-02	   1.2981000000000001e-04	
  -6.8590999999999999e-02	   1.3181000000000000e-04	
  -6.7594000000000001e-02	   1.1325000000000000e-04	
  -6.6597000000000003e-02	   1.0014000000000000e-04	
  -6.5600000000000006e-02	   7.8054999999999997e-05	
  -6.4602999999999994e-02	   8.4748999999999998e-05	
  -6.3604999999999995e-02	   6.5208000000000003e-05	
  -6.2607999999999997e-02	   6.6042000000000002e-05	
  -6.1610999999999999e-02	   6.1724999999999996e-05	
  -6.0614000000000001e-02	   7.5599000000000006e-05	
  -5.9617000000000003e-02	   6.1557999999999996e-05	
  -5.8619999999999998e-02	   7.0034000000000001e-05	
  -5.7623000000000001e-02	   6.4488999999999999e-05	
  -5.6625000000000002e-02	   4.9577999999999999e-05	
  -5.5627999999999997e-02	   3.4906000000000001e-05	
  -5.4630999999999999e-02	   4.7874000000000003e-05	
  -5.3634000000000001e-02	   4.8673000000000000e-05	
  -5.2637000000000003e-02	   5.0744000000000001e-05	
  -5.1639999999999998e-02	   5.9814000000000000e-05	
  -5.0642000000000000e-02	   7.5574999999999994e-05	
  -4.9645000000000002e-02	   9.1985999999999996e-05	
  -4.8647999999999997e-02	   1.2687000000000001e-04	
  -4.7650999999999999e-02	   1.3851000000000000e-04	
  -4.6654000000000001e-02	   1.4629000000000001e-04	
  -4.5657000000000003e-02	   1.7011000000000001e-04	
  -4.4659999999999998e-02	   1.8704000000000000e-04	
  -4.3661999999999999e-02	   1.7372000000000001e-04	
  -4.2665000000000002e-02	   1.9252000000000001e-04	
  -4.1667999999999997e-02	   1.8610999999999999e-04	
  -4.0670999999999999e-02	   1.6542000000000000e-04	
  -3.9674000000000001e-02	   1.7736000000000000e-04	
  -3.8677000000000003e-02	   1.8510999999999999e-04	
  -3.7678999999999997e-02	   1.5740000000000000e-04	
  -3.6681999999999999e-02	   1.5250999999999999e-04	
  -3.5685000000000001e-02	   1.5819000000000000e-04	
  -3.4687999999999997e-02	   1.6274000000000000e-04	
  -3.3690999999999999e-02	   1.4153000000000001e-04	
  -3.2694000000000001e-02	   1.1737000000000000e-04	
  -3.1697000000000003e-02	   1.0281000000000000e-04	
  -3.0699000000000001e-02	   8.9209000000000006e-05	
  -2.9701999999999999e-02	   9.7887999999999995e-05	
  -2.8705000000000001e-02	   9.4542000000000004e-05	
  -2.7708000000000000e-02	   9.5149999999999995e-05	
  -2.6710999999999999e-02	   1.1290000000000001e-04	
  -2.5714000000000001e-02	   1.1362999999999999e-04	
  -2.4716999999999999e-02	   1.2502999999999999e-04	
  -2.3719000000000000e-02	   1.6079000000000001e-04	
  -2.2721999999999999e-02	   1.7537000000000000e-04	
  -2.1725000000000001e-02	   1.7671000000000001e-04	
  -2.0728000000000000e-02	   1.8154999999999999e-04	
  -1.9730999999999999e-02	   1.8406000000000000e-04	
  -1.8734000000000001e-02	   1.7843000000000001e-04	
  -1.7735999999999998e-02	   1.5134999999999999e-04	
  -1.6739000000000000e-02	   1.4977000000000000e-04	
  -1.5741999999999999e-02	   1.5875000000000001e-04	
  -1.4744999999999999e-02	   1.5133000000000000e-04	
  -1.3748000000000000e-02	   1.4791000000000001e-04	
  -1.2751000000000000e-02	   1.4200000000000001e-04	
  -1.1754000000000001e-02	   1.5221000000000001e-04	
  -1.0756000000000000e-02	   1.6379000000000000e-04	
  -9.7593000000000003e-03	   1.8860000000000000e-04	
  -8.7621000000000001e-03	   2.0757999999999999e-04	
  -7.7650000000000002e-03	   2.3062000000000001e-04	
  -6.7678000000000000e-03	   2.6102999999999999e-04	
  -5.7707000000000001e-03	   2.6007000000000000e-04	
  -4.7735000000000000e-03	   2.6594999999999999e-04	
  -3.7764000000000001e-03	   2.8320000000000000e-04	
  -2.7791999999999999e-03	   3.0144999999999998e-04	
  -1.7821000000000000e-03	   2.9628000000000000e-04	
  -7.8490000000000005e-04	   2.9494999999999999e-04	
   2.1225000000000001e-04	   8.3663000000000002e-05	
   1.2094000000000000e-03	  -5.4427000000000002e-04	
   2.2066000000000000e-03	  -1.2286000000000000e-03	
   3.2036999999999999e-03	  -1.8128000000000000e-03	
   4.2008999999999996e-03	  -1.8588999999999999e-03	
   5.1980000000000004e-03	  -1.0003000000000000e-03	
   6.1951999999999997e-03	   9.8464999999999989e-04	
   7.1923000000000004e-03	   4.2541000000000002e-03	
   8.1895000000000006e-03	   8.9660000000000000e-03	
   9.1865999999999996e-03	   1.5120000000000000e-02	
   1.0184000000000000e-02	   2.2690999999999999e-02	
   1.1181000000000000e-02	   3.1569000000000000e-02	
   1.2178000000000000e-02	   4.1474999999999998e-02	
   1.3174999999999999e-02	   5.2135000000000001e-02	
   1.4172000000000001e-02	   6.3170000000000004e-02	
   1.5169999999999999e-02	   7.4182999999999999e-02	
   1.6167000000000001e-02	   8.4612000000000007e-02	
   1.7163999999999999e-02	   9.4121999999999997e-02	
   1.8161000000000000e-02	   1.0306999999999999e-01	
   1.9158000000000001e-02	   1.1154000000000000e-01	
   2.0154999999999999e-02	   1.1994000000000000e-01	
   2.1152000000000001e-02	   1.2844000000000000e-01	
   2.2150000000000000e-02	   1.3710000000000000e-01	
   2.3147000000000001e-02	   1.4607999999999999e-01	
   2.4143999999999999e-02	   1.5548999999999999e-01	
   2.5141000000000000e-02	   1.6542000000000001e-01	
   2.6138000000000002e-02	   1.7570000000000000e-01	
   2.7134999999999999e-02	   1.8612999999999999e-01	
   2.8132000000000001e-02	   1.9661000000000001e-01	
   2.9130000000000000e-02	   2.0696999999999999e-01	
   3.0127000000000001e-02	   2.1676000000000001e-01	
   3.1123999999999999e-02	   2.2547000000000000e-01	
   3.2120999999999997e-02	   2.3260000000000000e-01	
   3.3118000000000002e-02	   2.3748000000000000e-01	
   3.4114999999999999e-02	   2.3981000000000000e-01	
   3.5112999999999998e-02	   2.3952999999999999e-01	
   3.6110000000000003e-02	   2.3649999999999999e-01	
   3.7107000000000001e-02	   2.3077000000000000e-01	
   3.8103999999999999e-02	   2.2284000000000001e-01	
   3.9100999999999997e-02	   2.1337999999999999e-01	
   4.0098000000000002e-02	   2.0302000000000001e-01	
   4.1095000000000000e-02	   1.9236000000000000e-01	
   4.2092999999999998e-02	   1.8226999999999999e-01	
   4.3090000000000003e-02	   1.7330999999999999e-01	
   4.4087000000000001e-02	   1.6605000000000000e-01	
   4.5083999999999999e-02	   1.6075999999999999e-01	
   4.6080999999999997e-02	   1.5786000000000000e-01	
   4.7078000000000002e-02	   1.5772000000000000e-01	
   4.8075000000000000e-02	   1.6059000000000001e-01	
   4.9072999999999999e-02	   1.6642999999999999e-01	
   5.0070000000000003e-02	   1.7529000000000000e-01	
   5.1067000000000001e-02	   1.8720000000000001e-01	
   5.2063999999999999e-02	   2.0191000000000001e-01	
   5.3060999999999997e-02	   2.1929999999999999e-01	
   5.4058000000000002e-02	   2.3938000000000001e-01	
   5.5056000000000001e-02	   2.6189000000000001e-01	
   5.6052999999999999e-02	   2.8652000000000000e-01	
   5.7049999999999997e-02	   3.1297000000000003e-01	
   5.8047000000000001e-02	   3.4107999999999999e-01	
   5.9043999999999999e-02	   3.7014999999999998e-01	
   6.0040999999999997e-02	   3.9984999999999998e-01	
   6.1038000000000002e-02	   4.2996000000000001e-01	
   6.2036000000000001e-02	   4.6048000000000000e-01	
   6.3033000000000006e-02	   4.9136000000000002e-01	
   6.4030000000000004e-02	   5.2249999999999996e-01	
   6.5027000000000001e-02	   5.5384999999999995e-01	
   6.6023999999999999e-02	   5.8520000000000005e-01	
   6.7020999999999997e-02	   6.1646000000000001e-01	
   6.8018999999999996e-02	   6.4754999999999996e-01	
   6.9015999999999994e-02	   6.7847000000000002e-01	
   7.0013000000000006e-02	   7.0925000000000005e-01	
   7.1010000000000004e-02	   7.3989000000000005e-01	
   7.2007000000000002e-02	   7.7048000000000005e-01	
   7.3003999999999999e-02	   8.0108999999999997e-01	
   7.4000999999999997e-02	   8.3157000000000003e-01	
   7.4998999999999996e-02	   8.6180999999999996e-01	
   7.5995999999999994e-02	   8.9168000000000003e-01	
   7.6993000000000006e-02	   9.2074999999999996e-01	
   7.7990000000000004e-02	   9.4859000000000004e-01	
   7.8987000000000002e-02	   9.7480000000000000e-01	
   7.9984000000000000e-02	   9.9892999999999998e-01	
   8.0980999999999997e-02	   1.0206999999999999e+00	
   8.1978999999999996e-02	   1.0398000000000001e+00	
   8.2975999999999994e-02	   1.0564000000000000e+00	
   8.3973000000000006e-02	   1.0703000000000000e+00	
   8.4970000000000004e-02	   1.0818000000000001e+00	
   8.5967000000000002e-02	   1.0911000000000000e+00	
   8.6964000000000000e-02	   1.0981000000000001e+00	
   8.7961999999999999e-02	   1.1035999999999999e+00	
   8.8958999999999996e-02	   1.1080000000000001e+00	
   8.9955999999999994e-02	   1.1113999999999999e+00	
   9.0953000000000006e-02	   1.1142000000000001e+00	
   9.1950000000000004e-02	   1.1165000000000000e+00	
   9.2947000000000002e-02	   1.1183000000000001e+00	
   9.3944000000000000e-02	   1.1198999999999999e+00	
   9.4941999999999999e-02	   1.1212000000000000e+00	
   9.5938999999999997e-02	   1.1222000000000001e+00	
   9.6935999999999994e-02	   1.1232000000000000e+00	
   9.7933000000000006e-02	   1.1240000000000001e+00	
   9.8930000000000004e-02	   1.1248000000000000e+00	
   9.9927000000000002e-02	   1.1254999999999999e+00	
   1.0092000000000000e-01	   1.1259999999999999e+00	
   1.0192000000000000e-01	   1.1263000000000001e+00	
   1.0292000000000000e-01	   1.1265000000000001e+00	
   1.0392000000000000e-01	   1.1269000000000000e+00	
   1.0491000000000000e-01	   1.1274000000000000e+00	
   1.0591000000000000e-01	   1.1277999999999999e+00	
   1.0691000000000001e-01	   1.1282000000000001e+00	
   1.0790000000000000e-01	   1.1286000000000000e+00	
   1.0890000000000000e-01	   1.1290000000000000e+00	
   1.0990000000000000e-01	   1.1294000000000000e+00	
   1.1090000000000000e-01	   1.1297999999999999e+00	
   1.1189000000000000e-01	   1.1302000000000001e+00	
   1.1289000000000000e-01	   1.1306000000000000e+00	
   1.1389000000000001e-01	   1.1310000000000000e+00	
   1.1488000000000000e-01	   1.1314000000000000e+00	
   1.1588000000000000e-01	   1.1317999999999999e+00	
   1.1688000000000000e-01	   1.1322000000000001e+00	
   1.1788000000000000e-01	   1.1327000000000000e+00	
   1.1887000000000000e-01	   1.1331000000000000e+00	
   1.1987000000000000e-01	   1.1335000000000000e+00	
   1.2087000000000001e-01	   1.1339999999999999e+00	
   1.2186000000000000e-01	   1.1345000000000001e+00	
   1.2286000000000000e-01	   1.1350000000000000e+00	
   1.2386000000000000e-01	   1.1355999999999999e+00	
   1.2486000000000000e-01	   1.1362000000000001e+00	
   1.2584999999999999e-01	   1.1369000000000000e+00	
   1.2684999999999999e-01	   1.1375999999999999e+00	
   1.2784999999999999e-01	   1.1384000000000001e+00	
   1.2884000000000001e-01	   1.1392000000000000e+00	
   1.2984000000000001e-01	   1.1400999999999999e+00	
   1.3084000000000001e-01	   1.1411000000000000e+00	
   1.3184000000000001e-01	   1.1419999999999999e+00	
   1.3283000000000000e-01	   1.1430000000000000e+00	
   1.3383000000000000e-01	   1.1440999999999999e+00	
   1.3483000000000001e-01	   1.1451000000000000e+00	
   1.3582000000000000e-01	   1.1462000000000001e+00	
   1.3682000000000000e-01	   1.1473000000000000e+00	
   1.3782000000000000e-01	   1.1484000000000001e+00	
   1.3882000000000000e-01	   1.1496000000000000e+00	
   1.3980999999999999e-01	   1.1507000000000001e+00	
   1.4080999999999999e-01	   1.1518999999999999e+00	
   1.4180999999999999e-01	   1.1530000000000000e+00	
   1.4280000000000001e-01	   1.1543000000000001e+00	
   1.4380000000000001e-01	   1.1555000000000000e+00	
   1.4480000000000001e-01	   1.1567000000000001e+00	
   1.4580000000000001e-01	   1.1579999999999999e+00	
   1.4679000000000000e-01	   1.1592000000000000e+00	
   1.4779000000000000e-01	   1.1604000000000001e+00	
   1.4879000000000001e-01	   1.1617000000000000e+00	
   1.4978000000000000e-01	   1.1629000000000000e+00	
   1.5078000000000000e-01	   1.1640999999999999e+00	
   1.5178000000000000e-01	   1.1654000000000000e+00	
   1.5278000000000000e-01	   1.1666000000000001e+00	
   1.5376999999999999e-01	   1.1677999999999999e+00	
   1.5476999999999999e-01	   1.1690000000000000e+00	
   1.5576999999999999e-01	   1.1701999999999999e+00	
   1.5676000000000001e-01	   1.1715000000000000e+00	
   1.5776000000000001e-01	   1.1727000000000001e+00	
   1.5876000000000001e-01	   1.1738999999999999e+00	
   1.5976000000000001e-01	   1.1752000000000000e+00	
   1.6075000000000000e-01	   1.1763999999999999e+00	
   1.6175000000000000e-01	   1.1776000000000000e+00	
   1.6275000000000001e-01	   1.1789000000000001e+00	
   1.6375000000000001e-01	   1.1800999999999999e+00	
   1.6474000000000000e-01	   1.1813000000000000e+00	
   1.6574000000000000e-01	   1.1825000000000001e+00	
   1.6674000000000000e-01	   1.1837000000000000e+00	
   1.6772999999999999e-01	   1.1849000000000001e+00	
   1.6872999999999999e-01	   1.1860999999999999e+00	
   1.6972999999999999e-01	   1.1872000000000000e+00	
   1.7072999999999999e-01	   1.1883999999999999e+00	
   1.7172000000000001e-01	   1.1896000000000000e+00	
   1.7272000000000001e-01	   1.1908000000000001e+00	
   1.7372000000000001e-01	   1.1919999999999999e+00	
   1.7471000000000000e-01	   1.1932000000000000e+00	
   1.7571000000000001e-01	   1.1943999999999999e+00	
   1.7671000000000001e-01	   1.1956000000000000e+00	
   1.7771000000000001e-01	   1.1968000000000001e+00	
   1.7870000000000000e-01	   1.1980000000000000e+00	
   1.7970000000000000e-01	   1.1992000000000000e+00	
   1.8070000000000000e-01	   1.2003999999999999e+00	
   1.8168999999999999e-01	   1.2015000000000000e+00	
   1.8268999999999999e-01	   1.2027000000000001e+00	
   1.8368999999999999e-01	   1.2039000000000000e+00	
   1.8468999999999999e-01	   1.2051000000000001e+00	
   1.8568000000000001e-01	   1.2061999999999999e+00	
   1.8668000000000001e-01	   1.2074000000000000e+00	
   1.8768000000000001e-01	   1.2085999999999999e+00	
   1.8867000000000000e-01	   1.2098000000000000e+00	
   1.8967000000000001e-01	   1.2110000000000001e+00	
   1.9067000000000001e-01	   1.2121999999999999e+00	
   1.9167000000000001e-01	   1.2134000000000000e+00	
   1.9266000000000000e-01	   1.2145999999999999e+00	
   1.9366000000000000e-01	   1.2157000000000000e+00	
   1.9466000000000000e-01	   1.2169000000000001e+00	
   1.9564999999999999e-01	   1.2181000000000000e+00	
   1.9664999999999999e-01	   1.2192000000000001e+00	
   1.9764999999999999e-01	   1.2202999999999999e+00	
   1.9864999999999999e-01	   1.2215000000000000e+00	
   1.9964000000000001e-01	   1.2225999999999999e+00	
   2.0064000000000001e-01	   1.2236000000000000e+00	
   2.0164000000000001e-01	   1.2246999999999999e+00	
   2.0263000000000000e-01	   1.2258000000000000e+00	
   2.0363000000000001e-01	   1.2269000000000001e+00	
   2.0463000000000001e-01	   1.2279000000000000e+00	
   2.0563000000000001e-01	   1.2290000000000001e+00	
   2.0662000000000000e-01	   1.2300000000000000e+00	
   2.0762000000000000e-01	   1.2311000000000001e+00	
   2.0862000000000000e-01	   1.2322000000000000e+00	
   2.0960999999999999e-01	   1.2332000000000001e+00	
   2.1060999999999999e-01	   1.2343000000000000e+00	
   2.1160999999999999e-01	   1.2354000000000001e+00	
   2.1260999999999999e-01	   1.2364999999999999e+00	
   2.1360000000000001e-01	   1.2376000000000000e+00	
   2.1460000000000001e-01	   1.2386999999999999e+00	
   2.1560000000000001e-01	   1.2397000000000000e+00	
   2.1659000000000000e-01	   1.2407999999999999e+00	
   2.1759000000000001e-01	   1.2420000000000000e+00	
   2.1859000000000001e-01	   1.2430000000000001e+00	
   2.1959000000000001e-01	   1.2441000000000000e+00	
   2.2058000000000000e-01	   1.2452000000000001e+00	
   2.2158000000000000e-01	   1.2463000000000000e+00	
   2.2258000000000000e-01	   1.2474000000000001e+00	
   2.2356999999999999e-01	   1.2484000000000000e+00	
   2.2456999999999999e-01	   1.2494000000000001e+00	
   2.2556999999999999e-01	   1.2504000000000000e+00	
   2.2656999999999999e-01	   1.2514000000000001e+00	
   2.2756000000000001e-01	   1.2523000000000000e+00	
   2.2856000000000001e-01	   1.2533000000000001e+00	
   2.2955999999999999e-01	   1.2542000000000000e+00	
   2.3055000000000000e-01	   1.2551000000000001e+00	
   2.3155000000000001e-01	   1.2560000000000000e+00	
   2.3255000000000001e-01	   1.2568999999999999e+00	
   2.3355000000000001e-01	   1.2578000000000000e+00	
   2.3454000000000000e-01	   1.2585999999999999e+00	
   2.3554000000000000e-01	   1.2595000000000001e+00	
   2.3654000000000000e-01	   1.2603000000000000e+00	
   2.3752999999999999e-01	   1.2611000000000001e+00	
   2.3852999999999999e-01	   1.2620000000000000e+00	
   2.3952999999999999e-01	   1.2628999999999999e+00	
   2.4052999999999999e-01	   1.2638000000000000e+00	
   2.4152000000000001e-01	   1.2646999999999999e+00	
   2.4252000000000001e-01	   1.2656000000000001e+00	
   2.4351999999999999e-01	   1.2665000000000000e+00	
   2.4451000000000001e-01	   1.2675000000000001e+00	
   2.4551000000000001e-01	   1.2684000000000000e+00	
   2.4651000000000001e-01	   1.2694000000000001e+00	
   2.4751000000000001e-01	   1.2704000000000000e+00	
   2.4850000000000000e-01	   1.2714000000000001e+00	
