20.213670,-0.000000
20.144713,1.669278
19.937575,3.327091
19.594969,4.962217
19.117959,6.563457
18.510568,8.119814
17.776804,9.620660
16.921722,11.055909
15.951429,12.415276
14.871003,13.690766
13.690528,14.871263
12.415037,15.951745
11.055714,16.922072
9.620556,17.777128
8.119661,18.510897
6.563337,19.118380
4.962109,19.595449
3.327045,19.938132
1.669230,20.145414
0.000000,20.214406
-0.000000,21.769018
1.797700,21.694201
3.583055,21.472152
5.343888,21.102745
7.068308,20.589031
8.744352,19.935038
10.360511,19.144792
11.906564,18.224335
13.370868,17.178721
14.743343,16.016091
16.015916,14.743468
17.178510,13.370964
18.224067,11.906639
19.144507,10.360554
19.934734,8.744406
20.588678,7.068295
21.102318,5.343830
21.471617,3.583011
21.693596,1.797585
21.768258,-0.000000
10.338277,17.349836
11.133602,18.684766
10.377275,18.230613
9.979552,17.563507
11.061026,17.747441
10.568566,17.777447
10.697045,17.136011
12.638812,17.701726
10.894043,18.234969
11.520176,18.454551
11.845448,17.315382
11.341895,17.327732
11.596869,17.793090
11.298622,18.098478
10.747073,18.914880
9.552510,19.540134
11.735564,16.437097
11.395811,16.679597
12.490737,16.776808
12.000357,16.846491
12.075378,16.194517
14.057222,16.597600
12.360457,17.275176
13.004973,17.440258
13.234660,16.278240
12.733368,16.333354
12.272716,17.963127
9.635861,18.686028
8.814272,19.054830
13.052971,15.411650
12.734194,15.681732
13.834528,15.688184
13.351132,15.797937
13.371868,15.141578
15.379768,15.379955
13.744579,16.195459
14.400421,16.306872
14.533980,15.129270
14.038912,15.225779
13.714030,16.888265
13.027274,16.774661
10.147747,18.687202
9.956640,19.342510
9.861754,18.223828
9.148401,19.737694
7.906349,20.262268
8.870211,18.144233
9.245457,17.960803
9.109166,18.611429
8.495118,18.327695
9.323873,19.091368
14.280959,14.281171
13.985924,14.576253
15.081547,14.491923
14.609447,14.641335
14.576090,13.986074
16.597363,14.057384
15.035267,15.004884
15.697993,15.061742
15.733367,13.877624
15.248008,14.014585
15.061565,15.698142
14.368767,15.640959
8.072512,19.449919
8.566161,19.481312
8.325542,20.098685
7.215968,19.711722
8.301155,18.987404
7.711906,19.804326
7.487278,20.425737
15.411423,13.053161
15.141389,13.371988
16.227384,13.197054
15.768944,13.384898
15.681544,12.734325
17.701456,12.638953
16.222776,13.712202
16.888094,13.714193
16.825873,12.531079
16.353422,12.707491
16.306676,14.400554
15.610492,14.401426
7.341588,18.814882
7.730651,18.662968
7.558979,19.297383
6.952616,18.966743
7.887684,19.040829
6.206063,20.846126
16.436792,11.735704
16.194292,12.075520
17.261792,11.811969
16.820364,12.037040
16.679392,11.395928
18.684464,11.133744
17.299844,12.325686
17.962912,12.272801
17.802878,11.098453
17.346721,11.313591
17.440023,13.005082
16.746818,13.063068
6.436515,20.042984
6.929194,20.117959
6.637351,20.717656
5.563026,20.241019
6.709977,19.606054
6.051390,20.372137
5.774931,20.974514
17.349493,10.338380
17.135786,10.697173
18.177699,10.345999
17.756593,10.606743
17.563285,9.979643
19.539814,9.552605
18.258341,10.854754
18.914641,10.747149
18.658401,9.590555
18.221536,9.842403
18.454310,11.520314
17.768408,11.635267
5.762800,19.357152
6.163099,19.237799
5.362590,19.476412
4.463399,21.287688
18.143927,8.870317
17.960535,9.245517
18.970069,8.809677
18.571818,9.104247
18.327376,8.495185
20.261913,7.906455
19.092054,9.310047
19.737422,9.148492
19.386653,8.017089
18.972071,8.304160
19.342224,9.956704
18.667915,10.128252
5.935737,19.855959
6.290320,19.630148
4.759546,20.506988
5.244095,20.622113
4.903809,21.195309
3.872421,20.631438
5.067566,20.093654
4.348182,20.802618
4.023186,21.379998
18.814507,7.341701
18.662702,7.730780
19.632902,7.213098
19.260291,7.539522
18.966370,6.952702
20.845710,6.206150
19.795654,7.701730
20.425439,7.487345
19.982585,6.388795
19.593110,6.709117
20.098389,8.325547
19.440617,8.552158
4.144627,19.767036
4.553376,19.681263
3.735937,19.852682
2.690256,21.583401
19.356711,5.762876
19.237494,6.163190
20.161723,5.567206
19.817293,5.923250
19.475962,5.362660
21.287174,4.463445
20.364120,6.040751
20.974147,5.774963
20.442174,4.716899
20.080479,5.068259
20.717264,6.637329
20.080448,6.917513
4.276036,20.278551
4.647629,20.082557
3.050197,20.830411
3.523465,20.985051
3.136806,21.527924
2.156071,20.880525
3.390839,20.443454
2.615796,21.090641
2.243956,21.638951
19.766509,4.144700
19.680865,4.553472
20.552830,3.883040
20.238933,4.266468
19.852100,3.736002
21.582859,2.690267
20.793539,4.338398
21.379512,4.023180
20.761528,3.012328
20.430212,3.392620
21.194839,4.903749
20.583353,5.235728
2.498190,20.042002
2.912589,19.990073
2.083793,20.093732
0.898824,21.731811
20.041390,2.498278
19.989581,2.912657
20.802825,2.172756
20.521958,2.580495
20.093080,2.083865
21.731196,0.898865
21.080666,2.606425
21.638299,2.243880
20.939799,1.288234
20.640880,1.694115
21.527334,3.136763
20.945483,3.517583
2.587531,20.562464
2.973555,20.397431
1.319231,21.010003
1.778290,21.203601
1.348291,21.713209
0.000000,20.778240
0.834574,20.180006
0.504829,20.193455
1.691773,20.653953
1.251872,20.162707
0.622156,21.098516
1.004378,21.312340
0.449340,21.750480
-0.000000,21.273398
0.461117,20.658795
0.965777,20.657478
20.179309,0.834617
20.161988,1.251937
20.990364,0.000000
20.192800,0.504828
21.126295,0.650506
21.317392,1.055251
20.674596,0.861054
21.749782,0.449260
21.272589,0.000000
20.708296,0.000000
20.615205,0.427645
21.164134,1.776585
