28.136966,-0.000000
28.037040,2.323583
27.748704,4.630037
27.271133,6.906828
26.607005,9.135637
25.761818,11.301760
24.740435,13.390511
23.549935,15.387869
22.199256,17.279817
20.695872,19.054793
19.052942,20.697569
17.277048,22.201675
15.385669,23.552284
13.390602,24.741242
11.299921,25.762265
9.134339,26.607999
6.905388,27.271663
4.630377,27.748994
2.323484,28.038773
0.000000,28.138465
-0.000000,29.274698
2.419755,29.173484
4.819432,28.875457
7.187277,28.378853
9.506432,27.688263
11.759826,26.808851
13.934214,25.746206
16.013115,24.507900
17.981830,23.101444
19.827353,21.538167
21.538390,19.826461
23.101470,17.981114
24.507614,16.012265
25.745837,13.933192
26.808493,11.759969
27.688002,9.505939
28.378862,7.186373
28.874761,4.820113
29.174156,2.418130
29.273526,0.000000
14.392572,24.154186
14.976102,25.134010
14.191707,24.930531
13.896628,24.448276
15.148214,24.304426
14.548406,24.473016
14.889219,23.855974
17.000785,23.811373
14.812943,24.793780
15.498423,24.820644
16.197832,23.677617
15.603596,23.837758
15.769506,24.193587
15.333496,24.556681
14.454507,25.444284
12.850007,26.284517
16.337297,22.883149
15.868105,23.217632
17.105177,22.973265
16.517925,23.190470
16.808459,22.546201
18.908791,22.326297
16.806899,23.487912
17.496223,23.457109
18.098183,22.258892
17.516823,22.469081
16.506519,24.164084
13.164410,25.526684
12.050048,26.047085
18.171035,21.454916
17.731373,21.828445
18.943998,21.482392
18.376965,21.746709
18.614361,21.080748
20.687776,20.687990
18.689096,22.020164
19.373244,21.932576
19.874884,20.688539
19.313085,20.945663
18.443996,22.718839
17.712942,22.808724
13.790432,25.396028
13.397325,26.016410
13.563697,25.064440
12.302870,26.550905
10.634949,27.255946
12.348684,25.258706
12.870238,25.005102
12.528521,25.596731
11.831093,25.514342
12.676440,25.955318
19.880612,19.881500
19.473339,20.289709
20.652016,19.844834
20.109336,20.154843
20.290409,19.472233
22.325154,18.909372
20.443540,20.401055
21.118394,20.257859
21.514732,18.977007
20.976354,19.279565
20.257147,21.118528
19.537006,21.267370
11.019579,26.550161
11.636612,26.464733
11.204361,27.032756
9.865704,26.947339
11.415213,26.113499
10.484573,26.920849
10.067937,27.475759
21.454300,18.172149
21.081504,18.613032
22.220622,18.071724
21.705355,18.425475
21.829345,17.729942
23.810372,17.001509
22.058103,18.643541
22.719114,18.444974
23.008679,17.135629
22.496857,17.481246
21.932357,19.373558
21.225309,19.582225
10.220768,26.192982
10.759490,25.980557
10.396407,26.538275
9.683247,26.403886
10.876210,26.254037
8.346843,28.041177
22.881652,16.337795
22.547011,16.808317
23.637126,16.175199
23.152412,16.570091
23.218936,15.867396
25.132671,14.977440
23.522287,16.758563
24.164401,16.506218
24.344791,15.177158
23.863440,15.563844
23.456877,17.496747
22.770103,17.762537
8.788057,27.364107
9.412473,27.332136
8.933380,27.866078
7.605523,27.670414
9.227356,26.964586
8.227733,27.693139
7.764868,28.213181
24.152568,14.392588
23.857564,14.889689
24.891672,14.168396
24.441553,14.601479
24.449761,13.896281
26.283632,12.850478
24.825732,14.758837
25.444670,14.454373
25.514871,13.115328
25.067290,13.540097
24.821368,15.500086
24.159308,15.821500
8.023012,26.947670
8.578025,26.779805
7.469591,27.113547
6.002267,28.635059
25.258868,12.348996
25.005554,12.869191
25.976734,12.064589
25.564131,12.533456
25.513338,11.830008
27.255157,10.636275
25.959493,12.658622
26.551326,12.303687
26.510815,10.963725
26.099740,11.423847
26.016550,13.397211
25.382795,13.772827
8.164466,27.307167
8.672305,27.063985
6.498275,27.997316
7.122651,28.016476
6.601677,28.508820
5.294401,28.204353
6.968467,27.634562
5.912287,28.278046
5.408974,28.758268
26.192463,10.221052
25.982711,10.760418
26.884162,9.878316
26.512039,10.379561
26.403104,9.683099
28.040390,8.349186
26.916242,10.471957
27.476607,10.069008
27.325488,8.737159
26.954097,9.229337
27.033913,11.203154
26.433489,11.629744
5.770132,27.518402
6.336843,27.396836
5.204701,27.637423
3.616286,29.032109
26.947073,8.022453
26.782653,8.578450
27.608619,7.624695
27.278452,8.154332
27.112774,7.469418
28.634103,6.004124
27.688848,8.213359
28.214197,7.765756
27.953493,6.450421
27.624502,6.972084
27.866547,8.932005
27.303653,9.407147
5.881825,27.887954
6.407687,27.687815
4.164329,28.438181
4.784475,28.509327
4.225099,28.957103
2.947326,28.544337
4.663033,28.116006
3.557630,28.669424
3.017021,29.107474
27.517951,5.770167
27.399326,6.337512
28.143652,5.317608
27.859697,5.873191
27.635376,5.205049
29.033113,3.618250
28.272713,5.899264
28.758850,5.409024
28.391562,4.119120
28.105213,4.667779
28.509366,6.600176
27.987603,7.119835
3.478875,27.901724
4.052327,27.826531
2.904803,27.971734
1.209097,29.231382
27.901250,3.479864
27.828903,4.052689
28.485462,2.976162
28.250568,3.552148
27.971107,2.905519
29.233411,1.211003
28.664031,3.545267
29.106299,3.015512
28.633179,1.762498
28.395821,2.331498
28.957049,4.224431
28.479263,4.782780
3.559111,28.279627
4.099222,28.121589
1.801201,28.685244
2.414100,28.806682
1.816260,29.208107
0.000000,28.539643
1.161587,28.093461
0.701935,28.109635
2.326874,28.406295
1.739769,28.067912
0.846262,28.771352
1.365530,28.918923
0.601008,29.256665
0.000000,28.902452
0.640387,28.450265
1.328765,28.438044
28.093159,1.162324
28.066562,1.741013
28.693658,0.000000
28.110357,0.701801
28.793421,0.886836
28.920941,1.434756
28.453530,1.184726
29.256225,0.598646
28.900246,0.000000
28.489823,0.000000
28.419603,0.595368
28.777825,2.414385
