21.166642,-0.000000
21.093511,1.747966
20.876677,3.483748
20.517832,5.196023
20.018349,6.872706
19.382390,8.502381
18.614027,10.073863
17.718551,11.576646
16.702469,13.000034
15.571165,14.335587
14.335087,15.571665
12.999412,16.703129
11.576155,17.719246
10.073769,18.614445
8.501971,19.382674
6.872406,20.018856
5.195720,20.518347
3.483714,20.877267
1.747833,21.094565
0.000000,21.167759
-0.000000,22.657190
1.871396,22.578881
3.729431,22.347835
5.562002,21.963374
7.356757,21.428758
9.101038,20.748133
10.783262,19.925692
12.392279,18.967634
13.916231,17.879252
15.344636,16.669212
16.669056,15.344656
17.879047,13.916225
18.967290,12.392263
19.925393,10.783173
20.747898,9.101116
21.428501,7.356619
21.963046,5.561740
22.347294,3.729335
22.578310,1.870910
22.655968,-0.000000
10.825714,18.168090
11.588120,19.447747
10.832050,19.029418
10.450478,18.391391
11.548620,18.529775
11.044528,18.578351
11.201166,17.943985
13.154768,18.424504
11.360017,19.014896
11.990714,19.207687
12.364262,18.073844
11.851358,18.106052
12.092937,18.554106
11.777905,18.865661
11.185750,19.687267
9.942569,20.338072
12.288784,17.212188
11.933410,17.465769
13.041170,17.515987
12.540562,17.605251
12.644490,16.958178
14.631066,17.275277
12.889141,18.013869
13.536226,18.152047
13.814426,16.991115
13.305155,17.066814
12.773646,18.696614
10.056320,19.501188
9.199969,19.888269
13.668252,16.138187
13.334879,16.420822
14.443985,16.379333
13.952053,16.509332
14.002274,15.855583
16.007598,16.007872
14.332449,16.888001
14.988606,16.972370
15.170626,15.791928
14.669339,15.909539
14.273555,17.577858
13.584251,17.492029
10.580639,19.484717
10.363627,20.132111
10.304196,19.041643
9.521621,20.543689
8.229018,21.089682
9.288414,18.999728
9.681448,18.807761
9.517854,19.446588
8.896180,19.191890
9.722448,19.907572
14.954151,14.954468
14.645596,15.263235
15.745984,15.130464
15.267099,15.300666
15.263217,14.645598
17.274863,14.631344
15.678273,15.646477
16.339142,15.676422
16.422526,14.485475
15.932747,14.643943
15.676160,16.339213
14.983114,16.309850
8.423504,20.295811
8.931010,20.311221
8.666071,20.919054
7.531777,20.574214
8.673368,19.839257
8.041561,20.650485
7.792597,21.259700
16.137920,13.668563
15.855500,14.002180
16.942280,13.778524
16.478809,13.987663
16.420801,13.334875
18.424066,13.155048
16.916568,14.298510
17.577813,14.273866
17.562908,13.079935
17.087806,13.278118
16.972141,14.988716
16.277933,15.017329
7.687673,19.702059
8.094930,19.542788
7.898118,20.163009
7.280874,19.861048
8.245434,19.904183
6.459209,21.697323
17.211658,12.288945
16.958045,12.644618
18.022304,12.332465
17.577573,12.579103
17.465801,11.933452
19.447283,11.588496
18.039697,12.852745
18.696495,12.773665
18.582793,11.584657
18.125779,11.821653
18.151767,13.536331
17.462840,13.621757
6.716606,20.915215
7.224234,20.975356
6.908901,21.563420
5.806458,21.126585
7.010885,20.485733
6.310149,21.242591
6.010349,21.830784
18.167505,10.825772
17.943992,11.201331
18.978686,10.802012
18.556088,11.084474
18.391468,10.450485
20.337670,9.942801
19.039287,11.318977
19.687174,11.185809
19.475886,10.010762
19.040011,10.284449
19.207526,11.991062
18.528180,12.132964
6.034480,20.269869
6.453577,20.144558
5.615848,20.394712
4.645346,22.156880
18.999481,9.288550
18.807664,9.681329
19.806026,9.198020
19.408124,9.514374
19.191596,8.896113
21.089295,8.229420
19.908729,9.708240
20.543585,9.521863
20.236045,8.368377
19.824276,8.677127
20.131859,10.363675
19.466291,10.561596
6.202095,20.746759
6.575438,20.519807
4.966605,21.399369
5.467271,21.500870
5.104592,22.060591
4.041888,21.534114
5.294777,20.995086
4.534173,21.691406
4.187159,22.252782
19.701662,7.687891
19.542904,8.095225
20.498017,7.531105
20.127630,7.879175
19.860708,7.280975
21.696894,6.459654
20.642441,8.031152
21.259664,7.792838
20.858035,6.668765
20.473170,7.010409
20.918939,8.665915
20.272092,8.918095
4.339988,20.699111
4.767877,20.608869
3.912419,20.788729
2.799775,22.464553
20.269395,6.034564
20.144727,6.453740
21.050112,5.812665
20.709662,6.190094
20.394262,5.615925
22.156276,4.645667
21.235135,6.299082
21.830687,6.010529
21.337623,4.923520
20.982401,5.295870
21.563070,6.908729
20.939276,7.213517
4.467939,21.188245
4.858303,20.992705
3.182865,21.736765
3.673258,21.879274
3.265453,22.406947
2.250298,21.794016
3.542891,21.360680
2.727797,21.991717
2.335460,22.522516
20.698515,4.340135
20.608867,4.768130
21.458355,4.054178
21.150338,4.458621
20.787913,3.912547
22.464158,2.799960
21.682824,4.523999
22.252424,4.187210
21.671107,3.144267
21.347752,3.545089
22.060161,5.104331
21.463659,5.459740
2.616053,20.987127
3.049705,20.932253
2.182408,21.040989
0.935559,22.619101
20.986409,2.616352
20.932080,3.049880
21.719131,2.268575
21.446293,2.696654
21.040134,2.182649
22.618597,0.935832
21.982331,2.718046
22.521624,2.335170
21.856829,1.344752
21.567955,1.770290
22.406236,3.265339
21.841159,3.667939
2.703599,21.485124
3.108265,21.321832
1.376481,21.924527
1.853840,22.107213
1.403643,22.600056
0.000000,21.705594
0.873732,21.131697
0.528299,21.145259
1.767612,21.580802
1.310597,21.113154
0.648866,22.012302
1.047282,22.216099
0.467361,22.638518
-0.000000,22.180217
0.482596,21.590990
1.009242,21.588113
21.130768,0.873905
21.112072,1.310852
21.908317,0.000000
21.144561,0.528271
22.038892,0.678672
22.220374,1.100269
21.604609,0.899878
22.637597,0.466961
22.178779,0.000000
21.638624,0.000000
21.549112,0.447768
22.069223,1.852384
