28.434190,-0.000000
28.333205,2.348150
28.041827,4.678948
27.559207,6.979813
26.888061,9.232177
26.033949,11.421178
25.001775,13.531994
23.798694,15.550450
22.433744,17.462383
20.914492,19.256098
19.254206,20.916222
17.459541,22.436218
15.548194,23.801089
13.532093,25.002586
11.419279,26.034407
9.230832,26.889070
6.978318,27.559738
4.679289,28.042115
2.348055,28.334964
0.000000,28.435701
-0.000000,29.560446
2.443413,29.458312
4.866472,29.157380
7.257445,28.655931
9.599252,27.958600
11.874645,27.070601
14.070285,25.997574
16.169493,24.747159
18.157412,23.326974
20.020950,21.748445
21.748687,20.020020
23.327011,18.156674
24.746886,16.168610
25.997203,14.069238
27.070227,11.874805
27.958329,9.598771
28.655942,7.256544
29.156658,4.867214
29.459016,2.441778
29.559309,0.000000
14.544725,24.409496
15.122423,25.379564
14.335919,25.183852
14.043626,24.706627
15.302660,24.552177
14.698460,24.725429
15.046502,24.108163
17.166886,24.043992
14.961465,25.042350
15.649921,25.063030
16.362410,23.918186
15.764338,24.083282
15.927668,24.436179
15.486546,24.801667
14.595642,25.692913
12.975575,26.541300
16.509991,23.125033
16.035951,23.462965
17.279551,23.207417
16.688268,23.429644
16.986043,22.784566
19.093532,22.544417
16.975416,23.723376
17.667239,23.686201
18.282073,22.485045
17.697248,22.700507
16.667696,24.400212
13.297878,25.785452
12.172405,26.311524
18.363108,21.681708
17.918914,22.059090
19.137085,21.701351
18.566480,21.970998
18.811047,21.303640
20.889897,20.890093
18.876492,22.240919
19.562598,22.146771
20.076829,20.898750
19.512021,21.161398
18.624088,22.940873
17.890564,23.037435
13.928559,25.650357
13.528341,26.270514
13.703359,25.322450
12.422964,26.810339
10.738879,27.522223
12.479231,25.525670
13.006209,25.269465
12.657510,25.860178
11.956287,25.784005
12.803513,26.215457
20.090759,20.091659
19.679271,20.504095
20.862526,20.047105
20.316716,20.362723
20.504805,19.678128
22.543254,19.094117
20.648514,20.605569
21.324783,20.455697
21.733331,19.169828
21.192416,19.478145
20.454965,21.324942
19.732916,21.480629
11.131105,26.818799
11.753050,26.729543
11.313968,27.296766
9.965910,27.220963
11.532686,26.382304
10.589663,27.190578
10.166185,27.744215
21.681076,18.364254
21.304423,18.809685
22.447102,18.255930
21.929194,18.615526
22.060010,17.917425
24.042984,17.167615
22.279260,18.830443
22.941142,18.625085
23.242458,17.309744
22.728573,17.661303
22.146554,19.562934
21.438146,19.778596
10.328842,26.469841
10.873113,26.255170
10.503439,26.811384
9.785726,26.682950
10.988796,26.525814
8.428386,28.315130
23.123511,16.510508
22.785411,16.985895
23.878046,16.340073
23.391165,16.741012
23.464299,16.035214
25.378193,15.123788
23.758114,16.926574
24.400530,16.667393
24.592140,15.331387
24.109232,15.724160
23.685972,17.667793
22.998420,17.940665
8.877039,27.641092
9.506653,27.605678
9.020811,28.138238
7.682763,27.951370
9.322315,27.242148
8.310217,27.970619
7.840634,28.488819
24.407861,14.544742
24.109805,15.046990
25.145379,14.312830
24.693604,14.752099
24.708138,14.043277
26.540405,12.976043
25.074625,14.906804
25.693299,14.595509
25.774109,13.248609
25.325483,13.679569
25.063795,15.651635
24.401558,15.980174
8.107856,27.232499
8.668606,27.062846
7.548669,27.400124
6.060893,28.914820
25.525860,12.479551
25.269918,13.005139
26.241496,12.187577
25.827766,12.662754
25.782952,11.955166
27.521424,10.740216
26.219754,12.785534
26.810760,12.423800
26.780178,11.075147
26.368564,11.541519
26.270670,13.528229
25.637315,13.910966
8.248542,27.588198
8.762040,27.344100
6.564077,28.280705
7.193900,28.296862
6.666336,28.787267
5.348175,28.490739
7.040175,27.919013
5.971559,28.561388
5.461733,29.039223
26.469329,10.329119
26.257394,10.874065
27.158171,9.979015
26.785453,10.486652
26.682133,9.785570
28.314328,8.430790
27.186096,10.576950
27.745076,10.167287
27.603122,8.825956
27.231725,9.324405
27.297981,11.312738
26.698540,11.746393
5.831154,27.809266
6.403742,27.686396
5.259838,27.929544
3.651559,29.315749
27.231904,8.107263
27.065788,8.669045
27.890025,7.702437
27.559760,8.238459
27.399329,7.548496
28.913851,6.062799
27.966443,8.295708
28.489861,7.841539
28.237506,6.515983
27.909030,7.043897
28.138758,9.019391
27.577438,9.501516
5.942401,28.174958
6.473993,27.974394
4.206490,28.726026
4.832305,28.794636
4.266565,29.239945
2.977262,28.834171
4.711029,28.405412
3.593320,28.956695
3.046449,29.391845
27.808829,5.831177
27.688973,6.404417
28.430498,5.371814
28.147021,5.933781
27.927442,5.260200
29.316788,3.653608
28.556172,5.958416
29.039829,5.461764
28.680055,4.160968
28.394682,4.715876
28.787864,6.664790
28.268253,7.191251
3.515689,28.196659
4.095066,28.120627
2.935628,28.267365
1.220905,29.516946
28.196188,3.516698
28.123085,4.095434
28.775803,3.006519
28.541937,3.588806
28.266753,2.936355
29.519063,1.222871
28.951429,3.580850
29.390660,3.044884
28.924081,1.780443
28.688288,2.355550
29.239938,4.265857
28.764823,4.830756
3.595772,28.570683
4.141635,28.412653
1.819479,28.975624
2.438213,29.094981
1.834094,29.493448
0.000000,28.832576
1.173897,28.390395
0.709388,28.406733
2.350855,28.698694
1.758038,28.364595
0.854742,29.061773
1.379222,29.207453
0.606774,29.542486
-0.000000,29.191731
0.647131,28.743970
1.342435,28.731392
28.390123,1.174648
28.363241,1.759328
28.985017,0.000000
28.407500,0.709248
29.083702,0.895772
29.209404,1.449154
28.746867,1.196901
29.542063,0.604335
29.189524,0.000000
28.783291,0.000000
28.713684,0.601671
29.066415,2.438573
