22.297307,-0.000000
22.219450,1.841299
21.991028,3.669595
21.612879,5.473411
21.086686,7.239613
20.416806,8.956289
19.607408,10.611629
18.664067,12.194591
17.593711,13.693964
16.402066,15.100786
15.100018,16.402809
13.692936,17.594724
12.193781,18.665115
10.611567,19.607928
8.955634,20.417083
7.239159,21.087293
5.472939,21.613393
3.669645,21.991535
1.841135,22.220656
-0.000000,22.298553
-0.000000,23.717132
1.959301,23.634852
3.904102,23.393107
5.822347,22.990695
7.701068,22.431122
9.526830,21.718683
11.287888,20.857806
12.972100,19.854890
14.567282,18.715527
16.062481,17.448910
17.448804,16.062353
18.715355,14.567139
19.854508,12.971944
20.857497,11.287607
21.718484,9.526884
22.430925,7.700782
22.990483,5.821878
23.392627,3.904023
23.634536,1.958483
23.715739,0.000000
11.404099,19.138889
12.130672,20.358441
11.373363,19.980171
11.009281,19.373620
12.128864,19.460685
11.610416,19.530457
11.799318,18.902639
13.770677,19.287254
11.915207,19.944084
12.552410,20.106641
12.981851,18.976641
12.457169,19.031494
12.684016,19.460811
12.349166,19.780007
11.709341,20.609215
10.408172,21.290458
12.945267,18.131829
12.571385,18.398544
13.696244,18.395643
13.182874,18.507323
13.319800,17.864297
15.316112,18.084227
13.519068,18.894002
14.170401,19.001686
14.504585,17.839725
13.985121,17.938996
13.371564,19.572176
10.556888,20.471585
9.659099,20.880336
14.398394,17.000302
14.047736,17.297778
15.169326,17.201874
14.666606,17.355166
14.750301,16.702835
16.757100,16.757426
15.032932,17.713176
15.690781,17.766783
15.928515,16.580770
15.419055,16.722634
14.941479,18.401092
14.247965,18.346799
11.096509,20.434958
10.849448,21.074544
10.830347,20.014033
9.967097,21.505721
8.614228,22.077263
9.784638,20.014731
10.198707,19.812671
10.003861,20.439590
9.372075,20.217208
10.197361,20.879972
15.752998,15.753420
15.428420,16.078385
16.536760,15.890389
16.049085,16.084611
16.078544,15.428221
18.083651,15.316481
16.444457,16.410949
17.104539,16.410174
17.242916,15.209066
16.747033,15.392360
16.409841,17.104532
15.715200,17.106880
8.841445,21.302890
9.365814,21.300167
9.072576,21.898215
7.907731,21.600853
9.115989,20.852162
8.434344,21.658618
8.157039,22.255149
16.999999,14.398828
16.702907,14.749946
17.793083,14.470534
17.322859,14.704356
17.297962,14.047520
19.286669,13.771078
17.743253,14.997113
18.401182,14.941926
18.440258,13.733292
17.961099,13.956694
17.766548,15.690866
17.073281,15.751226
8.098353,20.754662
8.527125,20.586694
8.301423,21.192285
7.670398,20.922101
8.670619,20.930291
6.761424,22.713313
18.131085,12.945450
17.864318,13.319882
18.927347,12.951880
18.477878,13.223614
18.398856,12.571307
20.357815,12.131262
18.921226,13.480726
19.572184,13.371489
19.511117,12.163401
19.052139,12.425802
19.001400,14.170513
18.316053,14.287464
7.050114,21.953647
7.575865,21.997033
7.233079,22.572882
6.096258,22.180704
7.368708,21.531708
6.618461,22.279683
6.291356,22.852868
19.138058,11.404112
18.902938,11.799516
19.931822,11.344653
19.506592,11.652454
19.374028,11.009184
21.289956,10.408494
19.969702,11.872048
20.609277,11.709341
20.448860,10.510910
20.013166,10.810058
20.106611,12.552976
19.433470,12.725964
6.356869,21.352777
6.798201,21.220455
5.916396,21.484264
4.862564,23.194353
20.014533,9.784788
19.812738,10.198375
20.800728,9.660106
20.402337,10.001946
20.216883,9.371818
22.076807,8.614888
20.881657,10.182617
21.505780,9.967454
21.246992,8.786483
20.837508,9.120573
21.074347,10.849438
20.417498,11.077881
6.518866,21.805956
6.914320,21.577231
5.213173,22.461793
5.733261,22.548028
5.344295,23.093354
4.243640,22.608586
5.564971,22.066952
4.755771,22.750346
4.382862,23.294570
20.754223,8.098623
20.587212,8.527548
21.527428,7.909487
21.158736,8.282958
20.921755,7.670457
22.712850,6.762247
21.651235,8.423597
22.255357,8.157432
21.900023,7.001987
21.519557,7.368630
21.898302,9.072193
21.262692,9.354055
4.571832,21.804968
5.022381,21.709506
4.121890,21.899323
2.930501,23.516283
21.352277,6.356885
21.221147,6.798395
22.107283,6.104747
21.770553,6.507308
21.483811,5.916415
23.193701,4.863198
22.272839,6.606851
22.853050,6.291687
22.403487,5.169464
22.054824,5.566486
22.572606,7.232701
21.962492,7.566176
4.696170,22.269910
5.108707,22.074492
3.340857,22.815810
3.851796,22.944832
3.419043,23.456064
2.362513,22.881343
3.723711,22.451281
2.861234,23.065269
2.444646,23.577096
21.804378,4.571994
21.709995,5.022742
22.535967,4.257828
22.233928,4.687050
21.898322,4.122038
23.516200,2.930944
22.742383,4.745128
23.294424,4.382976
22.753848,3.301316
22.438801,3.726355
23.093044,5.343809
22.512520,5.726631
2.755932,22.108430
3.212383,22.050139
2.299481,22.164857
0.979385,23.678057
22.107766,2.756398
22.050460,3.212610
22.809705,2.382617
22.545283,2.834761
22.163995,2.299845
23.677976,0.979946
23.056686,2.851044
23.576134,2.444152
22.948522,1.412027
22.670410,1.860870
23.455387,3.418877
22.908382,3.847112
2.841663,22.582139
3.268395,22.420522
1.444721,23.013194
1.943873,23.183920
1.469692,23.658457
0.000000,22.808372
0.920281,22.260709
0.556259,22.274494
1.857829,22.682779
1.380285,22.240821
0.680659,23.100276
1.098418,23.293061
0.488823,23.698382
-0.000000,23.260638
0.508119,22.698991
1.060896,22.694400
22.259822,0.920577
22.239619,1.380714
23.001214,0.000000
22.274037,0.556201
23.125880,0.712206
23.296798,1.153968
22.710547,0.945979
23.697507,0.488069
23.258877,0.000000
22.744893,0.000000
22.659278,0.471661
23.147757,1.942708
