20.068982,-0.000000
20.000672,1.657320
19.794987,3.303286
19.454829,4.926692
18.981217,6.516474
18.378158,8.061699
17.649654,9.551827
16.800723,10.976831
15.837400,12.326483
14.764712,13.592854
13.592685,14.764906
12.326332,15.837633
10.976710,16.800989
9.551749,17.649934
8.061617,18.378462
6.516411,18.981573
4.926641,19.455226
3.303261,19.795427
1.657299,20.001173
-0.000000,20.069499
-0.000000,21.634489
1.786537,21.560222
3.560892,21.339550
5.310875,20.972437
7.024653,20.461898
8.690376,19.811945
10.296539,19.026585
11.833072,18.111834
13.288360,17.072710
14.652381,15.917261
15.917111,14.652494
17.072526,13.288445
18.111608,11.833133
19.026329,10.296576
19.811659,8.690405
20.461571,7.024651
20.972062,5.310852
21.339119,3.560872
21.559753,1.786495
21.633965,0.000000
10.264275,17.225538
11.064826,18.569275
10.308351,18.109495
9.908056,17.437745
10.987120,17.628808
10.496386,17.655928
10.620509,17.013282
12.560748,17.592337
10.823461,18.116784
11.448979,18.340554
11.766828,17.200398
11.264644,17.209660
11.521734,17.677780
11.226041,17.982252
10.680688,18.797963
9.493482,19.419336
11.651582,16.319373
11.314201,16.560185
12.407317,16.664740
11.918444,16.731384
11.988982,16.078535
13.970408,16.495048
12.280384,17.163257
12.924597,17.332534
13.146809,16.170185
12.646674,16.222106
12.196919,17.852116
9.572143,18.562438
8.755816,18.928455
12.959570,15.301317
12.643012,15.569487
13.742168,15.583410
13.260019,15.690032
13.276167,15.033151
15.284791,15.284934
13.655550,16.090545
14.311440,16.206164
14.437512,15.028833
13.943331,15.122077
13.629380,16.783912
12.942924,16.665982
10.082180,18.566353
9.895053,19.222976
9.794664,18.099750
9.091920,19.615675
7.857520,20.136997
8.806716,18.014269
9.179257,17.832141
9.047193,18.484714
8.434226,18.196407
9.263499,18.967673
14.178761,14.178931
13.885782,14.471931
14.980852,14.395126
14.509728,14.541333
14.471772,13.885927
16.494866,13.970524
14.937889,14.907692
15.601000,14.968724
15.628937,13.785492
15.144186,13.919137
14.968589,15.601136
14.275733,15.539632
8.019324,19.321666
8.510899,19.355551
8.274010,19.974482
7.168103,19.580931
8.244710,18.858155
7.661968,19.676084
7.441071,20.299477
15.301123,12.959714
15.032974,13.276292
16.119032,13.108906
15.661300,13.293475
15.569300,12.643133
17.592122,12.560839
16.117699,13.623382
16.783747,13.629491
16.714174,12.447884
16.242060,12.620947
16.206002,14.311550
15.509415,14.308127
7.289043,18.680096
7.675338,18.529305
7.507550,19.166040
6.902776,18.830872
7.833415,18.909797
6.167752,20.717245
16.319132,11.651693
16.078325,11.989098
17.146509,11.733056
16.705524,11.954817
16.559971,11.314301
18.569026,11.064902
17.187777,12.245833
17.851913,12.196988
17.684662,11.024744
17.228567,11.236527
17.332337,12.924681
16.638373,12.978430
6.394069,19.910728
6.884504,19.988020
6.596256,20.589597
5.526130,20.106721
6.664344,19.472572
6.012189,20.240204
5.739299,20.844866
17.225263,10.264360
17.013051,10.620605
18.056262,10.276852
17.635321,10.534268
17.437503,9.908134
19.419057,9.493530
18.140029,10.784410
18.797729,10.680739
18.534472,9.526841
18.097384,9.775341
18.340331,11.449057
17.653318,11.559858
5.721551,19.218477
6.118992,19.100036
5.324140,19.336888
4.435860,21.156072
18.013984,8.806789
17.831874,9.179318
18.843316,8.750783
18.444948,9.042018
18.196112,8.434283
20.136682,7.857561
18.968314,9.249700
19.615405,9.091963
19.257882,7.963822
18.842795,8.247572
19.222714,9.895093
18.546959,10.062583
5.895345,19.720785
6.247069,19.495119
4.728167,20.371664
5.210289,20.488928
4.873420,21.064284
3.846735,20.494532
5.033108,19.956862
4.320003,20.667895
3.998363,21.247836
18.679766,7.289108
18.529015,7.675411
19.501731,7.164868
19.128711,7.487982
18.830537,6.902830
20.716886,6.167780
19.667349,7.651804
20.299174,7.441097
19.849872,6.346342
19.459615,6.663401
19.974192,8.274020
19.314635,8.496700
4.114967,19.625407
4.520807,19.540323
3.709147,19.710449
2.673675,21.449959
19.218103,5.721596
19.099711,6.119043
20.027038,5.529981
19.681927,5.882757
19.336506,5.324181
21.155658,4.435870
20.232155,6.001603
20.844517,5.739307
20.306448,4.685571
19.943683,5.033723
20.589251,6.596250
19.950326,6.872655
4.246934,20.140499
4.615670,19.944408
3.030092,20.692955
3.500773,20.849508
3.117332,21.394803
2.141792,20.741965
3.367779,20.304250
2.598825,20.954040
2.230099,21.505139
19.624985,4.115004
19.539947,4.520853
20.415566,3.857089
20.100700,4.237310
19.710005,3.709179
21.449517,2.673673
20.658826,4.310276
21.247426,3.998356
20.623681,2.992325
20.291067,3.369486
21.063890,4.873397
20.449993,5.201783
2.480297,19.898375
2.891770,19.846903
2.068825,19.949782
0.893260,21.597423
19.897910,2.480333
19.846480,2.891801
20.663953,2.158229
20.381781,2.562871
19.949300,2.068855
21.596946,0.893271
20.944099,2.589515
21.504658,2.230069
20.800841,1.279666
20.500310,1.682559
21.394350,3.117313
20.809813,3.494804
2.569931,20.422426
2.953121,20.257103
1.310559,20.871288
1.766843,21.066619
1.339908,21.578888
0.000000,20.637491
0.828636,20.035367
0.501274,20.048804
1.680273,20.513273
1.242958,20.018269
0.618106,20.959924
0.997877,21.175338
0.446607,21.615977
-0.000000,21.135915
0.457858,20.517273
0.959182,20.516206
20.034864,0.828652
20.017760,1.242983
20.851276,0.000000
20.048314,0.501275
20.988053,0.646238
21.180672,1.048436
20.533583,0.855158
21.615473,0.446580
21.135373,0.000000
20.567231,0.000000
20.473570,0.424589
21.027061,1.765102
