22.380686,-0.000000
22.302488,1.848181
22.073210,3.683299
21.693638,5.493866
21.165475,7.266669
20.493092,8.989760
19.680668,10.651284
18.733797,12.240159
17.659439,13.745135
16.463344,15.157212
15.156430,16.464097
13.744083,17.660469
12.239330,18.734860
10.651228,19.681184
8.989089,20.493358
7.266205,21.166075
5.493382,21.694137
3.683356,22.073696
1.848016,22.303687
0.000000,22.381921
-0.000000,23.795531
1.965802,23.712963
3.917022,23.470427
5.841605,23.066688
7.726538,22.505268
9.558329,21.790476
11.325220,20.926755
13.014995,19.920522
14.615448,18.777389
16.115589,17.506588
17.506493,16.115445
18.777228,14.615291
19.920148,13.014827
20.926457,11.324923
21.790291,9.558381
22.505088,7.726242
23.066498,5.841123
23.469965,3.916947
23.712683,1.964963
23.794147,0.000000
11.446752,19.210469
12.170810,20.425805
11.413347,20.050392
11.050490,19.446044
12.171719,19.529431
11.652190,19.600733
11.843427,18.973326
13.816242,19.351072
11.956238,20.012748
12.593965,20.173137
13.027472,19.043322
12.501894,19.099808
12.727701,19.527814
12.391393,19.847587
11.748073,20.677412
10.442617,21.360905
12.993680,18.199639
12.618434,18.467321
13.744627,18.460606
13.230292,18.573907
13.369600,17.931112
15.366793,18.144067
13.565623,18.959042
14.217317,19.064535
14.555566,17.902406
14.035322,18.003382
13.415795,19.636943
10.593867,20.543264
9.693015,20.953611
14.452239,17.063873
14.100308,17.362441
15.222900,17.262621
14.719358,17.417601
14.805462,16.765310
16.812549,16.812872
15.084702,17.774155
15.742729,17.825547
15.984500,16.639036
15.474407,16.782657
14.990891,18.461990
14.297020,18.409967
11.134638,20.505182
10.885389,21.144254
10.869193,20.085813
10.000051,21.576882
8.642727,22.150313
9.821232,20.089571
10.236848,19.886768
10.039743,20.512891
9.407169,20.292808
10.232461,20.951829
15.811910,15.812334
15.486151,16.138491
16.595167,15.946511
16.106815,16.142479
16.138670,15.485931
18.143486,15.367163
16.501084,16.467442
17.161164,16.464451
17.303518,15.262512
16.807152,15.447610
16.464119,17.161147
15.769309,17.165781
8.872322,21.377281
9.397952,21.373254
9.102648,21.970642
7.935503,21.676681
9.148667,20.926934
8.463372,21.733116
8.183999,22.328783
17.063574,14.452677
16.765401,14.805084
17.855924,14.521641
17.385171,14.757259
17.362648,14.100070
19.350487,13.816647
17.804352,15.048740
18.462096,14.991344
18.505069,13.781552
18.025574,14.006788
17.825319,15.742809
17.132066,15.805463
8.128639,20.832275
8.558995,20.663667
8.331198,21.268265
7.699124,21.000337
8.702000,21.006020
6.783782,22.788465
18.198890,12.993861
17.931153,13.369674
18.994195,12.997626
18.544343,13.271191
18.467663,12.618342
20.425177,12.171412
18.986378,13.527134
19.636969,13.415711
19.579693,12.206149
19.120532,12.470403
19.064258,14.217428
18.379114,14.336661
7.074753,22.030354
7.601856,22.072539
7.257062,22.647549
6.117666,22.258562
7.395126,21.608921
6.641247,22.356321
6.312144,22.928472
19.209632,11.446759
18.973657,11.843624
20.002221,11.384729
19.576763,11.694381
19.446485,11.050383
21.360407,10.442943
20.038467,11.912921
20.677496,11.748067
20.520733,10.547853
20.085014,10.848860
20.173126,12.594544
19.500381,12.769789
6.380644,21.432625
6.823613,21.299787
5.938560,21.564601
4.878635,23.271094
20.089389,9.821380
19.886858,10.236499
20.874197,9.694232
20.475734,10.037937
20.292492,9.406897
22.149865,8.643402
20.953563,10.217674
21.576964,10.000414
21.321671,8.817366
20.912314,9.153309
21.144073,10.885373
20.487801,11.116035
6.542253,21.884144
6.939333,21.655272
5.231390,22.540272
5.752922,22.625417
5.362029,23.169745
4.258543,22.687947
5.584919,22.146076
4.772147,22.828599
4.397339,23.371632
20.831845,8.128911
20.664226,8.559425
21.603461,7.937431
21.234857,8.312764
21.000002,7.699178
22.788013,6.784632
21.725793,8.452599
22.329020,8.184402
21.976996,7.026600
21.596812,7.395075
21.970756,9.102249
21.335907,9.386274
4.588930,21.886507
5.041148,21.790662
4.137339,21.981212
2.940172,23.594079
21.432136,6.380653
21.300530,6.823808
22.185368,6.126319
21.848874,6.530724
21.564161,5.938574
23.270453,4.879290
22.349535,6.629596
22.928687,6.312485
22.482224,5.187631
22.134002,5.586463
22.647293,7.256669
22.038118,7.592239
4.713021,22.349757
5.127189,22.154332
3.352530,22.895517
3.864993,23.023581
3.430406,23.533664
2.370804,22.961654
3.737061,22.531788
2.871095,23.144601
2.452723,23.655102
21.885932,4.589092
21.791201,5.041515
22.615562,4.272869
22.313925,4.703912
21.980213,4.137487
23.594034,2.940635
22.820695,4.761470
23.371515,4.397456
22.833832,3.312917
22.519355,3.739737
23.169459,5.361526
22.590042,5.746356
2.766248,22.191107
3.224378,22.132567
2.308116,22.247725
0.982627,23.756385
22.190464,2.766724
22.132939,3.224608
22.890261,2.391040
22.626416,2.844956
22.246880,2.308487
23.756353,0.983208
23.136092,2.860873
23.654152,2.452214
23.029170,1.416996
22.751806,1.867558
23.533007,3.430237
22.987262,3.860355
2.851857,22.663117
3.280215,22.501609
1.449765,23.093609
1.950528,23.263492
1.474578,23.736742
0.000000,22.889785
0.923716,22.343953
0.558325,22.357758
1.864491,22.764124
1.385423,22.323970
0.683007,23.180648
1.102198,23.372656
0.490409,23.776779
0.000000,23.340482
0.510002,22.780769
1.064708,22.776056
22.343088,0.924021
22.322779,1.385864
23.081955,0.000000
22.357336,0.558265
23.206203,0.714683
23.376375,1.157938
22.792199,0.949380
23.775925,0.489630
23.338720,0.000000
22.826569,0.000000
22.741227,0.473424
23.227474,1.949384
