20.438376,0.000000
20.368418,1.687839
20.159008,3.364041
19.812584,5.017361
19.330285,6.636392
18.716162,8.210037
17.974236,9.727533
17.109618,11.178700
16.128517,12.553159
15.036087,13.842811
13.842498,15.036417
12.552816,16.128929
11.178423,17.110064
9.727420,17.974593
8.209808,18.716488
6.636214,19.330743
5.017192,19.813103
3.363984,20.159623
1.687761,20.369277
-0.000000,20.439286
-0.000000,21.978040
1.815046,21.902384
3.617500,21.678208
5.395207,21.305253
7.136173,20.786619
8.828269,20.126358
10.459974,19.328534
12.020835,18.399222
13.499166,17.343535
14.884794,16.169746
16.169563,14.884906
17.343312,13.499249
18.398922,12.020901
19.328235,10.459998
20.126064,8.828342
20.786278,7.136135
21.304825,5.395098
21.677628,3.617434
21.901716,1.814831
21.977084,-0.000000
10.453212,17.542808
11.240537,18.864291
10.484384,18.418771
10.090594,17.758752
11.175873,17.931735
10.680712,17.966185
10.815914,17.326555
12.760198,17.871783
11.003749,18.418611
11.630878,18.631758
11.967633,17.494027
11.461926,17.511131
11.713656,17.972273
11.411445,18.279093
10.850285,19.096618
9.644281,19.727892
11.866004,16.619882
11.522566,16.864997
12.620378,16.950923
12.127633,17.025286
12.209566,16.374602
14.192219,16.757038
12.484922,17.449098
13.129956,17.607727
13.371195,16.446137
12.868076,16.506171
12.390570,18.135703
9.734881,18.878027
8.905109,19.251143
13.198041,15.582972
12.875820,15.856020
13.978067,15.850977
13.492707,15.965561
13.520509,15.309944
15.527463,15.527685
13.882972,16.358508
14.538791,16.463444
14.683908,15.285335
14.187434,15.386880
13.845662,17.050503
13.158393,16.943556
10.249658,18.874981
10.052393,19.528306
9.965995,18.416540
9.236213,19.927347
7.982262,20.456964
8.968823,18.345990
9.348268,18.160544
9.205454,18.808229
8.589688,18.531505
9.417710,19.283557
14.439686,14.439935
14.141461,14.738248
15.238035,14.642324
14.764390,14.796687
14.738108,14.141589
16.756745,14.192422
15.186639,15.155936
15.848822,15.206358
15.895664,14.020783
15.409328,14.162866
15.206149,15.848962
14.513389,15.798436
8.155168,19.649152
8.652053,19.676714
8.405658,20.291723
7.290345,19.914881
8.388851,19.188136
7.789518,20.003567
7.559113,20.621970
15.582724,13.198271
15.309767,13.520590
16.395762,13.334013
15.936194,13.526922
15.855860,12.875933
17.871458,12.760384
16.386107,13.850238
17.050352,13.845872
16.999453,12.660347
16.526444,12.841937
16.463227,14.538928
15.767614,14.546427
7.423194,19.024112
7.816551,18.870460
7.638881,19.501362
7.030017,19.177655
7.971990,19.244307
6.265620,21.046418
16.619508,11.866159
16.374383,12.209717
17.440924,11.934572
16.998777,12.164764
16.864836,11.522677
18.863938,11.240749
17.474027,12.449779
18.135498,12.390652
17.986569,11.212971
17.530280,11.433301
17.607467,13.130072
16.915382,13.194603
6.502475,20.248423
6.998650,20.319836
6.701238,20.916673
5.620357,20.449615
6.780874,19.813346
6.112311,20.577100
5.830320,21.175999
17.542395,10.453313
17.326372,10.816062
18.366377,10.453420
17.944982,10.719316
17.758591,10.090675
19.727543,9.644424
18.442211,10.964060
19.096404,10.850371
18.850952,9.689535
18.414394,9.946565
18.631522,11.631078
17.947282,11.752449
5.826861,19.572408
6.231597,19.451645
5.422305,19.692983
4.506207,21.492219
18.345690,8.968949
18.160308,9.348296
19.166992,8.901162
18.768891,9.200896
18.531185,8.589736
20.456592,7.982452
19.284347,9.403810
19.927107,9.236354
19.586721,8.099838
19.172882,8.392049
19.528016,10.052466
18.855891,10.230289
5.998491,20.065872
6.357508,19.839824
4.808306,20.717176
5.296633,20.829020
4.951047,21.398921
3.912332,20.844069
5.121098,20.306073
4.391973,21.011901
4.061770,21.585373
19.023720,7.423347
18.870276,7.816736
19.836692,7.288015
19.464676,7.619565
19.177278,7.030123
21.045982,6.265797
19.995038,7.779300
20.621726,7.559231
20.188786,6.454744
19.800479,6.780118
20.291460,8.405636
19.636393,8.638326
4.190689,19.986862
4.603956,19.900028
3.777546,20.073444
2.716027,21.790753
19.571936,5.826955
19.451435,6.231721
20.370984,5.625030
20.027569,5.986137
19.692510,5.422392
21.491647,4.506315
20.569200,6.101580
21.175677,5.830390
20.653072,4.765567
20.292989,5.121897
20.916272,6.701186
20.282660,6.987212
4.321247,20.492921
4.697274,20.297064
3.081439,21.043897
3.558728,21.195607
3.167074,21.734779
2.178260,21.095711
3.426663,20.659603
2.642167,21.302826
2.265490,21.846874
19.986278,4.190795
19.899691,4.604105
20.766115,3.923355
20.453681,4.311752
20.072762,3.777639
21.790188,2.716069
21.002906,4.382099
21.584878,4.061773
20.975740,3.043405
20.646389,3.428551
21.398428,4.950937
20.790611,5.288474
2.525979,20.264914
2.944921,20.212284
2.107041,20.317145
0.907470,21.940621
20.264216,2.526130
20.211813,2.945028
21.018630,2.195326
20.739742,2.607868
20.316376,2.107165
21.939951,0.907562
21.292935,2.632705
21.846099,2.265355
21.155752,1.301546
20.859290,1.712065
21.734104,3.167007
21.156346,3.552982
2.614874,20.779900
3.005298,20.615305
1.332708,21.225427
1.796077,21.416376
1.361318,21.921915
0.000000,20.996776
0.843800,20.404478
0.510355,20.417947
1.709639,20.872380
1.265717,20.386874
0.628447,21.313754
1.014478,21.525148
0.453585,21.959465
-0.000000,21.486941
0.466180,20.878511
0.976020,20.876814
20.403644,0.843879
20.385989,1.265835
21.206526,0.000000
20.417201,0.510348
21.341160,0.657140
21.529928,1.065844
20.893697,0.870207
21.958631,0.453426
21.485890,0.000000
20.927475,0.000000
20.835253,0.432389
21.377198,1.794430
