28.935650,0.000000
28.832886,2.389602
28.536377,4.761473
28.045242,7.102955
27.362257,9.395059
26.493086,11.622657
25.442706,13.770701
24.218398,15.824755
22.829371,17.770405
21.283345,19.595734
19.593777,21.285127
17.767442,22.831933
15.822408,24.220863
13.770817,25.443519
11.620658,26.493560
9.393636,27.363285
7.101366,28.045773
4.761812,28.536663
2.389516,28.834686
0.000000,28.937177
-0.000000,30.043042
2.483367,29.939360
4.945913,29.633521
7.375948,29.123890
9.756014,28.415175
12.068561,27.512670
14.300096,26.422111
16.433601,25.151243
18.453952,23.707872
20.347918,22.103583
22.103859,20.346921
23.707927,18.453180
25.150995,16.432663
26.421738,14.299007
27.512272,12.068753
28.414885,9.755556
29.123905,7.375058
29.632757,4.946760
29.940119,2.481719
30.041972,0.000000
14.801436,24.840245
15.369547,25.794277
14.579357,25.611472
14.291638,25.142510
15.563362,24.970375
14.951711,25.151429
15.311862,24.533652
17.447418,24.436861
15.212219,25.462021
15.905789,25.472395
16.640227,24.324281
16.035635,24.497665
16.194702,24.845756
15.744961,25.215312
14.834003,26.112825
13.187649,26.974979
16.801360,23.533133
16.319136,23.876882
17.573893,23.602663
16.975761,23.833299
17.285654,23.186730
19.405544,22.912800
17.259931,24.120917
17.956068,24.073113
18.592489,22.866807
18.001765,23.091099
16.939905,24.799009
13.523186,26.222281
12.378952,26.757918
18.687170,22.064346
18.235330,22.448226
19.463014,22.070948
18.886333,22.349535
19.142886,21.679700
21.231261,21.231423
19.192881,22.613628
19.882398,22.508523
20.417726,21.253598
19.847778,21.525504
18.928245,23.315868
18.190454,23.423578
14.161772,26.079759
13.749615,26.699669
13.939080,25.757911
12.625790,27.248500
10.914412,27.971936
12.699490,25.976082
13.235610,25.715492
12.875217,26.304813
12.167510,26.238970
13.018057,26.654659
20.445316,20.446233
20.026716,20.865800
21.217868,20.388533
20.666718,20.713564
20.866523,20.025512
22.911604,19.406132
20.994579,20.950857
21.673353,20.789823
22.102339,19.495323
21.557081,19.813301
20.789057,21.673556
20.063683,21.840683
11.319378,27.272296
11.949644,27.176648
11.499082,27.742652
10.135066,27.682861
11.730955,26.835985
10.767090,27.645971
10.332115,28.197612
22.063691,18.688369
21.680526,19.141472
22.829399,18.566867
22.306975,18.936280
22.449178,18.233743
24.435844,17.448152
22.652649,19.145995
23.316125,18.929272
23.637091,17.603660
23.119658,17.965197
22.508312,19.882772
21.797491,20.110139
10.511186,26.936950
11.064811,26.718492
10.684084,27.272326
9.958627,27.153775
11.178799,26.984475
8.566109,28.777807
23.531573,16.801905
23.187635,17.285497
24.284718,16.618376
23.794116,17.029481
23.878264,16.318353
25.792858,15.370956
24.156269,17.210234
24.799327,16.939599
25.009681,15.591735
24.524072,15.994736
24.072889,17.956674
23.383901,18.241408
9.027254,28.108678
9.665668,28.067523
9.168471,28.597886
7.813148,28.425646
9.482587,27.710609
8.449480,28.439098
7.968594,28.954346
24.838587,14.801453
24.535379,15.312381
25.573637,14.556632
25.118999,15.006306
25.144061,14.291288
26.974072,13.188110
25.494840,15.156624
26.113209,14.833871
26.211719,13.473596
25.761253,13.914966
25.473230,15.907588
24.810561,16.248071
8.251006,27.713053
8.821427,27.540387
7.682088,27.883626
6.159909,29.387308
25.976326,12.699823
25.715949,13.234504
26.688412,12.395177
26.272712,12.880973
26.237836,12.166330
27.971125,10.915762
26.659165,12.999806
27.248918,12.626657
27.234879,11.263234
26.822278,11.740122
26.699853,13.749506
26.067035,14.144191
8.390445,28.062510
8.913478,27.816834
6.675161,28.759100
7.314200,28.770265
6.775538,29.257534
5.438950,28.974180
7.161203,28.399104
6.071630,29.039766
5.550837,29.513729
26.936453,10.511450
26.720834,11.065803
27.620698,10.148992
27.246903,10.667393
27.152903,9.958456
28.776983,8.568613
27.641701,10.754214
28.198494,10.333268
28.071787,8.975849
27.700297,9.484859
27.743966,11.497814
27.146042,11.943338
5.934114,28.300003
6.516607,28.174938
5.352864,28.422399
3.711132,29.794792
27.712466,8.250354
27.543488,8.821890
28.365037,7.833664
28.034532,8.380443
27.882796,7.681915
29.386321,6.161896
28.435118,8.434741
28.955431,7.969526
28.716938,6.626658
28.389247,7.165102
28.598496,9.166978
28.039685,9.660843
6.044639,28.659352
6.585891,28.458039
4.277663,29.211946
4.913063,29.276350
4.336600,29.717632
3.027796,29.323435
4.792038,28.893863
3.653575,29.441709
3.096149,29.872118
28.299594,5.934114
28.177660,6.517290
28.914692,5.463311
28.631944,6.036044
28.420210,5.353249
29.795887,3.713326
29.034748,6.058284
29.514374,5.550834
29.167048,4.231610
28.883239,4.797054
29.258221,6.773918
28.742091,7.311826
3.577802,28.694265
4.167169,28.616821
2.987634,28.766145
1.240846,29.999236
28.693801,3.578842
28.619424,4.167547
29.265900,3.057760
29.033685,3.650678
28.765563,2.988379
30.001500,1.242911
29.436653,3.640926
29.870920,3.094487
29.415140,1.810737
29.181901,2.396147
29.717710,4.335821
29.246949,4.911758
3.657648,29.061917
4.213212,28.903869
1.850339,29.465823
2.478926,29.581744
1.864216,29.975354
0.000000,29.327002
1.194670,28.891371
0.721967,28.907994
2.391334,29.192194
1.788855,28.865153
0.869057,29.552058
1.402338,29.694620
0.616512,30.025210
0.000000,29.680151
0.658511,29.239657
1.365505,29.226478
28.891151,1.195441
28.863797,1.790221
29.476860,0.000000
28.908836,0.721817
29.573759,0.910857
29.696462,1.473463
29.241943,1.217446
30.024817,0.613945
29.677948,0.000000
29.278594,0.000000
29.209992,0.612306
29.553660,2.479414
