23.645671,-0.000000
23.562431,1.952610
23.320163,3.891267
22.919014,5.804274
22.360963,7.677254
21.650616,9.497696
20.792280,11.253078
19.791871,12.931690
18.656798,14.521693
17.393186,16.013515
16.012451,17.394197
14.520213,18.658195
12.930517,19.793294
11.253049,20.792905
9.496762,21.650919
7.676619,22.361685
5.803600,22.919532
3.891423,23.320587
1.952443,23.563772
-0.000000,23.646997
-0.000000,24.989098
2.064745,24.902251
4.113673,24.647660
6.134771,24.223700
8.114270,23.634158
10.037854,22.883520
11.893508,21.976493
13.667998,20.919731
15.348672,19.719218
16.924041,18.384705
18.384664,16.923736
19.719088,15.348377
20.919335,13.667677
21.976169,11.893016
22.883320,10.037887
23.633984,8.113853
24.223580,6.134108
24.647197,4.113681
24.902229,2.063623
24.987640,-0.000000
12.093957,20.296727
12.781822,21.451370
12.021081,21.117828
11.675796,20.545110
12.822996,20.574284
12.286739,20.668311
12.512699,20.046058
14.509865,20.322649
12.580210,21.057047
13.226556,21.185482
13.720887,20.056949
13.181314,20.137689
13.392045,20.546885
13.033682,20.875609
12.337661,21.715693
10.966966,22.433407
13.728288,19.228683
13.332370,19.511053
14.479924,19.447997
13.950567,19.585421
14.125227,18.945067
16.138283,19.055065
14.273593,19.948243
14.931510,20.021349
15.330443,18.855237
14.797928,18.981579
14.089091,20.623000
11.155980,21.632979
10.208531,22.067549
15.269275,18.028604
14.898043,18.343719
16.037075,18.185916
15.520670,18.366095
15.642430,17.713415
17.656626,17.656977
15.871982,18.701584
16.533509,18.720172
16.835429,17.524748
16.315248,17.694572
15.743067,19.389149
15.043039,19.370699
11.714544,21.573278
11.432514,22.205542
11.459334,21.176368
10.501692,22.660291
9.076587,23.262460
10.376506,21.225320
10.815560,21.011274
10.584851,21.626544
9.939705,21.440090
10.766245,22.044705
16.705822,16.706372
16.362149,17.050609
17.482797,16.799500
16.983720,17.021574
17.050950,16.361717
19.054322,16.138735
17.362203,17.326638
18.023128,17.290762
18.224621,16.074952
17.720400,16.286996
17.290347,18.023080
16.592169,18.061613
9.341743,22.508297
9.886752,22.484990
9.560450,23.073303
8.357643,22.829416
9.645104,22.062976
8.904831,22.866195
8.594394,23.449853
18.028239,15.269864
17.713667,15.641793
18.810925,15.298413
18.331671,15.560944
18.344121,14.897551
20.321921,14.510384
18.733467,15.833917
19.389350,15.743661
19.490122,14.515146
19.004995,14.767852
18.719937,16.533601
18.026028,16.630342
8.588226,22.010107
9.042556,21.831809
8.783546,22.422647
8.135024,22.187611
9.178595,22.156303
7.124173,23.932629
19.227719,13.728523
18.945280,14.125250
20.010068,13.692903
19.553919,13.993943
19.511664,13.332141
21.450560,12.782631
19.977126,14.232937
20.623133,14.088926
20.621953,12.855960
20.159456,13.147995
20.021071,14.931672
19.338110,15.084898
7.449325,23.196571
7.997173,23.221035
7.622172,23.784314
6.443070,23.442168
7.796447,22.782032
6.987766,23.521959
6.628590,24.079545
20.295641,12.093950
20.046696,12.512947
21.072049,11.993818
20.642600,12.331299
20.545860,11.675602
22.432788,10.967363
21.084130,12.534521
21.715898,12.337602
21.613099,11.109405
21.176389,11.438353
21.185618,13.227383
20.517897,13.436302
6.741425,22.644371
7.209176,22.503753
6.274907,22.783797
5.123306,24.439470
21.225176,10.376685
21.011492,10.815012
21.990661,10.212892
21.590567,10.584679
21.439670,9.939234
23.261910,9.077489
22.046988,10.750822
22.660499,10.502169
22.456678,9.286808
22.048627,9.650648
22.205418,11.432450
21.556894,11.696305
6.897556,23.072069
7.319205,22.840717
5.508340,23.733442
6.051967,23.802589
5.632014,24.332762
4.485089,23.894412
5.887960,23.348254
5.021195,24.018814
4.617713,24.544902
22.009617,8.588531
21.832758,9.043110
22.758896,8.362132
22.391058,8.765558
22.187210,8.135029
23.932097,7.125407
22.859525,8.893663
23.450283,8.594954
23.146858,7.400731
22.770324,7.796836
23.073626,9.559818
22.449257,9.876265
4.848396,23.123929
5.325896,23.022330
4.371792,23.223962
3.087408,24.778535
22.643831,6.741333
22.505008,7.209411
23.371985,6.454175
23.038472,6.886431
22.783299,6.274856
24.438746,5.124277
23.515773,6.975505
24.079990,6.629082
23.678919,5.463792
23.336709,5.889965
23.784154,7.621548
23.188141,7.988616
4.969019,23.562895
5.407879,23.367107
3.529999,24.107373
4.065729,24.221433
3.603429,24.715079
2.496851,24.182577
3.939867,23.754958
3.021061,24.351247
2.575658,24.842735
23.123350,4.848552
23.023347,5.326359
23.825122,4.501465
23.528989,4.960068
23.222728,4.371967
24.778783,3.088181
24.011528,5.009996
24.544971,4.617867
24.049468,3.489251
23.742954,3.943020
24.332616,5.631269
23.768897,6.046329
2.922790,23.445811
3.406366,23.383524
2.439168,23.505340
1.031969,24.948923
23.445214,2.923413
23.384390,3.406631
24.114443,2.519064
23.858713,2.999846
23.504511,2.439641
24.949377,1.032866
24.343540,3.010355
24.841716,2.574937
24.254897,1.492538
23.988194,1.969158
24.714487,3.603191
24.186752,4.061770
3.006741,23.893437
3.459728,23.733329
1.526492,24.316211
2.051743,24.473876
1.548965,24.928598
0.000000,24.126887
0.975886,23.607239
0.589732,23.621407
1.965712,24.000023
1.463371,23.585883
0.718705,24.402712
1.159695,24.583470
0.514532,24.970361
0.000000,24.554981
0.538602,24.023077
1.122601,24.016581
23.606471,0.976311
23.584615,1.463987
24.309161,0.000000
23.621266,0.589651
24.427327,0.752336
24.586707,1.218351
24.032459,1.001015
24.969593,0.513381
24.553000,0.000000
24.067183,0.000000
23.985775,0.500186
24.439708,2.050915
