21.269288,-0.000000
21.195718,1.756439
20.977834,3.500619
20.617236,5.221203
20.115329,6.906012
19.476291,8.543584
18.704203,10.122677
17.804380,11.632737
16.783369,13.063022
15.646588,14.405044
14.404521,15.647108
13.062363,16.784061
11.632218,17.805106
10.122587,18.704626
8.543152,19.476568
6.905697,20.115840
5.220884,20.617746
3.500591,20.978411
1.756301,21.196784
-0.000000,21.270416
-0.000000,22.753137
1.879355,22.674461
3.745244,22.442446
5.585569,22.056360
7.387924,21.519487
9.139580,20.835982
10.828941,20.010063
12.444763,19.047946
13.975162,17.954948
15.409613,16.739786
16.739636,15.409618
17.954748,13.975142
19.047600,12.444734
20.009767,10.828833
20.835758,9.139656
21.519242,7.387771
22.056051,5.585286
22.441918,3.745147
22.673917,1.878835
22.751898,0.000000
10.878217,18.256215
11.637231,19.530181
10.881116,19.115594
10.501204,18.480553
11.601221,18.614163
11.095849,18.664699
11.255465,18.031006
13.210520,18.502598
11.410317,19.099079
12.041557,19.289059
12.420240,18.155672
11.906296,18.189974
12.146487,18.636250
11.829652,18.948485
11.233147,19.770719
9.984715,20.424281
12.348376,17.295668
11.991320,17.550442
13.100553,17.595726
12.598813,17.687059
12.705793,17.040429
14.693075,17.348501
12.946212,18.093606
13.593630,18.228954
13.876982,17.068029
13.366817,17.145905
12.827771,18.775866
10.101688,19.589136
9.241583,19.978185
13.734530,16.216442
13.399586,16.500427
14.509737,16.453894
14.016854,16.586038
14.070178,15.932489
16.075441,16.075720
14.395912,16.962758
15.052166,17.044278
15.239321,15.863425
14.737326,15.983271
14.334015,17.652373
13.644380,17.569466
10.627373,19.570802
10.407603,20.217420
10.351908,19.129822
9.561947,20.630769
8.263885,21.179076
9.333459,19.091864
9.728406,18.898979
9.561925,19.536636
8.939379,19.284962
9.765474,19.995669
15.026667,15.026990
14.716656,15.337230
15.817668,15.199350
15.338016,15.371759
15.337231,14.716638
17.348074,14.693361
15.747689,15.715736
16.408425,15.742839
16.496886,14.551059
16.006590,14.711810
15.742572,16.408485
15.049438,16.382057
8.461380,20.387079
8.970398,20.400807
8.702867,21.007686
7.565852,20.667264
8.713506,19.931108
8.077146,20.741817
7.825587,21.349803
16.216176,13.734850
15.932423,14.070058
17.019405,13.841253
16.555356,14.052658
16.500428,13.399562
18.502148,13.210811
16.991465,14.361801
17.652344,14.334338
17.642431,13.139153
17.167000,13.339652
17.044050,15.052270
16.349988,15.083816
7.724952,19.797608
8.134165,19.637546
7.934690,20.256345
7.316232,19.957364
8.284001,19.997251
6.486563,21.789287
17.295120,12.348537
17.040313,12.705915
18.104348,12.388614
17.659222,12.637552
17.550503,11.991351
19.529706,11.637628
18.119563,12.909638
18.775762,12.827780
18.666938,11.637113
18.209787,11.876438
18.228676,13.593734
17.540139,13.682066
6.746831,21.009325
7.256087,21.067908
6.938243,21.654795
5.832725,21.222125
7.043333,20.580583
6.338081,21.336546
6.035786,21.923298
18.255610,10.878269
18.031043,11.255632
19.065091,10.851203
18.642292,11.135983
18.480666,10.501199
20.423874,9.984957
19.123584,11.369084
19.770645,11.233201
19.564080,10.056095
19.128264,10.332113
19.288912,12.041925
18.610198,12.186687
6.063744,20.368168
6.484863,20.242218
5.643129,20.493614
4.665007,22.250788
19.091627,9.333596
18.898903,9.728265
19.896201,9.239908
19.498293,9.558592
19.284673,8.939295
21.178688,8.264313
19.996880,9.751218
20.630687,9.562200
20.327681,8.406274
19.916164,8.717340
20.217176,10.407645
19.552471,10.608371
6.230820,20.842808
6.606176,20.615713
4.988950,21.495652
5.491366,21.595730
5.126288,22.154074
4.060173,21.631498
5.319279,21.092283
4.554249,21.787339
4.204875,22.347080
19.797212,7.725175
19.637706,8.134472
20.591338,7.565406
20.221145,7.915794
19.957031,7.316329
21.788861,6.487044
20.733841,8.066707
21.349798,7.825842
20.952485,6.698968
20.568065,7.042894
21.007595,8.702690
20.361842,8.957592
4.361032,20.799493
4.790981,20.708774
3.931431,20.889540
2.811608,22.559751
20.367698,6.063823
20.242443,6.485029
21.145948,5.839142
20.805878,6.218863
20.493170,5.643201
22.250185,4.665357
21.329154,6.326966
21.923234,6.035981
21.434235,4.945811
21.079656,5.320411
21.654456,6.938053
21.031980,7.245467
4.488635,21.286331
4.881016,21.090820
3.197182,21.834555
3.689431,21.975800
3.279354,22.501912
2.260466,21.892565
3.559288,21.459577
2.739886,22.088975
2.345345,22.617973
20.798903,4.361182
20.708824,4.791245
21.556043,4.072639
21.248611,4.479338
20.888713,3.931561
22.559391,2.811815
21.778822,4.544033
22.346747,4.204932
21.769248,3.158502
21.446696,3.561528
22.153660,5.126006
21.558686,5.483920
2.628750,21.088912
3.064474,21.033725
2.193034,21.143005
0.939527,22.714956
21.088203,2.629066
21.033603,3.064655
21.817991,2.278912
21.545964,2.709178
21.142152,2.193288
22.714492,0.939825
22.079669,2.730095
22.617078,2.345035
21.955780,1.350849
21.667932,1.778504
22.501207,3.279235
21.937849,3.684170
2.716117,21.584604
3.122789,21.421481
1.382663,22.023192
1.861996,22.204750
1.409622,22.695863
0.000000,21.805587
0.877954,21.234185
0.530833,21.247763
1.775792,21.680731
1.316924,21.215514
0.651748,22.110896
1.051914,22.313655
0.469306,22.734455
-0.000000,22.278094
0.484912,21.691479
1.013928,21.688441
21.233259,0.878139
21.214422,1.317196
22.007373,0.000000
21.247088,0.530801
22.137393,0.681711
22.317878,1.105131
21.704903,0.904061
22.733539,0.468872
22.276624,0.000000
21.738950,0.000000
21.649806,0.449936
22.166935,1.860566
