28.516591,-0.000000
28.415313,2.354961
28.123091,4.692508
27.639072,7.000047
26.965981,9.258941
26.109394,11.454284
25.074229,13.571218
23.867659,15.595523
22.498753,17.512996
20.975101,19.311906
19.310004,20.976839
17.510134,22.501240
15.593252,23.870064
13.571320,25.075038
11.452369,26.109852
9.257584,26.966990
6.998537,27.639601
4.692849,28.123376
2.354868,28.417076
0.000000,28.518102
-0.000000,29.639701
2.449975,29.537313
4.879519,29.235575
7.276907,28.732782
9.624998,28.033582
11.906492,27.143200
14.108028,26.067295
16.212868,24.813521
18.206113,23.389528
20.074649,21.806768
21.807017,20.073706
23.389570,18.205369
24.813254,16.211975
26.066926,14.106973
27.142825,11.906657
28.033310,9.624519
28.732797,7.276008
29.234850,4.880278
29.538029,2.448337
29.638579,-0.000000
14.586907,24.480275
15.163009,25.447671
14.375910,25.254097
14.084379,24.778249
15.345487,24.620877
14.740067,24.795416
15.090106,24.178077
17.212958,24.108512
15.002654,25.111284
15.691942,25.130260
16.408048,23.984895
15.808909,24.151359
15.971531,24.503454
15.528992,24.869608
14.634789,25.761874
13.010404,26.612522
16.557869,23.192090
16.082483,23.530978
17.327905,23.272346
16.735500,23.495959
17.035275,22.850647
19.144774,22.604916
17.022151,23.788674
17.714674,23.749743
18.333066,22.547758
17.747277,22.764675
16.712402,24.465705
13.334890,25.857208
12.206335,26.384852
18.416357,21.744581
17.970907,22.123031
19.190628,21.762066
18.619029,22.033187
18.865575,21.365432
20.945960,20.946149
18.928462,22.302139
19.615120,22.206181
20.132830,20.957041
19.567182,21.221215
18.674040,23.002457
17.939823,23.100861
13.966866,25.720889
13.564681,26.340993
13.742085,25.393990
12.456275,26.882297
10.767707,27.596078
12.515424,25.599679
13.043904,25.342753
12.693277,25.933225
11.990995,25.858763
12.838754,26.287598
20.149019,20.149921
19.736363,20.563529
20.920901,20.103193
20.374218,20.420362
20.564243,19.735209
22.603749,19.145358
20.705359,20.662284
21.382029,20.510570
21.793950,19.223298
21.252327,19.533207
20.509833,21.382194
19.787248,21.539770
11.162032,26.893293
11.785341,26.802981
11.344370,27.369993
9.993698,27.296839
11.565259,26.456836
10.618807,27.265379
10.193436,27.818675
21.743947,18.417511
21.366224,18.864203
22.509905,18.307009
21.991260,18.668222
22.123958,17.969401
24.107504,17.213687
22.340593,18.882274
23.002726,18.675042
23.307286,17.358026
22.792825,17.711229
22.205967,19.615461
21.497172,19.833054
10.358804,26.546594
10.904613,26.331300
10.533117,26.887109
9.814137,26.760313
11.020013,26.601168
8.451004,28.391114
23.190563,16.558389
22.851504,17.035125
23.944853,16.385791
23.457367,16.788404
23.532322,16.081738
25.446295,15.164380
23.823515,16.973167
24.466025,16.712098
24.660732,15.374155
24.177386,15.768612
23.749516,17.715236
23.061739,17.990064
8.901715,27.717901
9.532772,27.681537
9.045061,28.213725
7.704181,28.029279
9.348646,27.319108
8.333093,28.047569
7.861649,28.565271
24.478637,14.586923
24.179735,15.090598
25.215733,14.352881
24.763493,14.793862
24.779769,14.084029
26.611628,13.010871
25.143650,14.947839
25.762262,14.634655
25.845998,13.285568
25.397076,13.718242
25.131038,15.693670
24.468741,16.024178
8.131377,27.311461
8.693718,27.141313
7.570592,27.479570
6.077154,28.992415
25.599881,12.515745
25.343210,13.042828
26.314915,12.221681
25.900867,12.698605
25.857699,11.989864
27.595280,10.769045
26.291932,12.820730
26.882720,12.457116
26.854874,11.106044
26.443105,11.574146
26.341156,13.564569
25.707901,13.949275
8.271855,27.666120
8.786920,27.421765
6.582324,28.359289
7.213660,28.374620
6.684270,28.864498
5.363087,28.570153
7.060058,27.997884
5.987997,28.639964
5.476367,29.117149
26.546086,10.359079
26.333547,10.905571
27.234155,10.006938
26.861266,10.516345
26.759491,9.813978
28.390311,8.453425
27.260934,10.606067
27.819542,10.194546
27.680112,8.850579
27.308707,9.350765
27.371226,11.343133
26.772047,11.778743
5.848072,27.889902
6.422288,27.766671
5.275124,28.010527
3.661342,29.394421
27.310870,8.130774
27.144284,8.694161
27.968059,7.723995
27.637761,8.261785
27.478772,7.570419
28.991447,6.079073
28.043428,8.318545
28.566323,7.862558
28.316265,6.534164
27.987925,7.063809
28.214262,9.043629
27.653367,9.527686
5.959198,28.254537
6.492377,28.053852
4.218181,28.805846
4.845570,28.873759
4.278067,29.318394
2.985563,28.914542
4.724338,28.485657
3.603217,29.036361
3.054611,29.470719
27.889472,5.848091
27.769274,6.422964
28.510041,5.386845
28.226690,5.950582
28.008414,5.275489
29.395472,3.663415
28.634784,5.974820
29.117765,5.476393
28.760056,4.172573
28.474947,4.729213
28.865113,6.682712
28.346086,7.211056
3.525895,28.278422
4.106914,28.202158
2.944173,28.349321
1.224180,29.596151
28.277956,3.526909
28.204644,4.107284
28.856316,3.014937
28.622728,3.598970
28.348718,2.944903
29.598295,1.226162
29.031133,3.590718
29.469535,3.053030
29.004750,1.785419
28.769384,2.362219
29.318404,4.277347
28.844017,4.844061
3.605937,28.651385
4.153394,28.493355
1.824548,29.056147
2.444900,29.174933
1.839041,29.572590
0.000000,28.913800
1.177310,28.472713
0.711455,28.489097
2.357505,28.779768
1.763103,28.446843
0.857093,29.142309
1.383019,29.287470
0.608373,29.621762
0.000000,29.271955
0.649001,28.825405
1.346225,28.812728
28.472452,1.178064
28.445493,1.764404
29.065814,0.000000
28.489879,0.711313
29.164202,0.898250
29.289406,1.453147
28.828204,1.200277
29.621347,0.605913
29.269752,0.000000
28.864664,0.000000
28.795226,0.603418
29.146451,2.445281
