20.006761,-0.000000
19.938730,1.652163
19.733663,3.293020
19.394551,4.911371
18.922394,6.496211
18.321193,8.036635
17.594949,9.522140
16.748661,10.942723
15.788336,12.288182
14.718975,13.550613
13.550581,14.719013
12.288155,15.788382
10.942702,16.748714
9.522125,17.595007
8.036622,18.321257
6.496201,18.922467
4.911364,19.394631
3.293016,19.733750
1.652160,19.938824
0.000000,20.006857
-0.000000,21.576363
1.781725,21.502337
3.551342,21.282268
5.296651,20.916158
7.005850,20.407004
8.667133,19.758811
10.269000,18.975575
11.801444,18.063304
13.252863,17.026993
14.613257,15.874652
15.874622,14.613280
17.026955,13.252880
18.063257,11.801456
18.975522,10.269007
19.758750,8.667137
20.406935,7.005850
20.916081,5.296648
21.282183,3.551339
21.502246,1.781720
21.576266,-0.000000
10.232418,17.171868
11.035224,18.519446
10.278681,18.057215
9.877276,17.383438
10.955310,17.577606
10.465315,17.603471
10.587561,16.960293
12.527157,17.545155
10.793080,18.065780
11.418337,18.291374
11.732992,17.150781
11.231394,17.158699
11.489398,17.628025
11.194802,17.932100
10.652113,18.747515
9.468068,19.367200
11.615434,16.268554
11.279074,16.508635
12.371419,16.616386
11.883191,16.681709
11.951797,16.028472
13.933064,16.450828
12.245927,17.114973
12.890014,17.286075
13.109010,16.123571
12.609369,16.174104
12.164302,17.804232
9.544711,18.509084
8.730647,18.873891
12.919374,15.253702
12.603770,15.521043
13.702431,15.538216
13.220814,15.643478
13.234981,14.986361
15.243944,15.243972
13.617248,16.045296
14.273165,16.162742
14.396013,14.985516
13.902207,15.077343
13.592963,16.738914
12.906631,16.619103
10.053955,18.514192
9.868539,19.171390
9.765781,18.046182
9.067600,19.563008
7.836492,20.082915
8.779377,17.958138
9.150753,17.776576
9.020510,18.430000
8.408006,18.139701
9.237505,18.914275
14.134784,14.134818
13.842689,14.426917
14.937535,14.353382
14.466826,14.498198
14.426883,13.842719
16.450792,13.933086
14.896003,14.865782
15.559288,14.928627
15.584017,13.745765
15.099522,13.877972
14.928600,15.559316
14.235712,15.495935
7.996420,19.266284
8.487104,19.301255
8.251819,19.920865
7.147490,19.524446
8.220405,18.802339
7.640462,19.620708
7.421169,20.244963
15.253662,12.919402
14.986324,13.235009
16.072427,13.070898
15.614992,13.254048
15.521003,12.603795
17.545112,12.527173
16.072508,13.585089
16.738879,13.592984
16.666132,12.412014
16.194155,12.583627
16.162710,14.273187
15.465941,14.267899
7.266414,18.621869
7.651519,18.471566
7.485403,19.109312
6.881313,18.772172
7.810045,18.853205
6.151249,20.661590
16.268506,11.615456
16.028427,11.951820
17.096925,11.699032
16.656125,11.919362
16.508588,11.279094
18.519395,11.035236
17.139583,12.211409
17.804188,12.164315
17.633818,10.992967
17.177743,11.203298
17.286035,12.890030
16.591734,12.941942
6.375787,19.853603
6.865257,19.931905
6.578555,20.534299
5.510237,20.048706
6.644690,19.414913
5.995304,20.183220
5.723948,20.788875
17.171812,10.232434
16.960242,10.587580
18.004032,10.247040
17.583156,10.503018
17.383385,9.877291
19.367142,9.468076
18.089151,10.754088
18.747464,10.652122
18.481174,9.499374
18.043983,9.746427
18.291327,11.418350
17.603825,11.527352
5.703785,19.158557
6.099995,19.040513
5.307579,19.276597
4.423994,21.099222
17.958078,8.779390
17.776518,9.150766
18.788804,8.725394
18.390377,9.015188
18.139639,8.408017
20.082849,7.836497
18.915104,9.223690
19.562950,9.067606
19.202506,7.940860
18.787193,8.223174
19.171335,9.868545
18.494944,10.034278
5.877948,19.662389
6.228441,19.436787
4.714650,20.313202
5.195726,20.431397
4.860328,21.007692
3.835670,20.435379
5.018266,19.897762
4.307863,20.609692
3.987667,21.190748
18.621800,7.266425
18.471502,7.651531
19.445324,7.144078
19.072120,7.465761
18.772102,6.881322
20.661516,6.151251
19.612181,7.630288
20.244898,7.421172
19.792807,6.328043
19.402205,6.643692
19.920802,8.251821
19.260463,8.472797
4.102192,19.564199
4.506778,19.479415
3.697607,19.648978
2.666529,21.392310
19.158480,5.703792
19.040442,6.100003
19.969128,5.513937
19.623714,5.865300
19.276520,5.307586
21.099140,4.423994
20.175421,5.984734
20.788802,5.723949
20.248096,4.672070
19.884861,5.018835
20.534228,6.578554
19.894381,6.853323
4.234398,20.080848
4.601904,19.884716
3.021429,20.633561
3.490997,20.790948
3.108940,21.337294
2.135639,20.682089
3.357844,20.244096
2.591512,20.895016
2.224126,21.447328
19.564116,4.102197
19.479336,4.506785
20.356555,3.845904
20.041262,4.224740
19.648891,3.697612
21.392222,2.666529
20.600920,4.298159
21.190665,3.987665
20.564424,2.983705
20.231243,3.359514
21.007612,4.860325
20.392663,5.187156
2.472590,19.836295
2.882802,19.785023
2.062378,19.887561
0.890862,21.539357
19.836205,2.472594
19.784937,2.882806
20.604257,2.151969
20.321514,2.555274
19.887469,2.062381
21.539265,0.890862
20.885402,2.582230
21.447236,2.224123
20.741113,1.275974
20.439878,1.677578
21.337206,3.108938
20.751499,3.484991
2.562349,20.361908
2.944318,20.196459
1.306822,20.811343
1.761910,21.007429
1.336294,21.520852
0.000000,20.576659
0.826079,19.972843
0.499744,19.986276
1.675318,20.452473
1.239118,19.955833
0.616361,20.900031
0.995076,21.116136
0.445429,21.557862
0.000000,21.076503
0.456454,20.456105
0.956341,20.455147
19.972749,0.826081
19.955738,1.239121
20.791494,0.000000
19.986182,0.499744
20.928638,0.644399
21.121917,1.045501
20.472963,0.852617
21.557767,0.445426
21.076404,0.000000
20.506588,0.000000
20.412680,0.423271
20.968151,1.760156
