22.053363,0.000000
21.976506,1.821162
21.750587,3.629496
21.376603,5.413561
20.856174,7.160447
20.193613,8.858351
19.393069,10.495596
18.460053,12.061257
17.401406,13.544234
16.222781,14.935680
14.934966,16.223474
13.543291,17.402348
12.060514,18.461032
10.495527,19.393571
8.857747,20.193893
7.160025,20.856762
5.413124,21.377120
3.629526,21.751116
1.821002,21.977689
0.000000,22.054592
-0.000000,23.487907
1.940293,23.406471
3.866329,23.167039
5.766042,22.768510
7.626603,22.214335
9.434741,21.508778
11.178751,20.656215
12.846697,19.663001
14.426474,18.534661
15.907226,17.280279
17.280161,15.907131
18.534479,14.426361
19.662622,12.846573
20.655906,11.178511
21.508572,9.434801
22.214126,7.626347
22.768273,5.765615
23.166545,3.866242
23.406094,1.939540
23.486534,0.000000
11.279304,18.929432
12.013332,20.161486
11.256423,19.774782
10.888711,19.161696
12.003526,19.259604
11.488223,19.324873
11.670262,18.695798
13.637471,19.100667
11.795223,19.743278
12.430928,19.912225
12.848430,18.781609
12.326347,18.831653
12.556273,19.264860
12.225691,19.582379
11.596106,20.409823
10.307475,21.084488
12.803620,17.933407
12.433728,18.197289
13.554739,18.205627
13.044176,18.312539
13.174094,17.668790
15.167953,17.909275
13.382932,18.703793
14.033245,18.817935
14.355487,17.656395
13.838284,17.750653
13.242254,19.382814
10.448742,20.261936
9.559910,20.666013
14.240853,16.814287
13.893922,17.108566
15.012642,17.024195
14.512305,17.172522
14.588907,16.520027
16.595000,16.595319
14.881546,17.534844
15.538917,17.594974
15.764784,16.410353
15.257155,16.547050
14.797025,18.223045
14.104521,18.162069
10.985014,20.229592
10.744377,20.870727
10.716724,19.804053
9.870755,21.297662
8.530914,21.863680
9.677571,19.795734
10.087107,19.595848
9.898907,20.225160
9.269393,19.995986
10.094724,20.669826
15.580634,15.581034
15.259511,15.902508
16.365941,15.726237
15.880225,15.915331
15.902628,15.259357
17.908729,15.168305
16.278873,16.245736
16.939002,16.251484
17.065683,15.052745
16.571190,15.230742
16.251165,16.939010
15.556980,16.934628
8.751143,21.085309
9.271838,21.086426
8.984658,21.686454
7.826510,21.379063
9.020405,20.633429
8.349457,21.440746
8.078221,22.039860
16.813991,14.241261
16.520063,14.588608
17.609297,14.321050
17.140598,14.549597
17.108705,13.893755
19.100109,13.637849
17.564593,14.846134
18.223107,14.797445
18.250720,13.592144
17.772514,13.810157
17.594739,15.539006
16.901389,15.592618
8.009740,20.527552
8.433877,20.361457
8.214328,20.970019
7.586351,20.693169
8.578821,20.708748
6.696059,22.493585
17.932704,12.803798
17.668774,13.174187
18.731846,12.818079
18.283469,13.084442
18.197540,12.433678
20.160892,12.013879
18.730714,13.345010
19.382794,13.242198
19.310569,12.038372
18.852096,12.295338
18.817647,14.033353
18.131655,14.143593
6.978056,21.729292
7.499864,21.776221
7.162965,22.354569
6.033649,21.952977
7.291437,21.305836
6.551830,22.055552
6.230583,22.631818
18.928648,11.279325
18.696032,11.670452
19.725934,11.227437
19.301347,11.529808
19.162033,10.888635
21.084005,10.307780
19.768628,11.752523
20.409852,11.596119
20.238668,10.402862
19.803020,10.696556
19.912163,12.431447
19.237819,12.597807
6.287307,21.119128
6.723848,20.988314
5.851545,21.249180
4.815582,22.969977
19.795524,9.677717
19.595880,10.086819
20.585863,9.560291
20.187655,9.896664
19.995670,9.269177
21.863238,8.531523
20.671397,10.080099
21.297685,9.871089
21.028596,8.696159
20.618709,9.024814
20.870514,10.744380
20.211926,10.966304
6.450458,21.577229
6.841154,21.348923
5.159898,22.232254
5.675770,22.321707
5.292451,22.870000
4.200053,22.376461
5.506623,21.835486
4.707881,22.521492
4.340539,23.069259
20.527119,8.010002
20.361890,8.434275
21.305065,7.827754
20.936087,8.195768
20.692824,7.586420
22.493128,6.696804
21.433224,8.338785
22.040018,8.078583
21.674921,6.930000
21.293596,7.291275
21.686494,8.984324
21.048608,9.259838
4.521806,21.566368
4.967471,21.472026
4.076689,21.659699
2.902227,23.288823
21.118631,6.287340
20.988894,6.724036
21.878921,6.041654
21.541473,6.438812
21.248727,5.851578
22.969332,4.816151
22.048578,6.540338
22.631942,6.230883
22.173224,5.116330
21.823240,5.508048
22.354271,7.162633
21.741357,7.489961
4.646882,22.036331
5.054644,21.840922
3.306719,22.582679
3.813206,22.714534
3.385822,23.229176
2.338266,22.646440
3.684663,22.215772
2.832397,22.833257
2.421034,23.349021
21.565772,4.521967
21.472409,4.967811
22.303189,4.213837
21.999944,4.637725
21.658734,4.076833
23.288670,2.902613
22.513395,4.697339
23.069065,4.340641
22.519939,3.267388
22.203195,3.687213
22.869659,5.292012
22.285842,5.668952
2.725750,21.866498
3.177286,21.808939
2.274217,21.922368
0.969908,23.449039
21.865817,2.726184
21.809151,3.177504
22.574121,2.357981
22.307976,2.804938
21.921499,2.274558
23.448857,0.970406
22.824501,2.822301
23.348067,2.420583
22.712676,1.397493
22.432339,1.841309
23.228483,3.385667
22.677735,3.808387
2.811845,22.345248
3.233821,22.183303
1.429971,22.777990
1.924414,22.951213
1.455407,23.429562
0.000000,22.570216
0.910231,22.017118
0.550217,22.030847
1.838344,22.444816
1.365250,21.997510
0.673791,22.865204
1.087365,23.060290
0.484185,23.469167
0.000000,23.027135
0.502609,22.459753
1.049744,22.455521
22.016210,0.910502
21.996322,1.365644
22.765098,0.000000
22.030328,0.550165
22.891002,0.704961
23.064126,1.142358
22.471726,0.936029
23.468270,0.483506
23.025424,0.000000
22.506003,0.000000
22.419577,0.466504
22.914662,1.923187
