21.897833,0.000000
21.821619,1.808323
21.597296,3.603930
21.225966,5.375402
20.709212,7.109973
20.051318,8.795909
19.256418,10.421617
18.329985,11.976247
17.278803,13.448771
16.108478,14.830412
14.829738,16.109134
13.447885,17.279693
11.975550,18.330910
10.421545,19.256899
8.795339,20.051589
7.109572,20.709778
5.374988,21.226475
3.603948,21.597828
1.808166,21.822775
0.000000,21.899039
-0.000000,23.341902
1.928186,23.261008
3.842270,23.023050
5.730181,22.626993
7.579176,22.076257
9.376089,21.375084
11.109241,20.527816
12.766829,19.540781
14.336793,18.419463
15.808345,17.172875
17.172753,15.808267
18.419281,14.336697
19.540412,12.766722
20.527514,11.109026
21.374880,9.376152
22.076049,7.578939
22.626750,5.729781
23.022557,3.842179
23.260604,1.927476
23.340557,0.000000
11.199740,18.795883
11.938597,20.036039
11.181907,19.643899
10.811840,19.026575
11.923655,19.131460
11.410343,19.193839
11.587979,18.563919
13.552632,18.981824
11.718780,19.615336
12.353556,19.788395
12.763413,18.657326
12.242971,18.704283
12.474887,19.140013
12.147028,19.456471
11.523985,20.282825
10.243340,20.953298
12.713312,17.806895
12.345965,18.068970
13.464567,18.084537
12.955778,18.188390
13.081197,17.544137
15.073590,17.797842
13.296198,18.582605
13.945889,18.700897
14.260480,17.539571
13.744702,17.630611
13.159894,19.262205
10.379831,20.128343
9.496705,20.529439
14.140412,16.695688
13.795857,16.987926
14.912797,16.910966
14.413965,17.056111
14.486007,16.403472
16.491759,16.492068
14.785097,17.421223
15.442195,17.485544
15.660453,16.301757
15.153973,16.435141
14.705022,18.109643
14.013134,18.044372
10.913982,20.098748
10.677457,20.740908
10.644310,19.670221
9.809393,21.165142
8.477851,21.727641
9.609309,19.656103
10.015954,19.457605
9.832018,20.088491
9.203927,19.854936
10.029332,20.535934
15.470742,15.471124
15.151823,15.790371
16.257089,15.621628
15.772605,15.807438
15.790471,15.151693
17.797323,15.073928
16.173378,16.140474
16.833572,16.150411
16.952748,14.953133
16.459121,15.127735
16.150104,16.833586
15.456179,16.824882
8.693605,20.946662
9.211967,20.950249
8.928663,21.551575
7.774755,21.237730
8.959487,20.494020
8.295375,21.301932
8.028021,21.902736
16.695401,14.140800
16.403491,14.485741
17.492183,14.225791
17.024436,14.450960
16.988042,13.795717
18.981290,13.552992
17.450768,14.749941
18.109692,14.705421
18.129945,13.502200
17.652325,13.716763
17.485313,15.442284
16.791877,15.491565
7.953245,20.382748
8.374424,20.217849
8.158821,20.828356
7.532766,20.547203
8.520310,20.567535
6.654429,22.353632
17.806226,12.713483
17.544105,13.081294
18.607266,12.732813
18.159567,12.995739
18.069189,12.345929
20.035472,11.939115
18.609339,13.258542
19.262173,13.159850
19.182778,11.958701
18.724604,12.212188
18.700614,13.945994
18.014177,14.051929
6.932142,21.586329
7.451445,21.635537
7.118310,22.215516
5.993755,21.807860
7.242190,21.161875
6.509378,21.912750
6.191875,22.491024
18.795139,11.199764
18.564118,11.588163
19.594736,11.152740
19.170537,11.451639
19.026873,10.811776
20.952835,10.243633
19.640523,11.676370
20.282839,11.524005
20.104732,10.334011
19.669090,10.624215
19.788319,12.354044
19.113171,12.516155
6.242957,20.970155
6.676442,20.840303
5.810200,21.099292
4.785660,22.827064
19.655893,9.609451
19.457622,10.015693
20.448944,9.496684
20.050831,9.829561
19.854633,9.203736
21.727216,8.478426
20.537439,10.014782
21.165151,9.809712
20.889433,8.638601
20.479263,8.963782
20.740694,10.677466
20.080957,10.895216
6.406860,21.431448
6.794518,21.203398
5.125952,22.085988
5.639143,22.177513
5.259431,22.727737
4.172278,22.228542
5.469436,21.687961
4.677369,22.375681
4.313582,22.925750
20.382329,7.953499
20.218235,8.374804
21.163368,7.775669
20.794186,8.140197
20.546868,7.532840
22.353188,6.655123
21.294328,8.284750
21.902869,8.028363
21.531485,6.884129
21.149587,7.241973
21.551595,8.928360
20.912216,9.199810
4.489912,21.414238
4.932461,21.320611
4.047872,21.506916
2.884220,23.143945
20.969670,6.243000
20.840822,6.676625
21.733402,6.001448
21.395473,6.395156
21.098849,5.810240
22.826435,4.786186
21.905702,6.497961
22.491120,6.192155
22.026500,5.082473
21.675649,5.470803
22.215216,7.118005
21.600474,7.441402
4.615470,21.887457
5.020184,21.692044
3.284968,22.434124
3.788621,22.567807
3.364664,23.084661
2.322817,22.496750
3.659776,22.065668
2.814024,22.685433
2.405995,23.203752
21.413649,4.490071
21.320937,4.932787
22.154857,4.185804
21.850820,4.606287
21.505986,4.048013
23.143759,2.884569
22.367509,4.666892
22.925536,4.313676
22.370892,3.245768
22.053039,3.662266
22.727388,5.259023
22.141427,5.632203
2.706507,21.712243
3.154908,21.655152
2.258111,21.767760
0.963872,23.303168
21.711563,2.706919
21.655305,3.155120
22.424002,2.342282
22.156732,2.785930
21.766898,2.258436
23.302935,0.964330
22.676578,2.803988
23.202815,2.405571
22.562395,1.388231
22.280613,1.828843
23.083971,3.364517
22.530792,3.783716
2.792842,22.194263
3.211784,22.032100
1.420574,22.628112
1.912017,22.802951
1.446310,23.283769
0.000000,22.418430
0.903825,21.861804
0.546368,21.875500
1.825927,22.293147
1.355664,21.842378
0.669414,22.715416
1.080323,22.911989
0.481230,23.323170
0.000000,22.878363
0.499097,22.307264
1.042636,22.303265
21.860896,0.904080
21.841212,1.356034
22.614649,0.000000
21.874955,0.546319
22.741352,0.700344
22.915903,1.134962
22.319522,0.929686
23.322274,0.480599
22.876700,0.000000
22.353754,0.000000
22.266803,0.463217
22.766161,1.910749
