24.119795,0.000000
24.034715,1.991754
23.787577,3.969225
23.378347,5.920631
22.809094,7.831163
22.084516,9.688093
21.208970,11.478659
20.188495,13.190910
19.030665,14.812783
17.741744,16.334494
16.333337,17.742838
14.811154,19.032181
13.189617,20.190031
11.478644,21.209618
9.687064,22.084823
7.830464,22.809844
5.919884,23.378857
3.969415,23.787966
1.991591,24.036087
-0.000000,24.121132
-0.000000,25.438188
2.101964,25.349770
4.187655,25.090640
6.245077,24.659070
8.260161,24.058944
10.218293,23.294816
12.107346,22.371490
13.913720,21.295713
15.624580,20.073613
17.228257,18.715129
18.715117,17.227886
20.073505,15.624231
21.295325,13.913340
22.371168,12.106783
23.294617,10.218322
24.058780,8.259709
24.658984,6.244359
25.090181,4.187708
25.349854,2.100755
25.436740,-0.000000
12.336557,20.703878
13.011741,21.837261
12.249336,21.518737
11.910189,20.957068
13.067570,20.966643
12.524891,21.068963
12.763555,20.448156
14.770868,20.688224
12.814714,21.449510
13.464599,21.566398
13.981334,20.437656
13.436331,20.527240
13.641730,20.929875
13.275126,21.262047
12.559500,22.106378
11.164272,22.836955
14.003650,19.614396
13.599992,19.902269
14.756054,19.818790
14.220899,19.965039
14.408455,19.325134
16.428587,19.397848
14.539666,20.320004
15.200252,20.381371
15.621480,19.213117
15.084172,19.348739
14.342428,20.994036
11.367128,22.042307
10.402161,22.485950
15.575536,18.390222
15.197076,18.711525
16.342829,18.532641
15.821421,18.722070
15.956141,18.068802
17.974242,17.974590
16.167863,19.050128
16.831071,19.056793
17.155034,17.857414
16.630858,18.036849
16.026095,19.738029
15.323428,19.731770
11.932516,21.974716
11.638392,22.604870
11.680855,21.585696
10.690443,23.067955
9.239853,23.680926
10.584648,21.651028
11.032463,21.432780
10.789465,22.044535
10.139324,21.870118
10.966861,22.455426
17.040898,17.041489
16.690514,17.392492
17.816137,17.119819
17.312838,17.351503
17.392895,16.689997
19.397057,16.429059
17.685835,17.649539
18.347472,17.601680
18.570584,16.380098
18.063188,16.602053
17.601239,18.347417
16.901436,18.398292
9.518094,22.933161
10.070484,22.902859
9.732714,23.488200
8.516204,23.262381
9.831447,22.489387
9.070745,23.292032
8.748812,23.871690
18.389837,15.576176
18.069121,15.955409
19.169564,15.590114
18.686910,15.862573
18.712002,15.196481
20.687460,14.771420
19.082654,16.129004
19.738264,16.026734
19.860105,14.790681
19.372620,15.053514
19.056564,16.831169
18.362019,16.940357
8.760508,22.451590
9.223800,22.269670
8.953340,22.855933
8.298422,22.632628
9.357425,22.587930
7.252268,24.363145
19.613369,14.003906
19.325421,14.408454
20.391568,13.953999
19.932832,14.265201
19.902983,13.599706
21.836396,13.012617
20.349475,14.498195
20.994212,14.342236
21.013421,13.100026
20.549415,13.402328
20.381103,15.200437
19.698542,15.366110
7.590041,23.634654
8.145770,23.652712
7.759562,24.212037
6.565295,23.886730
7.947084,23.222351
7.117997,23.960033
6.747660,24.512671
20.702721,12.336545
20.448916,12.763821
21.473808,12.222548
21.042625,12.570341
20.957934,11.909965
22.836307,11.164688
21.477115,12.768132
22.106630,12.559423
22.023384,11.320321
21.586032,11.659618
21.566602,13.465515
20.900323,13.686800
6.876668,23.098565
7.353684,22.955046
6.400991,23.240785
5.215384,24.879100
21.650914,10.584838
21.433050,11.031844
22.409931,10.407663
22.008980,10.789877
21.869661,10.138780
23.680353,9.240826
22.457923,10.951191
23.068214,10.690959
22.882982,9.463129
22.475138,9.837323
22.604783,11.638312
21.958702,11.914388
7.030926,23.517941
7.461745,23.285548
5.612386,24.181650
6.164378,24.245048
5.733612,24.770364
4.570183,24.347561
6.001708,23.799487
5.114790,24.466129
4.700631,24.986381
22.451095,8.760819
22.270771,9.224395
23.192803,8.521616
22.824996,8.935500
22.632210,8.298408
24.362596,7.253636
23.285609,9.059426
23.872195,8.749428
23.586253,7.541254
23.210800,7.947638
23.488617,9.732001
22.867696,10.060419
4.945661,23.587746
5.432619,23.484008
4.459685,23.689780
3.142816,25.224223
23.098022,6.876533
22.956497,7.353934
23.817605,6.577296
23.484944,7.019932
23.240275,6.400917
24.878360,5.216464
23.954076,7.105508
24.513207,6.748204
24.128396,5.567523
23.788141,6.003885
24.211938,7.758852
23.620366,8.137590
5.065112,24.018232
5.513202,23.822197
3.596672,24.562605
4.141188,24.671665
3.668547,25.159600
2.544205,24.641164
4.015993,24.214068
3.077420,24.804741
2.621912,25.289612
23.587184,4.945811
23.485211,5.433114
24.279358,4.587311
23.985019,5.056208
23.688472,4.459872
25.224586,3.143708
24.459079,5.103397
24.986530,4.700792
24.506055,3.555482
24.202227,4.019320
24.770292,5.732780
24.211960,6.159069
2.981472,23.916107
3.474569,23.852431
2.488301,23.976735
1.050533,25.397645
23.915542,2.982143
23.853488,3.474846
24.574183,2.567143
24.321200,3.057984
23.975934,2.488807
25.398296,1.051545
24.797331,3.066535
25.288585,2.621112
24.715281,1.520914
24.452262,2.007296
25.159059,3.668279
24.637568,4.137476
3.064883,24.355218
3.527089,24.195529
1.555335,24.775472
2.089788,24.928820
1.576959,25.377047
0.000000,24.591296
0.995457,24.080745
0.601531,24.095075
2.003715,24.463905
1.492576,24.058902
0.732113,24.861827
1.181309,25.038613
0.523601,25.419480
0.000000,25.011465
0.549331,24.489290
1.144322,24.482151
24.080037,0.995924
24.057629,1.493257
24.770133,0.000000
24.095053,0.601443
24.886137,0.766479
25.041707,1.241067
24.497969,1.020381
25.418764,0.522315
25.009442,0.000000
24.532832,0.000000
24.452797,0.510224
24.895316,2.089078
