23.169333,-0.000000
23.087968,1.913285
22.850592,3.812949
22.457565,5.687380
21.910768,7.522635
21.214718,9.306417
20.373671,11.026453
19.393421,12.671271
18.281211,14.229255
17.043024,15.691048
15.690089,17.043939
14.227934,18.282472
12.670226,19.394712
11.026415,20.374255
9.305582,21.215002
7.522065,21.911443
5.686779,22.458073
3.813069,22.851034
1.913116,23.089254
0.000000,23.170626
-0.000000,24.538824
2.027423,24.453573
4.039491,24.203531
6.024176,23.787200
7.967998,23.208269
9.856949,22.471156
11.679118,21.580468
13.421645,20.542771
15.072055,19.363902
16.619044,18.053425
18.053364,16.618798
19.363762,15.071810
20.542382,13.421381
21.580156,11.678696
22.470967,9.856987
23.208099,7.967621
23.787060,6.023574
24.203077,4.039461
24.453460,2.026399
24.537386,-0.000000
11.850236,19.887674
12.551312,21.064470
11.792009,20.715478
11.440320,20.131231
12.577529,20.180479
12.047643,20.266055
12.260674,19.642091
14.248189,19.956116
12.344948,20.663304
12.987903,20.803569
13.459516,19.674879
12.925299,19.746601
13.141556,20.162649
12.791486,20.487959
12.115241,21.323991
10.769151,22.028801
13.451652,18.841172
13.063515,19.118012
14.202788,19.075844
13.679167,19.204286
13.840682,18.563234
15.847232,18.711386
14.006660,19.575271
14.662075,19.660386
15.038368,18.496079
14.510567,18.612977
13.835092,20.250999
10.944091,21.222207
10.014214,21.647659
14.961599,17.665307
14.597632,17.974197
15.730209,17.837920
15.218733,18.008702
15.327257,17.356378
17.338191,17.338534
15.575146,18.351904
16.235181,18.382670
16.514687,17.190892
15.998405,17.350948
15.459306,19.039365
14.761752,19.008458
11.495883,21.170548
11.226106,21.805167
11.236954,20.765429
10.312448,22.251565
8.912904,22.842896
10.167403,20.797627
10.597642,20.587809
10.379442,21.206904
9.739163,21.008055
10.564984,21.632645
16.369197,16.369698
16.032268,16.707131
17.148245,16.478005
16.653302,16.690331
16.707416,16.031913
18.710703,15.847655
17.037526,17.002686
17.697947,16.979033
17.877429,15.768715
17.376275,15.970701
16.978650,17.697904
16.281910,17.723842
9.164784,22.081946
9.702441,22.065791
9.387741,22.657318
8.198521,22.394904
9.458036,21.634892
8.738382,22.438973
8.439572,23.026917
17.664970,14.962129
17.356572,15.326713
18.450982,15.005643
17.975029,15.258115
17.974530,14.597236
19.955441,14.248668
18.383153,15.537871
19.039538,15.459847
19.118824,14.238628
18.635934,14.481070
18.382439,16.235263
17.688961,16.319323
8.415152,21.566566
8.860466,21.391912
8.613091,21.987655
7.970872,21.740516
8.999034,21.722913
6.995753,23.500985
18.840288,13.451864
18.563384,13.840723
19.627182,13.430850
19.173511,13.721608
19.118528,13.063338
21.063730,12.552046
19.603574,13.966819
20.251097,13.834954
20.229094,12.611023
19.767975,12.892665
19.660109,14.662213
18.976523,14.802777
7.308124,22.756952
7.848110,22.787979
7.484429,23.355466
6.320412,22.996019
7.645221,22.339982
6.857114,23.082460
6.509210,23.645290
19.886679,11.850230
19.642617,12.260901
20.668829,11.764250
20.240995,12.091307
20.131873,11.440156
22.028229,10.769524
20.689875,12.300151
21.324157,12.115200
21.201356,10.897736
20.765146,11.216222
20.803652,12.988636
20.134245,13.184995
6.605560,22.188058
7.063990,22.050364
6.148244,22.324678
5.030997,23.998690
20.797470,10.167568
20.587986,10.597164
21.569865,10.017408
21.170502,10.378666
21.007682,9.738765
22.842388,8.913727
21.634726,10.549802
22.251732,10.312883
22.028861,9.109858
21.620451,9.463242
21.805023,11.226058
21.153798,11.477517
6.763669,22.624439
7.176084,22.394074
5.403936,23.283662
5.939204,23.358717
5.530157,23.894009
4.399694,23.439646
5.773768,22.895248
4.927295,23.570046
4.534577,24.102272
21.566100,8.415447
21.392721,8.860974
22.323411,8.202062
21.955405,8.594944
21.740146,7.970895
23.500487,6.996846
22.432066,8.727364
23.027283,8.440074
22.705903,7.259708
22.328130,7.645445
22.657565,9.387192
22.029475,9.691516
4.750684,22.657947
5.218672,22.558507
4.283497,22.755972
3.031860,24.331686
22.187540,6.605508
22.051434,7.064208
22.924745,6.330604
22.590236,6.752400
22.324208,6.148216
23.998001,5.031853
23.076057,6.845081
23.645657,6.509647
23.227847,5.359695
22.883515,5.775600
23.355269,7.483891
22.754531,7.839163
4.872552,23.105763
5.302126,22.910165
3.463097,23.650547
3.990035,23.769763
3.538149,24.269387
2.449334,23.722358
3.863445,23.294044
2.964518,23.896282
2.529282,24.394690
22.657373,4.750843
22.559352,5.219101
23.369236,4.415306
23.071157,4.863547
22.754831,4.283661
24.331832,3.032515
23.562536,4.916292
24.102278,4.534722
23.591259,3.422784
23.281888,3.866420
23.893811,5.529501
23.324416,5.933225
2.863838,22.973321
3.337839,22.912437
2.389813,23.031750
1.013355,24.499028
22.972712,2.864409
22.913126,3.338092
23.653040,2.470810
23.394393,2.941481
23.030917,2.390250
24.499304,1.014135
23.888286,2.953994
24.393700,2.528641
23.792881,1.464062
23.522311,1.930872
24.268770,3.537939
23.734491,3.985823
2.948375,23.429834
3.392093,23.269249
1.497559,23.855338
2.013578,24.017480
1.520900,24.478968
0.000000,23.660690
0.956232,23.131521
0.577893,23.145540
1.927566,23.534315
1.434023,23.110669
0.705249,23.942016
1.138014,24.126895
0.505436,24.520070
0.000000,24.097038
0.527828,23.554989
1.100790,23.549152
23.130717,0.956613
23.109429,1.434574
23.846573,0.000000
23.145298,0.577818
23.966973,0.738143
24.130307,1.195567
23.565121,0.981565
24.519272,0.504422
24.095130,0.000000
23.599711,0.000000
23.516868,0.490105
23.982641,2.012632
