20.050145,-0.000000
19.981919,1.655762
19.776422,3.300185
19.436582,4.922065
18.963412,6.510354
18.360917,8.054130
17.633099,9.542863
16.784969,10.966533
15.822554,12.314920
14.750874,13.580103
13.579949,14.751056
12.314785,15.822772
10.966425,16.785217
9.542791,17.633365
8.054060,18.361209
6.510302,18.963750
4.922023,19.436955
3.300165,19.776832
1.655746,19.982376
-0.000000,20.050614
-0.000000,21.616967
1.785083,21.542771
3.558007,21.322280
5.306577,20.955467
7.018971,20.445343
8.683351,19.795918
10.288214,19.011195
11.823509,18.097190
13.277625,17.058911
14.640547,15.904398
15.904256,14.640653
17.058736,13.277704
18.096975,11.823565
19.010950,10.288247
19.795642,8.683375
20.445030,7.018969
20.955112,5.306559
21.321878,3.557991
21.542338,1.785052
21.616491,0.000000
10.254642,17.209347
11.055876,18.554240
10.299380,18.093723
9.898749,17.421362
10.977501,17.613360
10.486991,17.640102
10.610545,16.997296
12.550590,17.578098
10.814275,18.101396
11.439714,18.325714
11.756596,17.185426
11.254589,17.194284
11.511956,17.662767
11.216595,17.967120
10.672049,18.782742
9.485800,19.403609
11.640649,16.304040
11.303578,16.544632
12.396460,16.650148
11.907782,16.716395
11.977735,16.063429
13.959113,16.481700
12.269964,17.148686
12.914139,17.318512
13.135377,16.156116
12.635391,16.207620
12.187056,17.837666
9.563849,18.546343
8.748207,18.911997
12.947411,15.286948
12.631142,15.554868
13.730148,15.569769
13.248160,15.675982
13.263708,15.019030
15.272434,15.272567
13.643965,16.076888
14.299862,16.193056
14.424958,15.015757
13.930891,15.108575
13.618366,16.770330
12.931948,16.651834
10.073646,18.550617
9.887038,19.207414
9.785931,18.083591
9.084569,19.599788
7.851165,20.120686
8.798450,17.997339
9.170638,17.815381
9.039126,18.468210
8.426298,18.179304
9.255641,18.951565
14.165457,14.165617
13.872746,14.458345
14.967747,14.382524
14.496749,14.528312
14.458192,13.872885
16.481531,13.959219
14.925217,14.895039
15.588381,14.956617
15.615346,13.773498
15.130673,13.906710
14.956492,15.588510
14.263627,15.526442
8.012401,19.304963
8.503706,19.339174
8.267303,19.958310
7.161873,19.563897
8.237362,18.841320
7.655467,19.659383
7.435056,20.283036
15.286763,12.947545
15.018860,13.263830
16.104931,13.097430
15.647289,13.281572
15.554687,12.631257
17.577895,12.550671
16.104026,13.611819
16.770170,13.618466
16.699637,12.437053
16.227565,12.609679
16.192903,14.299966
15.496262,14.295981
7.282202,18.662536
7.668137,18.511891
7.500855,19.148932
6.896288,18.813170
7.826350,18.892729
6.162766,20.700462
16.303813,11.640752
16.063227,11.977844
17.131504,11.722781
16.690576,11.944112
16.544423,11.303671
18.554004,11.055941
17.173193,12.235437
17.837470,12.187119
17.669275,11.015147
17.213186,11.226493
17.318325,12.914216
16.624260,12.967412
6.388543,19.893501
6.878687,19.971097
6.590907,20.572921
5.521327,20.089228
6.658403,19.455184
6.007086,20.223021
5.734661,20.827983
17.209088,10.254720
16.997070,10.610633
18.040454,10.267848
17.619534,10.524831
17.421126,9.898821
19.403342,9.485840
18.124631,10.775252
18.782515,10.672094
18.518340,9.518545
18.081222,9.766609
18.325500,11.439782
17.638340,11.550041
5.716181,19.200409
6.113249,19.082087
5.319134,19.318709
4.432275,21.138932
17.997064,8.798515
17.815121,9.170696
18.826817,8.743114
18.428431,9.033915
18.179021,8.426351
20.120385,7.851197
18.952208,9.241844
19.599526,9.084605
19.241120,7.956886
18.825965,8.240203
19.207162,9.887073
18.531215,10.054034
5.890086,19.703176
6.241439,19.477529
4.724082,20.354037
5.205888,20.471581
4.869465,21.047221
3.843391,20.476698
5.028622,19.939042
4.316334,20.650346
3.995132,21.230624
18.662222,7.282257
18.511608,7.668199
19.484656,7.158588
19.111582,7.481270
18.812850,6.896335
20.700121,6.162785
19.650649,7.645304
20.282742,7.435077
19.832596,6.340814
19.442237,6.657448
19.958030,8.267313
19.298237,8.489479
4.111106,19.606953
4.516567,19.521958
3.705659,19.691916
2.671517,21.432579
19.200056,5.716219
19.081771,6.113292
20.009506,5.525134
19.664304,5.877484
19.318348,5.319169
21.138544,4.432281
20.214978,5.996507
20.827647,5.734666
20.288782,4.681492
19.925876,5.029226
20.572592,6.590902
19.933390,6.866814
4.243146,20.122514
4.611510,19.926410
3.027474,20.675048
3.497819,20.831853
3.114797,21.377465
2.139933,20.723914
3.364777,20.286114
2.596615,20.936245
2.228295,21.487711
19.606559,4.111136
19.521599,4.516604
20.397699,3.853710
20.082705,4.233513
19.691504,3.705685
21.432167,2.671514
20.641294,4.306614
21.230238,3.995125
20.605739,2.989721
20.272955,3.366473
21.046849,4.869446
20.432635,5.197364
2.477968,19.879659
2.889060,19.828247
2.066876,19.931024
0.892536,21.579918
19.879229,2.477996
19.827849,2.889084
20.645878,2.156338
20.363534,2.560576
19.930581,2.066899
21.579478,0.892543
20.926326,2.587313
21.487269,2.228272
20.782756,1.278551
20.482013,1.681054
21.377045,3.114781
20.792157,3.491839
2.567640,20.404181
2.950460,20.238819
1.309430,20.853217
1.765352,21.048775
1.338816,21.561392
0.000000,20.619152
0.827863,20.016518
0.500812,20.029954
1.678775,20.494943
1.241798,19.999446
0.617579,20.941869
0.997031,21.157491
0.446251,21.598458
0.000000,21.118004
0.457434,20.498833
0.958323,20.497799
20.016059,0.827876
19.998983,1.241816
20.833174,0.000000
20.029504,0.500813
20.970062,0.645682
21.162880,1.047549
20.515229,0.854391
21.597997,0.446231
21.117516,0.000000
20.548869,0.000000
20.455134,0.424191
21.009223,1.763608
