24.429104,-0.000000
24.342836,2.017294
24.092522,4.020089
23.678022,5.996548
23.101462,7.931581
22.367599,9.812316
21.480825,11.625838
20.447260,13.360037
19.274584,15.002704
17.969152,16.543915
16.542691,17.970307
15.000974,19.276187
13.358663,20.448881
11.625828,21.481502
9.811223,22.367925
7.930837,23.102245
5.995751,23.678544
4.020299,24.092907
2.017134,24.344248
-0.000000,24.430466
-0.000000,25.731662
2.126284,25.642228
4.235997,25.380129
6.317156,24.943585
8.355495,24.336542
10.336204,23.563597
12.247082,22.629618
14.074293,21.541413
15.804878,20.305208
17.427052,18.931058
18.931057,17.426645
20.305104,15.804499
21.541020,14.073878
22.629284,12.246478
23.563382,10.336235
24.336365,8.355025
24.943502,6.316407
25.379651,4.236083
25.642357,2.125022
25.730206,-0.000000
12.494834,20.969519
13.161986,22.089435
12.398377,21.780525
12.063112,21.225847
13.227257,21.222829
12.680347,21.330499
12.927215,20.710504
14.941425,20.927122
12.967876,21.705849
13.620154,21.815322
14.151397,20.686253
13.602802,20.781542
13.804810,21.180030
13.432837,21.514477
12.704461,22.361689
11.293207,23.100669
14.183302,19.866051
13.774595,20.157514
14.936345,20.060897
14.397361,20.212846
14.593235,19.573107
16.618291,19.621851
14.713445,20.562822
15.375866,20.616639
15.811515,19.446809
15.271028,19.588424
14.507971,21.236506
11.505007,22.309607
10.528596,22.759168
15.775346,18.626157
15.392173,18.951495
16.542461,18.759033
16.017741,18.954443
16.160806,18.300673
18.181792,18.182143
16.361111,19.277781
17.025517,19.276769
17.363723,18.074642
16.836883,18.260289
16.211042,19.966021
15.506563,19.967608
12.074889,22.236926
11.772927,22.865826
11.825464,21.852911
10.813783,23.334360
9.346547,23.954389
10.720446,21.928777
11.173968,21.707792
10.923037,22.317402
10.269561,22.150685
11.097892,22.723692
17.259508,17.260132
16.904746,17.615548
18.033780,17.328968
17.527673,17.566874
17.615979,16.904183
19.621021,16.618780
17.897207,17.860442
18.559418,17.804858
18.796483,16.579353
18.286953,16.807724
17.804393,18.559370
17.103431,18.618197
9.633257,23.210613
10.190493,23.175810
9.845283,23.759330
8.619741,23.545109
9.953091,22.767757
9.179109,23.570173
8.849717,24.147360
18.625749,15.776028
18.301025,16.160022
19.403725,15.780578
18.918794,16.059471
18.952008,15.391515
20.926324,14.942001
19.310716,16.321740
19.966264,16.211715
20.101687,14.970602
19.612598,15.239996
19.276535,17.025628
18.581468,17.142846
8.872912,22.739633
9.342042,22.555353
9.064180,23.138789
8.405029,22.922976
9.474148,22.869669
7.335977,24.644484
19.864972,14.183578
19.573431,14.593224
20.640654,14.124478
20.180169,14.442273
20.158279,13.774278
22.088523,13.162907
20.592665,14.671448
21.236696,14.507767
21.269031,13.259398
20.803971,13.568358
20.616368,15.376073
19.933954,15.549785
7.681931,23.920737
8.242831,23.934680
7.849344,24.491549
6.645105,24.177031
8.045420,23.509799
7.203056,24.246168
6.825468,24.795719
20.968304,12.494825
20.711328,12.927497
21.736121,12.371894
21.303742,12.726382
21.226770,12.062874
23.099987,11.293635
21.733781,12.920716
22.361955,12.704376
22.291280,11.458046
21.853436,11.804060
21.815557,13.621132
21.150099,13.850414
6.964907,23.394901
7.447960,23.249493
6.483252,23.538944
5.275557,25.166396
21.928669,10.720646
21.708078,11.173310
22.683676,10.534835
22.282099,10.923826
22.150187,10.268972
23.953785,9.347563
22.726312,11.082061
23.334635,10.814326
23.161337,9.578264
22.753552,9.959185
22.865748,11.772841
22.221134,12.056830
7.117989,23.809012
7.554781,23.575909
5.680331,24.474346
6.237804,24.534062
5.800006,25.056333
4.625748,24.643470
6.075962,24.094062
5.175920,24.758300
4.754815,25.274888
22.739119,8.873227
22.556534,9.342666
23.476105,8.625748
23.108249,9.046434
22.922527,8.405004
24.643906,7.337432
23.563891,9.167693
24.147894,8.850372
23.873155,7.633012
23.498330,8.046082
23.759793,9.844521
23.140990,10.180701
5.009122,23.890361
5.502245,23.785233
4.517032,23.993702
3.179025,25.515481
23.394340,6.964744
23.251051,7.448223
24.108555,6.657686
23.776377,7.107079
23.538407,6.483166
25.165627,5.276707
24.240339,7.190419
24.796292,6.826045
24.421883,5.635258
24.082822,6.078251
24.491474,7.848580
23.902664,8.234894
5.127842,24.315484
5.581947,24.119256
3.640212,24.859891
4.190478,24.965755
3.711104,25.450089
2.575128,24.940626
4.065688,24.513783
3.114230,25.100950
2.652137,25.581644
23.889792,5.009268
23.786534,5.502759
24.575932,4.643362
24.282690,5.118967
23.992326,4.517228
25.515896,3.179995
24.751383,5.164401
25.275068,4.754977
24.804182,3.598729
24.502027,4.069129
25.056292,5.799117
24.501336,6.232706
3.019759,24.222950
3.519063,24.158372
2.520359,24.284296
1.062664,25.690884
24.222385,3.020460
24.159531,3.519347
24.874353,2.598536
24.623084,3.095938
24.283494,2.520886
25.691640,1.063750
25.093708,3.103229
25.580593,2.651285
25.015889,1.539444
24.755189,2.032194
25.449564,3.710814
24.932008,4.186926
3.102840,24.656674
3.571057,24.497229
1.574175,25.075386
2.114639,25.225989
1.595255,25.670103
0.000000,24.894491
1.008230,24.389681
0.609235,24.404124
2.028525,24.766734
1.511627,24.367527
0.740869,25.161661
1.195427,25.335922
0.529526,25.712980
0.000000,25.309639
0.556334,24.793623
1.158499,24.786071
24.388992,1.008723
24.366233,1.512349
25.071134,0.000000
24.404158,0.609144
25.185760,0.775714
25.338908,1.255907
24.801835,1.033020
25.712276,0.528152
25.307575,0.000000
24.836789,0.000000
24.757624,0.516774
25.192885,2.114005
