28.900309,-0.000000
28.797670,2.386681
28.501523,4.755658
28.010987,7.094278
27.328837,9.383581
26.460727,11.608460
25.411630,13.753881
24.188819,15.805426
22.801489,17.748700
21.257350,19.571802
19.569846,21.259132
17.745743,22.804049
15.803083,24.191284
13.753993,25.412449
11.606466,26.461206
9.382162,27.329870
7.092694,28.011526
4.755997,28.501816
2.386594,28.799475
0.000000,28.901843
-0.000000,30.009018
2.480550,29.905445
4.940312,29.599951
7.367592,29.090897
9.744960,28.382985
12.054887,27.481503
14.283891,26.392179
16.414978,25.122753
18.433042,23.681017
20.324862,22.078544
22.078814,20.323873
23.681066,18.432274
25.122498,16.414046
26.391801,14.282807
27.481100,12.055079
28.382690,9.744501
29.090905,7.366702
29.599183,4.941151
29.906192,2.478903
30.007935,0.000000
14.783344,24.809893
15.352122,25.765038
14.562196,25.581332
14.274160,25.111796
15.544984,24.940900
14.933860,25.121407
15.293161,24.503671
17.427636,24.409162
15.194541,25.432438
15.887746,25.443533
16.620642,24.295658
16.016512,24.468460
16.175875,24.816884
15.726742,25.186153
14.817195,26.083220
13.172695,26.944403
16.780826,23.504377
16.299178,23.847716
17.553144,23.574805
16.955497,23.804851
17.264540,23.158392
19.383542,22.886828
17.239872,24.092893
17.935701,24.045834
18.570606,22.839899
17.980300,23.063571
16.920710,24.770892
13.507302,26.191491
12.364391,26.726454
18.664332,22.037384
18.213031,22.420806
19.440038,22.044898
18.863787,22.322856
19.119500,21.653202
21.207190,21.207357
19.170575,22.587355
19.859847,22.483018
20.393694,21.228586
19.824111,21.499843
18.906797,23.289429
18.169311,23.396358
14.145330,26.049490
13.734012,26.669412
13.922465,25.727221
12.611488,27.217608
10.902034,27.940229
12.683968,25.944345
13.219443,25.684064
12.859871,26.273476
12.152625,26.206912
13.002931,26.623700
20.420329,20.421248
20.002229,20.840313
21.192818,20.364468
20.642047,20.688838
20.841031,20.001034
22.885629,19.384133
20.970181,20.926516
21.648773,20.766265
22.076326,19.472380
21.531376,19.789680
20.765498,21.648977
20.040363,21.815302
11.306105,27.240331
11.935783,27.145131
11.486029,27.711215
10.123142,27.650305
11.716979,26.804011
10.754581,27.613871
10.320415,28.165646
22.036726,18.665531
21.654020,19.118093
22.802449,18.544951
22.280346,18.913674
22.421752,18.211454
24.408141,17.428372
22.626324,19.123751
23.289682,18.907825
23.609271,17.582943
23.092091,17.943779
22.482802,19.860221
21.772156,20.086767
10.498335,26.904036
11.051301,26.685845
10.671350,27.239840
9.946442,27.120600
11.165407,26.952152
8.556397,28.745187
23.502814,16.781372
23.159288,17.264386
24.256049,16.598760
23.765712,17.009150
23.849090,16.298402
25.763617,15.353529
24.128198,17.190238
24.771205,16.920407
24.980246,15.573384
24.494830,15.975666
24.045605,17.936306
23.356723,18.220208
9.016664,28.075721
9.654457,28.034967
9.158059,28.565479
7.803957,28.392217
9.471290,27.677593
8.439662,28.406075
7.959571,28.921525
24.808231,14.783363
24.505387,15.293680
25.543447,14.539448
25.089013,14.988390
25.113339,14.273812
26.943491,13.173158
25.465213,15.139013
26.083598,14.817065
26.180868,13.457738
25.730536,13.898375
25.444358,15.889541
24.781725,16.229186
8.240917,27.679192
8.810658,27.506738
7.672685,27.849557
6.152927,29.353996
25.944579,12.684301
25.684514,13.218342
26.656906,12.380544
26.241348,12.865594
26.205777,12.151450
27.939413,10.903384
26.628185,12.984701
27.218020,12.612354
27.202824,11.249976
26.790296,11.726124
26.669588,13.733904
26.036738,14.127750
8.380443,28.029082
8.902804,27.783519
6.667330,28.725381
7.305719,28.736894
6.767837,29.224379
5.432551,28.940106
7.152672,28.365269
6.064575,29.006045
5.544554,29.480275
26.903531,10.498602
26.688172,11.052292
27.588092,10.137011
27.214376,10.654654
27.119725,9.946274
28.744357,8.558896
27.609579,10.741718
28.166520,10.321565
28.038747,8.965283
27.667267,9.473550
27.712516,11.484765
27.114491,11.929454
5.926858,28.265425
6.508653,28.140514
5.346308,28.387672
3.706931,29.761018
27.678597,8.240270
27.509821,8.811120
28.331550,7.824415
28.001065,8.370436
27.848723,7.672513
29.353003,6.154908
28.402074,8.424940
28.922600,7.960502
28.683138,6.618857
28.355396,7.156560
28.566076,9.156572
28.007094,9.649612
6.037433,28.625214
6.578004,28.423955
4.272645,29.177696
4.907369,29.242394
4.331661,29.683954
3.024233,29.288950
4.786328,28.859439
3.649327,29.407521
3.092644,29.838257
28.265006,5.926861
28.143219,6.509336
28.880558,5.456862
28.597762,6.028836
28.385481,5.346693
29.762101,3.709115
29.001006,6.051244
29.480910,5.544554
29.132716,4.226630
28.848800,4.791332
29.225053,6.766224
28.708683,7.303326
3.573425,28.659202
4.162088,28.581858
2.983969,28.731000
1.239440,29.965233
28.658731,3.574463
28.584444,4.162466
29.231350,3.054148
28.999022,3.646317
28.730408,2.984713
29.967479,1.241498
29.402443,3.636691
29.837053,3.090990
29.380521,1.808602
29.147105,2.393286
29.684018,4.330888
29.212957,4.906048
3.653287,29.027297
4.208167,28.869251
1.848164,29.431272
2.476056,29.547431
1.862092,29.941378
0.000000,29.292156
1.193206,28.856072
0.721081,28.872674
2.388480,29.157414
1.786684,28.829883
0.868048,29.517500
1.400709,29.660279
0.615825,29.991177
0.000000,29.645722
0.657709,29.204723
1.363879,29.191587
28.855840,1.193976
28.828519,1.788044
29.442185,0.000000
28.873503,0.720931
29.539208,0.909794
29.662121,1.471749
29.207044,1.215998
29.990773,0.613267
29.643510,0.000000
29.243679,0.000000
29.175008,0.611556
29.519306,2.476535
