27.173997,-0.000000
27.077533,2.244008
26.799060,4.471590
26.337852,6.670381
25.696462,8.822882
24.880191,10.914886
23.893770,12.932151
22.744029,14.861155
21.439585,16.688359
19.987614,18.402624
18.400910,19.989197
16.685835,21.441822
14.859145,22.746227
12.932210,23.894567
10.913238,24.880613
8.821732,25.697420
6.669116,26.338389
4.471917,26.799371
2.243891,27.079194
-0.000000,27.175472
-0.000000,28.350532
2.343228,28.252320
4.667281,27.963680
6.960330,27.482743
9.206227,26.813951
11.388479,25.962314
13.494129,24.933239
15.507360,23.734095
17.413963,22.372041
19.201224,20.858095
20.858251,19.200461
22.372028,17.413327
23.733763,15.506622
24.932871,13.493201
25.961994,11.388574
26.813713,9.205709
27.482730,6.959430
27.963049,4.667778
28.252866,2.341655
28.349243,0.000000
13.899646,23.327044
14.502876,24.339845
13.724900,24.110561
13.420394,23.611298
14.648257,23.502423
14.062536,23.655703
14.379649,23.038965
16.463585,23.059035
14.332325,23.989411
15.008455,24.036720
15.665116,22.898931
15.083142,23.042793
15.257701,23.408574
14.838272,23.764004
13.998036,24.640178
12.443902,25.454029
15.777816,22.099511
15.324333,22.422823
16.540707,22.215287
15.966367,22.416033
16.233119,21.773972
18.311304,21.620854
16.261577,22.725959
16.943124,22.716184
17.502947,21.526866
16.932639,21.719766
15.985228,23.400413
12.732404,24.689134
11.653992,25.191155
17.548777,20.720180
17.123788,21.081218
18.318956,20.773603
17.763327,21.020469
17.977131,20.358648
20.034080,20.034352
18.082681,21.305806
18.760837,21.239826
19.221205,20.008113
18.668967,20.247153
17.861539,22.000748
17.138169,22.068628
13.343481,24.573050
12.973595,25.194593
13.111511,24.229054
11.914457,25.711857
10.298833,26.394754
11.925754,24.393819
12.429706,24.148655
12.110882,24.743732
11.425501,24.640705
12.265235,25.113515
19.199801,19.200643
18.806175,19.595153
19.970571,19.190058
19.437850,19.481738
19.595805,18.805201
21.619775,18.311875
19.780245,19.739255
20.450888,19.618011
20.807146,18.352870
20.276780,18.636595
19.617361,20.450955
18.903051,20.577274
10.658616,25.680682
11.259847,25.607869
10.849859,26.178897
9.541353,26.061669
11.034865,25.243177
10.144507,26.048022
9.750178,26.607534
20.719609,17.549787
20.359307,17.975922
21.487479,17.475427
20.980576,17.810097
21.082034,17.122556
23.058060,16.464291
21.342437,18.038735
22.001032,17.862452
22.251959,16.572045
21.746597,16.898252
21.239596,18.761088
20.536581,18.946778
9.870651,25.296036
10.391366,25.090897
10.049859,25.654003
9.351241,25.499794
10.511629,25.373968
8.083129,27.155163
22.098098,15.778259
21.774657,16.233006
22.857241,15.641481
22.379340,16.016657
22.424010,15.323721
24.338601,14.504122
22.759151,16.214887
23.400712,15.984942
23.544143,14.677940
23.067605,15.044772
22.715937,16.943556
22.031280,17.186122
8.500058,26.467608
9.107732,26.447014
8.650609,26.985859
7.355509,26.761013
8.919897,26.065907
7.960813,26.795230
7.519829,27.321727
23.325490,13.899659
23.040370,14.380067
24.070389,13.700841
23.625420,14.113777
23.612671,13.420061
25.453174,12.444379
24.020313,14.280020
24.640550,13.997906
24.675741,12.683915
24.231301,13.088513
24.037308,15.009951
23.375402,15.308038
7.748154,26.024903
8.284548,25.862842
7.213398,26.185115
5.812674,27.730264
24.393887,11.926041
24.149079,12.428743
25.119667,11.666460
24.710488,12.114798
24.639842,11.424537
26.393992,10.300113
25.117284,12.247940
25.712259,11.915211
25.638912,10.603069
25.229327,11.042850
25.194670,12.973480
24.559180,13.325818
7.892244,26.397240
8.381717,26.156926
6.285301,27.080092
6.892107,27.109210
6.392557,27.608265
5.120339,27.277379
6.736295,26.713578
5.720478,27.361170
5.238341,27.849618
25.295493,9.870954
25.092809,10.392217
25.997159,9.552334
25.626730,10.032812
25.499105,9.351124
27.154418,8.085264
26.042992,10.132205
26.608318,9.751147
26.426811,8.449737
26.055180,8.921532
26.179861,10.848743
25.575793,11.252273
5.572445,26.576085
6.120098,26.458753
5.026075,26.691034
3.502214,28.114778
26.024296,7.747707
25.865367,8.284929
26.697671,7.373027
26.367582,7.881939
26.184400,7.213235
27.729342,5.814366
26.790548,7.946885
27.322640,7.520652
27.034172,6.238210
26.703242,6.739571
26.986158,8.649383
26.417694,9.101775
5.685692,26.958690
6.192971,26.759823
4.027867,27.506540
4.629709,27.586131
4.090998,28.042333
2.850428,27.606203
4.507636,27.178977
3.442136,27.739839
2.921846,28.187769
26.575583,5.572518
26.460946,6.120741
27.215096,5.142133
26.929345,5.677008
26.689151,5.026379
28.115649,3.503909
27.355438,5.707845
27.850105,5.238443
27.457736,3.983660
27.167954,4.512053
27.608638,6.391205
27.079428,6.888737
3.359613,26.946222
3.913851,26.873757
2.804940,27.013977
1.170906,28.307830
26.945722,3.360538
26.875828,3.914194
27.545595,2.877886
27.307109,3.433464
27.013290,2.805616
28.309547,1.172611
27.734006,3.430121
28.186613,2.920516
27.691559,1.704419
27.448847,2.253629
28.042125,4.090450
27.555202,4.627542
3.440413,27.337238
3.961878,27.179078
1.742055,27.745395
2.336078,27.873811
1.758592,28.285256
-0.000000,27.591268
1.121721,27.131478
0.677809,27.147143
2.249240,27.459569
1.680560,27.106760
0.818820,27.831418
1.321219,27.985348
0.582365,28.332280
0.000000,27.966415
0.618542,27.499248
1.284495,27.488201
27.131067,1.122408
27.105410,1.681663
27.750591,0.000000
27.147699,0.677688
27.853951,0.857910
27.987581,1.388161
27.503717,1.145294
28.331770,0.580252
27.964209,0.000000
27.539615,0.000000
27.467310,0.574947
27.843952,2.336121
