20.310470,-0.000000
20.241081,1.677274
20.032966,3.343010
19.688716,4.985974
19.209430,6.594878
18.599139,8.158682
17.861858,9.666699
17.002666,11.108804
16.027715,12.474672
14.942117,13.756262
13.755992,14.942406
12.474387,16.028071
11.108573,17.003055
9.666590,17.862193
8.158494,18.599463
6.594730,19.209864
4.985837,19.689213
3.342957,20.033550
1.677212,20.241855
-0.000000,20.311288
0.000000,21.859030
1.805170,21.783850
3.597888,21.560884
5.365987,21.189948
7.097531,20.674115
8.780487,20.017422
10.403340,19.223913
11.955769,18.299642
13.426112,17.249688
14.804250,16.082253
16.082075,14.804370
17.249474,13.426204
18.299361,11.955842
19.223624,10.403377
20.017126,8.780551
20.673770,7.097508
21.189522,5.365906
21.560328,3.597833
21.783213,1.805011
21.858179,0.000000
10.387788,17.432965
11.179649,18.762071
10.423405,18.311651
10.027386,17.647616
11.110489,17.826815
10.616869,17.858741
10.748250,17.218094
12.691080,17.774952
10.941288,18.314056
11.567845,18.530857
11.898070,17.392321
11.393594,17.406725
11.647164,17.870256
11.347209,18.176259
10.791516,18.993137
9.592027,19.620985
11.791753,16.515837
11.450413,16.759463
12.546571,16.851797
12.055177,16.923501
12.133182,16.272093
14.115351,16.666253
12.414058,17.350075
13.058790,17.512369
13.293462,16.350549
12.791387,16.407788
12.323464,18.037438
9.678507,18.768720
8.853394,19.139380
13.115462,15.485451
12.795202,15.756811
13.896348,15.758296
13.412109,15.870134
13.435899,15.214105
15.443364,15.443566
13.804177,16.265676
14.460002,16.374291
14.598550,15.196483
14.102881,15.295166
13.770710,16.958124
13.083739,16.847395
10.191635,18.768071
9.997872,19.422515
9.906652,18.306833
9.186214,19.819360
7.939037,20.346107
8.912691,18.231148
9.289746,18.046849
9.150639,18.696196
8.535857,18.415494
9.364285,19.174137
14.349334,14.349562
14.052925,14.646036
15.148944,14.556698
14.676182,14.708246
14.645883,14.053065
16.665992,14.115531
15.100455,15.069934
15.762939,15.124012
15.803265,13.939279
15.317490,14.078450
15.123822,15.763084
14.431047,15.708775
8.108110,19.535727
8.603151,19.565464
8.360040,20.181810
7.248001,19.799221
8.338926,19.073864
7.745330,19.890132
7.518211,20.510238
15.485216,13.115670
15.213922,13.436001
16.299903,13.256040
15.840981,13.446069
15.756636,12.795325
17.774660,12.691242
16.293114,13.771647
16.957962,13.770894
16.900632,12.586752
16.427946,12.765398
16.374086,14.460137
15.678156,14.463870
7.376742,18.905017
7.767655,18.752354
7.593394,19.385242
6.985958,19.057602
7.923997,19.128475
6.231708,20.932375
16.515504,11.791900
16.271873,12.133328
17.338944,11.864773
16.897211,12.092053
16.759280,11.450528
18.761749,11.179822
17.374858,12.379127
18.037229,12.323549
17.881994,11.147775
17.425785,11.365152
17.512125,13.058903
16.819411,13.119714
6.464923,20.131465
6.959105,20.204900
6.664861,20.803356
5.587717,20.330861
6.740513,19.695340
6.077626,20.460409
5.798782,21.061277
17.432595,10.387891
17.217890,10.748388
18.258965,10.392266
17.837740,10.655231
17.647423,10.027474
19.620655,9.592145
18.337529,10.901829
18.992912,10.791598
18.741335,9.633186
18.304607,9.887268
18.530620,11.568011
17.845443,11.685733
5.790396,19.449883
6.192607,19.329922
5.388314,19.569710
4.481832,21.375763
18.230848,8.912807
18.046598,9.289793
19.054887,8.849081
18.656706,9.145877
18.415179,8.535917
20.345748,7.939181
19.174872,9.350429
19.819106,9.186328
19.472825,8.052730
19.058569,8.342017
19.422230,9.997941
18.748872,10.172197
5.962766,19.946375
6.319259,19.720464
4.780546,20.597515
5.266721,20.711221
4.924150,21.282988
3.889610,20.723019
5.090623,20.185149
4.367041,20.892751
4.039801,21.468436
18.904637,7.376874
18.752126,7.767811
19.720678,7.245366
19.348329,7.574000
19.057230,6.986055
20.931953,6.231835
19.881526,7.735138
20.509966,7.518301
20.071398,6.417200
19.682433,6.739700
20.181531,8.360035
19.524934,8.589269
4.164469,19.861737
4.575164,19.775506
3.753861,19.947786
2.701354,21.672692
19.449430,5.790482
19.329660,6.192714
20.251855,5.592111
19.907868,5.950338
19.569251,5.388393
21.375224,4.481905
20.452444,6.066949
21.060931,5.798831
20.533008,4.737861
20.172015,5.091363
20.802963,6.664827
20.167537,6.947531
4.295509,20.370887
4.669012,20.174955
3.063652,20.922359
3.538651,21.075732
3.149840,21.617002
2.165627,20.973208
3.406269,20.536557
2.627153,21.182025
2.253229,21.728489
19.861184,4.164558
19.775134,4.575286
20.644692,3.900404
20.331433,4.285974
19.947159,3.753939
21.672136,2.701377
20.883707,4.357219
21.467946,4.039798
20.853787,3.025713
20.523325,3.408097
21.282509,4.924068
20.672614,5.258444
2.510161,20.138033
2.926517,20.085802
2.093807,20.189979
0.902548,21.821732
20.137380,2.510278
20.085315,2.926604
20.895771,2.182477
20.615763,2.592286
20.189272,2.093903
21.821086,0.902610
21.172082,2.617743
21.727779,2.253127
21.032807,1.293968
20.734953,1.701847
21.616372,3.149786
21.036295,3.532828
2.599308,20.656122
2.987227,20.491280
1.325035,21.102788
1.785950,21.295239
1.353901,21.803085
0.000000,20.872372
0.838547,20.276711
0.507209,20.290168
1.699468,20.748039
1.257836,20.259279
0.624866,21.191220
1.008728,21.403992
0.451168,21.840476
0.000000,21.365367
0.463298,20.753439
0.970189,20.751957
20.275948,0.838607
20.258483,1.257924
21.083460,0.000000
20.289467,0.507205
21.218830,0.653363
21.408919,1.059813
20.768966,0.864997
21.839713,0.451054
21.364447,0.000000
20.802700,0.000000
20.709985,0.429689
21.255891,1.784270
