23.038003,-0.000000
22.957159,1.902443
22.721132,3.791357
22.330345,5.655152
21.786651,7.480006
21.094542,9.253681
20.258262,10.963973
19.283570,12.599474
18.177663,14.148630
16.946486,15.602143
15.601215,16.947373
14.147354,18.178884
12.598466,19.284821
10.963933,20.258832
9.252874,21.094820
7.479455,21.787310
5.654571,22.330847
3.791468,22.721577
1.902275,22.958427
-0.000000,23.039282
-0.000000,24.414848
2.017146,24.330040
4.019066,24.081251
5.993725,23.667020
7.927725,23.091010
9.807141,22.357620
11.620090,21.471432
13.353818,20.438982
14.995896,19.266074
16.535071,17.962215
17.962150,16.534840
19.265933,14.995664
20.438598,13.353569
21.471125,11.619688
22.357437,9.807181
23.090843,7.927360
23.666877,5.993142
24.080801,4.019027
24.329904,2.016151
24.413421,0.000000
11.783042,19.774895
12.487847,20.957945
11.728899,20.604627
11.375400,20.017122
12.509898,20.071975
11.981753,20.155199
12.191189,19.530716
14.176144,19.855199
12.280146,20.554847
12.922196,20.698417
13.387507,19.569615
12.854749,19.638828
13.072561,20.056813
12.724780,20.381191
12.054002,21.216144
10.714687,21.917400
13.375384,18.734333
12.989393,19.009648
14.126431,18.973307
13.604375,19.099252
13.762232,18.457961
15.767098,18.616761
13.933135,19.472537
14.587893,19.561002
14.957900,18.397130
14.431379,18.511401
13.765158,20.148577
10.885717,21.109041
9.960679,21.531978
14.876773,17.565145
14.514809,17.872317
15.645662,17.742039
15.135526,17.910212
15.240363,17.257942
17.250519,17.250857
15.493384,18.255586
16.153044,18.289746
16.426321,17.098912
15.911094,17.256255
15.381179,18.943061
14.684275,18.908680
11.435656,21.059619
11.169276,21.694930
11.175674,20.652185
10.260344,22.139031
8.867840,22.727377
10.109753,20.679709
10.537560,20.471058
10.322838,21.091262
9.683874,20.888941
10.509548,21.519144
16.276389,16.276876
15.941321,16.612433
17.056070,16.389426
16.562247,16.599047
16.612702,15.940986
18.616096,15.767512
16.948096,16.913454
17.608416,16.893204
17.781776,15.684345
17.281445,15.883539
16.892831,17.608374
16.196453,17.630805
9.116035,21.964490
9.651676,21.950329
9.340190,22.542785
8.154683,22.275194
9.406487,21.516924
8.692534,22.321296
8.396945,22.910471
17.564817,14.877286
17.258121,15.239844
18.351811,14.924978
17.876748,15.174662
17.872633,14.514439
19.854540,14.176610
18.286662,15.456327
18.943226,15.381705
19.016531,14.162445
18.534233,14.402041
18.289517,16.153124
17.596119,16.233655
8.367437,21.444279
8.810262,21.270631
8.566120,21.867783
7.925616,21.617249
8.949547,21.603471
6.960397,23.382140
18.733474,13.375589
18.458096,13.762277
19.521690,13.358648
19.068680,13.646559
19.010139,12.989228
20.957226,12.488559
19.500682,13.893518
20.148666,13.765028
20.120860,12.543541
19.660096,12.822304
19.560727,14.588024
18.876927,14.725069
7.269225,22.635840
7.807053,22.668699
7.446505,23.237390
6.286619,22.873103
7.603548,22.218166
6.821126,22.961401
6.476342,23.525727
19.773929,11.783037
19.531213,12.191411
20.557734,11.700999
20.130322,12.025171
20.017735,11.375243
21.916843,10.715053
20.581280,12.235595
21.216301,12.053966
21.087918,10.839420
20.651820,11.155009
20.698486,12.922903
20.028572,13.115774
6.568103,22.062251
7.023961,21.925363
6.113323,22.198097
5.005582,23.877330
20.679552,10.109914
20.471225,10.537102
21.453927,9.963547
21.054741,10.321893
20.888581,9.683496
22.726883,8.868639
21.521171,10.494433
22.139188,10.260767
21.910995,9.061108
21.502460,9.411598
21.694784,11.169233
21.042769,11.417253
6.726774,22.501085
7.136640,22.270980
5.375175,23.159751
5.908146,23.236459
5.502113,23.773206
4.376168,23.314355
5.742301,22.770413
4.901430,23.446435
4.511688,23.980403
21.443822,8.367727
21.271403,8.810757
22.203426,8.157959
21.835350,8.547926
21.616890,7.925644
23.381654,6.961450
22.314325,8.681557
22.910820,8.397431
22.584418,7.220856
22.206275,7.603726
22.543013,9.339665
21.913850,9.640628
4.723745,22.529474
5.189109,22.430630
4.259155,22.626945
3.016566,24.208655
22.061741,6.568061
21.926384,7.024174
22.801523,6.296558
22.466713,6.715464
22.197636,6.113302
23.876653,5.006406
22.954940,6.809157
23.526075,6.476763
23.103576,5.331016
22.758629,5.744085
23.237186,7.445991
22.635097,7.797997
4.845969,22.979790
5.272981,22.784234
3.444667,23.524695
3.969187,23.645357
3.520176,24.146673
2.436244,23.595566
3.842386,23.167029
2.948944,23.770964
2.516513,24.271330
22.528903,4.723905
22.431430,5.189528
23.243632,4.391567
22.944990,4.836948
22.625832,4.259316
24.208775,3.017189
23.438864,4.890481
23.980394,4.511828
23.465021,3.404473
23.154833,3.845311
23.772997,5.501483
23.201988,5.902071
2.847585,22.843053
3.318946,22.782558
2.376206,22.901180
1.008230,24.375159
22.842442,2.848142
22.783199,3.319195
23.525916,2.457515
23.266436,2.925397
22.900348,2.376633
24.375388,1.008977
23.762889,2.938469
24.270350,2.515894
23.665595,1.456217
23.393928,1.920322
24.146053,3.519974
23.609920,3.964905
2.932291,23.302077
3.373453,23.141350
1.489591,23.728371
2.003066,23.891772
1.513173,24.355169
0.000000,23.532227
0.950815,23.000362
0.574631,23.014343
1.917055,23.405978
1.425930,22.979652
0.701542,23.815102
1.132042,24.001142
0.502930,24.396091
-0.000000,23.970903
0.524858,23.425989
1.094779,23.420336
22.999552,0.951184
22.978423,1.426463
23.719132,0.000000
23.014075,0.574559
23.840160,0.734233
24.004607,1.189293
23.436337,0.976203
24.395288,0.501955
23.969021,0.000000
23.470890,0.000000
23.387642,0.487327
23.856747,2.002087
