20.885950,0.000000
20.814029,1.724792
20.600063,3.437611
20.246008,5.127162
19.753153,6.781623
19.125611,8.389700
18.367435,9.940369
17.483847,11.423252
16.481242,12.827778
15.364919,14.145637
14.145216,15.365344
12.827268,16.481796
11.422848,17.484433
9.940269,18.367810
8.389358,19.125886
6.781366,19.753616
5.126906,20.246503
3.437562,20.600646
1.724676,20.815001
-0.000000,20.886985
-0.000000,22.395065
1.849650,22.317768
3.686233,22.089370
5.497625,21.709349
7.271619,21.180903
8.995758,20.508141
10.658485,19.695202
12.248914,18.748239
13.755256,17.672472
15.167149,16.476424
16.476266,15.167198
17.672271,13.755280
18.747924,12.248929
19.694921,10.658441
20.507908,8.995837
21.180641,7.271520
21.709008,5.497420
22.088834,3.686143
22.317169,1.849262
22.393945,-0.000000
10.682135,17.927075
11.453966,19.222548
10.697950,18.793875
10.311763,18.147540
11.404854,18.299108
10.904235,18.342286
11.052675,17.705994
13.002478,18.211165
11.222568,18.784842
11.851830,18.985393
12.211273,17.850189
11.701182,17.876627
11.946608,18.329625
11.636513,18.639337
11.056276,19.459290
9.827441,20.102560
12.125824,16.983881
11.775049,17.234199
12.878870,17.298033
12.381327,17.381599
12.476851,16.733233
14.461684,17.075246
12.733192,17.795969
13.379419,17.941950
13.643461,16.780894
13.136602,16.850603
12.625795,18.480112
9.932330,19.260807
9.086234,19.642506
13.487009,15.924172
13.157932,16.203114
14.264279,16.175535
13.774916,16.299633
13.816581,15.645258
15.822280,15.822528
14.159037,16.683710
14.814991,16.775933
14.982887,15.596513
14.483499,15.707975
14.108403,17.374305
13.419949,17.280414
10.452941,19.249467
10.243502,19.899060
10.173774,18.800578
9.411465,20.305796
8.133776,20.845469
9.165231,18.747743
9.553031,18.558288
9.397381,19.200411
8.778045,18.937343
9.604878,19.666819
14.755852,14.756133
14.451278,15.060873
15.550067,14.942180
15.073242,15.106312
15.060819,14.451320
17.074887,14.461930
15.488597,15.457215
16.149894,15.494986
16.219304,14.306224
15.730900,14.458415
15.494751,16.149981
14.801888,16.112533
8.319993,20.046360
8.823382,20.066407
8.565559,20.676921
7.438650,20.319884
8.563648,19.588156
7.944321,20.400892
7.702481,21.013549
15.923925,13.487282
15.645150,13.816546
16.731489,13.607068
16.269566,13.809984
16.203053,13.157969
18.210782,13.002721
16.711914,14.125557
17.374232,14.108671
17.345574,12.918084
16.871330,13.109905
16.775717,14.815104
16.081046,14.835643
7.585730,19.440741
7.987634,19.283635
7.798146,19.907848
7.184182,19.597631
8.139999,19.649732
6.384488,21.446088
16.983423,12.125976
16.733080,12.476982
17.798072,12.178993
17.354382,12.419320
17.234173,11.775114
19.222142,11.454281
17.821464,12.697275
18.479974,12.625836
18.352826,11.441288
17.896145,11.671888
17.941689,13.379524
17.251628,13.456952
6.634005,20.657996
7.137197,20.722435
6.828747,21.313793
5.734673,20.865451
6.922184,20.226431
6.233821,20.985831
5.940864,21.578049
17.926573,10.682205
17.705944,11.052829
18.742532,10.667560
18.320445,10.943660
18.147546,10.311794
20.102199,9.827643
18.808944,11.182049
19.459169,11.056346
19.234852,9.886859
18.798769,10.154150
18.985217,11.852120
18.304072,11.986156
5.954453,20.001028
6.368019,19.877467
5.541246,20.124225
4.591641,21.900335
18.747498,9.165361
18.558160,9.552965
19.559569,9.083524
19.161640,9.393492
18.937065,8.778022
20.845113,8.134102
19.667858,9.590793
20.305664,9.411672
19.985605,8.264798
19.573097,8.567194
19.898812,10.243561
19.230808,10.433778
6.123576,20.484178
6.491405,20.257598
4.905540,21.136209
5.401433,21.241647
5.045327,21.805203
3.991914,21.267937
5.227800,20.729370
4.479311,21.429238
4.138764,21.995175
19.440371,7.585926
19.283661,7.987889
20.242963,7.437349
19.872000,7.779067
19.597303,7.184287
21.445682,6.384832
20.392689,7.933990
21.013461,7.702678
20.599909,6.586215
20.213777,6.921604
20.676772,8.565458
20.026853,8.810161
4.282439,20.424571
4.704695,20.335638
3.860428,20.513018
2.767452,22.204482
20.000580,5.954546
19.877518,6.368170
20.788188,5.740295
20.446650,6.111447
20.123791,5.541331
21.899765,4.591881
20.978232,6.222886
21.577892,5.941003
21.073590,4.862594
20.716557,5.228783
21.313446,6.828624
20.685966,7.126209
4.411368,20.920096
4.796211,20.724457
3.143738,21.469488
3.629068,21.615493
3.227481,22.147510
2.222508,21.524654
3.498069,21.090315
2.694761,21.725931
2.308457,22.261736
20.423999,4.282575
20.335530,4.704913
21.191369,4.003720
20.881706,4.401988
20.512272,3.860547
22.204037,2.767578
21.420520,4.469254
21.994784,4.138797
21.402897,3.105362
21.077295,3.500150
21.804769,5.045123
21.204007,5.393665
2.581333,20.708749
3.009317,20.654736
2.153354,20.761981
0.924720,22.357230
20.708051,2.581581
20.654465,3.009471
21.448950,2.240322
21.173842,2.662417
20.761168,2.153556
22.356667,0.924921
21.716366,2.685120
22.260900,2.308222
21.586411,1.328087
21.294676,1.747836
22.146826,3.227382
21.576963,3.623586
2.669380,21.213162
3.068560,21.049390
1.359592,21.654854
1.831554,21.840669
1.387309,22.338318
0.000000,21.432238
0.862189,20.851396
0.521376,20.864917
1.745254,21.307608
1.293297,20.833207
0.640990,21.742832
1.034625,21.949507
0.462047,22.376426
0.000000,21.912739
0.476267,21.316251
0.996432,21.313821
20.850505,0.862329
20.832204,1.293503
21.637618,0.000000
20.864204,0.521356
21.769733,0.670366
21.953975,1.086984
21.330464,0.888440
22.375541,0.461738
21.911447,0.000000
21.364392,0.000000
21.273854,0.441840
21.802238,1.830024
