22.771972,0.000000
22.692191,1.880483
22.458897,3.747624
22.072648,5.589877
21.535240,7.393664
20.851116,9.146868
20.024491,10.837422
19.061059,12.454052
17.967921,13.985328
16.750943,15.422072
15.421197,16.751784
13.984137,17.969075
12.453112,19.062246
10.837372,20.025051
9.146113,20.851401
7.393147,21.535890
5.589334,22.073165
3.747712,22.459374
1.880314,22.693450
-0.000000,22.773252
-0.000000,24.163976
1.996348,24.080069
3.977730,23.833814
5.932103,23.423833
7.846225,22.853733
9.706347,22.127877
11.500638,21.250790
13.216559,20.228960
14.841774,19.068112
16.365136,17.777644
17.777559,16.364946
19.067954,14.841577
20.228569,13.216346
21.250474,11.500279
22.127680,9.706392
22.853547,7.845887
23.423656,5.931558
23.833344,3.977674
24.079859,1.995413
24.162546,-0.000000
11.646937,19.546468
12.359414,20.742382
11.601126,20.380214
11.243900,19.786003
12.372967,19.852305
11.848330,19.930734
12.050443,19.305134
14.030346,19.650983
12.148969,20.335315
12.789228,20.485633
13.241720,19.356515
12.711893,19.420610
12.932898,19.842584
12.589757,20.165086
11.930071,20.997910
10.604471,21.691972
13.220898,18.517938
12.839255,18.790164
13.971836,18.765718
13.452927,18.886575
13.603325,18.244739
15.604933,18.425278
13.784299,19.264587
14.437771,19.359889
14.794986,18.196810
14.271032,18.305732
13.623632,19.941319
10.767537,20.879947
9.852295,21.297790
14.704953,17.362274
14.347048,17.665966
15.474481,17.547925
14.967039,17.710785
15.064349,17.058567
17.073095,17.073434
15.327874,18.060621
15.986823,18.101704
16.247417,16.912703
15.734296,17.064521
15.223073,18.748182
14.527441,18.706715
11.313746,20.835086
11.054273,21.471860
11.051591,20.422894
10.154900,21.911312
8.776645,22.493618
9.992981,20.440876
10.415857,20.234590
10.208224,20.857114
9.571885,20.647682
10.397332,21.289400
16.088402,16.088870
15.757100,16.420624
16.869445,16.210092
16.377864,16.414211
16.420850,15.756819
18.424639,15.605334
16.767063,16.732832
17.427232,16.719521
17.588117,15.513540
17.089422,15.707055
16.719159,17.427205
16.023464,17.442483
9.017346,21.726716
9.548919,21.716625
9.243961,22.311019
8.065931,22.032850
9.302106,21.278070
8.599728,22.083102
8.310682,22.674837
17.361950,14.705440
17.058703,15.063892
18.151021,14.761668
17.677731,15.005681
17.666230,14.346738
19.650344,14.030792
18.091333,15.291265
18.748317,15.223574
18.809426,14.008216
18.328296,14.242023
18.101468,15.986907
17.408182,16.060248
8.270788,21.196597
8.708570,21.024987
8.471010,21.625073
7.833948,21.367581
8.849334,21.361614
6.888849,23.141652
18.517112,13.221098
18.244826,13.603387
19.308101,13.212471
18.856400,13.494595
18.790586,12.839124
20.741689,12.360085
19.292396,13.745142
19.941374,13.623523
19.901727,12.406926
19.441647,12.679837
19.359604,14.437897
18.675317,14.567773
7.190475,22.390666
7.723949,22.427267
7.369761,22.998456
6.218206,22.624270
7.519167,21.971518
6.748278,22.716363
6.409826,23.283787
19.545541,11.646939
19.305554,12.050658
20.332800,11.572942
19.906211,11.891254
19.786536,11.243766
21.691427,10.604823
20.361448,12.104920
20.998027,11.930049
20.858250,10.721360
20.422342,11.031065
20.485659,12.789886
19.814659,12.975658
6.492233,21.807437
6.942877,21.672186
6.042591,21.941717
4.954155,23.631754
20.440696,9.993140
20.234715,10.415445
21.219187,9.854502
20.820328,10.206936
20.647328,9.571551
22.493128,8.777397
21.291297,10.382352
21.911427,10.155301
21.672361,8.962413
21.263532,9.307030
21.471687,11.054242
20.818012,11.295266
6.652069,22.251322
7.056765,22.021732
5.316950,22.908911
5.845281,22.989000
5.445364,23.528755
4.328539,23.060717
5.678584,22.517654
4.849074,23.196231
4.465366,23.733798
21.196137,8.271074
21.025660,8.709041
21.960492,8.068668
21.592237,8.452722
21.367218,7.833988
23.141165,6.889822
22.075976,8.588834
22.675128,8.311135
22.338455,7.142198
21.959525,7.519253
22.311187,9.243487
21.679788,9.537620
4.669182,22.269261
5.129227,22.171629
4.209852,22.365612
2.985618,23.959699
21.806921,6.492213
21.673081,6.943085
22.552033,6.227628
22.216577,6.640674
21.941250,6.042585
23.631075,4.954912
22.709757,6.736439
23.284068,6.410215
22.851972,5.272956
22.505740,5.680272
22.998215,7.369296
22.393325,7.714669
4.792143,22.724727
5.213961,22.529239
3.407356,23.269927
3.926988,23.393551
3.483809,23.898355
2.409744,23.338888
3.799744,22.909857
2.917417,23.517307
2.490672,24.021706
22.268673,4.669343
22.172309,5.129627
22.989317,4.343506
22.689499,4.783090
22.364529,4.210008
23.959737,2.986176
23.188511,4.838235
23.733731,4.465498
23.209433,3.367400
22.897550,3.802570
23.528498,5.444785
22.954154,5.839009
2.814666,22.579207
3.280674,22.519500
2.348647,22.636722
0.997859,24.124504
22.578566,2.815191
22.520018,3.280916
23.268528,2.430599
23.007321,2.892830
22.635867,2.349053
24.124610,0.998539
23.509042,2.907044
24.020721,2.490098
23.407886,1.440336
23.133956,1.898960
23.897702,3.483620
23.357747,3.922563
2.899726,23.043401
3.335707,22.882372
1.473461,23.471344
1.981788,23.637332
1.497538,24.104657
0.000000,23.272131
0.939845,22.734711
0.568028,22.748617
1.895773,23.146130
1.409537,22.714291
0.694037,23.558192
1.119955,23.746614
0.497859,24.145218
0.000000,23.715598
0.518844,23.164788
1.082606,23.159512
22.733860,0.940189
22.713059,1.410034
23.461114,0.000000
22.748270,0.567960
23.583429,0.726317
23.750161,1.176593
23.175550,0.965346
24.144376,0.496963
23.713743,0.000000
23.210029,0.000000
23.125946,0.481699
23.601894,1.980743
