20.454625,-0.000000
20.384596,1.689181
20.175021,3.366712
19.828320,5.021347
19.345638,6.641665
18.731028,8.216559
17.988512,9.735259
17.123205,11.187577
16.141322,12.563127
15.048025,13.853803
13.853488,15.048356
12.562779,16.141737
11.187296,17.123653
9.735146,17.988866
8.216326,18.731349
6.641483,19.346093
5.021175,19.828834
3.366655,20.175631
1.689100,20.385456
-0.000000,20.455538
-0.000000,21.993158
1.816301,21.917441
3.619992,21.693112
5.398920,21.319901
7.141084,20.800911
8.834341,20.140197
10.467170,19.341826
12.029104,18.411874
13.508450,17.355458
14.895030,16.180863
16.180682,14.895139
17.355238,13.508530
18.411575,12.029168
19.341530,10.467193
20.139909,8.834414
20.800577,7.141043
21.319480,5.398807
21.692538,3.619924
21.916779,1.816079
21.992198,-0.000000
10.461522,17.556757
11.248275,18.877278
10.492131,18.432377
10.098622,17.772864
11.184180,17.945061
10.688822,17.979831
10.824509,17.340328
12.768981,17.884085
11.011685,18.431892
11.638888,18.644577
11.976471,17.506946
11.470608,17.524392
11.722105,17.985232
11.419607,18.292156
10.857753,19.109764
9.650921,19.741474
11.875435,16.633094
11.531731,16.878398
12.629756,16.963513
12.136839,17.038214
12.219269,16.387619
14.201988,16.768573
12.493926,17.461677
13.139000,17.619842
13.381072,16.458279
12.877820,16.518667
12.399098,18.148187
9.742044,18.891911
8.911679,19.265338
13.208531,15.595357
12.886061,15.868619
13.988450,15.862750
13.502947,15.977681
13.531257,15.322115
15.538151,15.538372
13.892984,16.370301
14.548804,16.474771
14.694753,15.296622
14.198176,15.398529
13.855187,17.062241
13.167879,16.955772
10.257030,18.888561
10.059321,19.541745
9.973534,18.430473
9.242566,19.941065
7.987754,20.471047
8.975954,18.360573
9.355702,18.174981
9.212418,18.822458
8.596526,18.546236
9.424498,19.297456
14.451164,14.451412
14.152708,14.749958
15.249355,14.653201
14.775597,14.807920
14.749823,14.152832
16.768279,14.202192
15.197591,15.166861
15.859737,15.216820
15.907405,14.031136
15.420996,14.173589
15.216611,15.859873
14.523852,15.809826
8.161146,19.663559
8.658266,19.690845
8.411455,20.305686
7.295725,19.929571
8.395193,19.202649
7.795133,20.017976
7.564311,20.636165
15.595111,13.208762
15.321942,13.531332
16.407942,13.343918
15.948291,13.537192
15.868464,12.886170
17.883760,12.769169
16.397923,13.860223
17.062094,13.855399
17.012009,12.669696
16.538959,12.851659
16.474556,14.548939
15.778981,14.556915
7.429094,19.039235
7.822762,18.885458
7.644660,19.516109
7.035614,19.192900
7.978087,19.259017
6.269929,21.060906
16.632720,11.875589
16.387406,12.219418
17.453881,11.943439
17.011681,12.174000
16.878245,11.531840
18.876926,11.248491
17.486629,12.458754
18.147987,12.399178
17.999857,11.221253
17.543557,11.441958
17.619585,13.139115
16.927577,13.204117
6.507246,20.263278
7.003674,20.334435
6.705860,20.931068
5.624504,20.464698
6.786001,19.828333
6.116718,20.591923
5.834328,21.190573
17.556343,10.461621
17.340153,10.824656
18.380025,10.461189
17.958608,10.727456
17.772713,10.098701
19.741128,9.651066
18.455514,10.971966
19.109557,10.857838
18.864881,9.696693
18.428343,9.954097
18.644346,11.639091
17.960223,11.760924
5.831492,19.587966
6.236550,19.467101
5.426623,19.708636
4.509304,21.507013
18.360278,8.976079
18.174753,9.355726
19.181236,8.907778
18.783144,9.207884
18.545922,8.596571
20.470679,7.987950
19.298259,9.410592
19.940833,9.242710
19.601194,8.105822
19.187406,8.398405
19.541461,10.059394
18.869491,10.237669
6.003029,20.081049
6.362367,19.854982
4.811833,20.732374
5.300434,20.843983
4.954465,21.413649
3.915219,20.859443
5.124970,20.321430
4.395140,21.027036
4.064561,21.600228
19.038848,7.429249
18.885285,7.822950
19.851433,7.293433
19.479458,7.625353
19.192528,7.035719
21.060475,6.270112
20.009463,7.784911
20.635930,7.564432
20.203702,6.459514
19.815478,6.785252
20.305431,8.411430
19.650556,8.644558
4.194020,20.002750
4.607613,19.915840
3.780554,20.089400
2.717891,21.805750
19.587499,5.831587
19.466905,6.236674
20.386122,5.629211
20.042778,5.990684
19.708168,5.426710
21.506445,4.509417
20.584037,6.105979
21.190260,5.834400
20.668329,4.769087
20.308360,5.125775
20.930674,6.705806
20.297289,6.992253
4.324517,20.508419
4.700864,20.312571
3.083698,21.059333
3.561279,21.210833
3.169264,21.749741
2.179865,21.111270
3.429254,20.675230
2.644075,21.318170
2.267048,21.861913
20.002170,4.194127
19.915515,4.607765
20.781544,3.926270
20.469214,4.315026
20.088719,3.780648
21.805193,2.717936
21.018054,4.385260
21.599740,4.064565
20.991237,3.045652
20.662026,3.431149
21.413161,4.954352
20.805606,5.292289
2.527988,20.281025
2.947259,20.228344
2.108722,20.333292
0.908096,21.955723
20.280329,2.528144
20.227884,2.947368
21.034242,2.196958
20.755495,2.609847
20.332524,2.108849
21.955060,0.908192
21.308293,2.634606
21.861138,2.266909
21.171376,1.302509
20.875089,1.713363
21.749068,3.169196
21.171603,3.555542
2.616851,20.795619
3.007593,20.631056
1.333683,21.241003
1.797364,21.431763
1.362261,21.937010
0.000000,21.012575
0.844467,20.420701
0.510754,20.434172
1.710931,20.888171
1.266718,20.403075
0.628902,21.329317
1.015209,21.540536
0.453892,21.974580
0.000000,21.502382
0.466546,20.894394
0.976761,20.892670
20.419867,0.844548
20.402188,1.266839
21.222165,0.000000
20.433429,0.510747
21.356706,0.657619
21.545307,1.066611
20.909546,0.870869
21.973747,0.453727
21.501325,0.000000
20.943330,0.000000
20.851170,0.432732
21.392614,1.795721
