20.450266,-0.000000
20.380255,1.688821
20.170724,3.365996
19.824098,5.020279
19.341519,6.640251
18.727040,8.214811
17.984682,9.733188
17.119560,11.185197
16.137887,12.560455
15.044823,13.850857
13.850540,15.045156
12.560107,16.138305
11.184917,17.120012
9.733074,17.985041
8.214578,18.727367
6.640070,19.341980
5.020107,19.824619
3.365939,20.171342
1.688741,20.381121
0.000000,20.451183
-0.000000,21.989108
1.815964,21.913407
3.619324,21.689119
5.397925,21.315976
7.139767,20.797081
8.832713,20.136489
10.465241,19.338264
12.026886,18.408483
13.505960,17.352262
14.892285,16.177883
16.177700,14.892396
17.352039,13.506043
18.408180,12.026952
19.337963,10.465264
20.136195,8.832786
20.796740,7.139727
21.315548,5.397812
21.688537,3.619257
21.912737,1.815744
21.988142,0.000000
10.459293,17.553019
11.246200,18.873798
10.490053,18.428731
10.096469,17.769082
11.181952,17.941490
10.686647,17.976174
10.822204,17.336637
12.766625,17.880788
11.009557,18.428333
11.636740,18.641142
11.974101,17.503484
11.468280,17.520838
11.719839,17.981759
11.417418,18.288655
10.855750,19.106241
9.649141,19.737834
11.872906,16.629553
11.529273,16.874807
12.627241,16.960139
12.134370,17.034749
12.216667,16.384131
14.199368,16.765481
12.491512,17.458305
13.136574,17.616595
13.378423,16.455024
12.875206,16.515318
12.396811,18.144842
9.740123,18.888191
8.909918,19.261535
13.205718,15.592038
12.883314,15.865242
13.985665,15.859595
13.500201,15.974433
13.528375,15.318853
15.535285,15.535508
13.890299,16.367140
14.546118,16.471736
14.691844,15.293597
14.195295,15.395407
13.852632,17.059095
13.165334,16.952498
10.255053,18.884922
10.057463,19.538144
9.971512,18.426739
9.240863,19.937389
7.986282,20.467273
8.974041,18.356665
9.353708,18.171112
9.210551,18.818645
8.594692,18.542289
9.422678,19.293731
14.448085,14.448336
14.149692,14.746820
15.246319,14.650286
14.772591,14.804910
14.746681,14.149819
16.765185,14.199573
15.194653,15.163933
15.856809,15.214016
15.904256,14.028361
15.417866,14.170715
15.213805,15.856949
14.521045,15.806773
8.159543,19.659699
8.656600,19.687058
8.409900,20.301945
7.294282,19.925635
8.393492,19.198760
7.793627,20.014115
7.562917,20.632361
15.591789,13.205950
15.318676,13.528453
16.404674,13.341263
15.945046,13.534439
15.865083,12.883427
17.880460,12.766814
16.394754,13.857546
17.058944,13.852845
17.008641,12.667190
16.535602,12.849053
16.471517,14.546256
15.775932,14.554104
7.427512,19.035183
7.821097,18.881439
7.643110,19.512158
7.034113,19.188815
7.976452,19.255076
6.268774,21.057024
16.629175,11.873062
16.383912,12.216818
17.450405,11.941062
17.008219,12.171524
16.874648,11.529384
18.873442,11.246415
17.483248,12.456348
18.144637,12.396892
17.996292,11.219033
17.539995,11.439637
17.616334,13.136691
16.924306,13.201566
6.505967,20.259298
7.002327,20.330523
6.704621,20.927211
5.623392,20.460656
6.784626,19.824317
6.115536,20.587951
5.833253,21.186668
17.552602,10.459394
17.336456,10.822352
18.376364,10.459106
17.954953,10.725274
17.768925,10.096550
19.737483,9.649286
18.451945,10.969847
19.106029,10.855836
18.861144,9.694774
18.424601,9.952078
18.640906,11.636943
17.956751,11.758652
5.830250,19.583797
6.235222,19.462959
5.425465,19.704442
4.508473,21.503049
18.356364,8.974167
18.170878,9.353734
19.177415,8.906004
18.779320,9.206011
18.541969,8.594739
20.466899,7.986475
19.294526,9.408774
19.937151,9.241006
19.597311,8.104218
19.183509,8.396701
19.537854,10.057537
18.865842,10.235691
6.001812,20.076982
6.361064,19.850921
4.810887,20.728302
5.299415,20.839974
4.953549,21.409703
3.914445,20.855324
5.123932,20.317315
4.394291,21.022981
4.063812,21.596247
19.034789,7.427667
18.881258,7.821284
19.847478,7.291981
19.475492,7.623802
19.188437,7.034219
21.056586,6.268955
20.005592,7.783407
20.632119,7.563037
20.199700,6.458235
19.811454,6.783875
20.301683,8.409877
19.646756,8.642887
4.193127,19.998493
4.606632,19.911603
3.779747,20.085125
2.717391,21.801732
19.583324,5.830346
19.462754,6.235346
20.382060,5.628090
20.038697,5.989465
19.703967,5.425553
21.502474,4.508585
20.580056,6.104800
21.186347,5.833325
20.664235,4.768143
20.304236,5.124735
20.926810,6.704567
20.293364,6.990902
4.323641,20.504266
4.699901,20.308416
3.083092,21.055197
3.560595,21.206754
3.168677,21.745732
2.179435,21.107101
3.428559,20.671043
2.643563,21.314059
2.266630,21.857883
19.997906,4.193234
19.911269,4.606784
20.777404,3.925489
20.465047,4.314149
20.084438,3.779842
21.801167,2.717436
21.013989,4.384412
21.595752,4.063817
20.987079,3.045050
20.657830,3.430452
21.409208,4.953436
20.801583,5.291266
2.527450,20.276708
2.946632,20.224041
2.108271,20.328966
0.907928,21.951677
20.276006,2.527604
20.223572,2.946741
21.030053,2.196520
20.751268,2.609317
20.328191,2.108398
21.951006,0.908023
21.304172,2.634096
21.857103,2.266492
21.167184,1.302251
20.870850,1.713015
21.745053,3.168609
21.167509,3.554856
2.616321,20.791407
3.006978,20.626836
1.333422,21.236830
1.797019,21.427640
1.362008,21.932965
0.000000,21.008342
0.844288,20.416354
0.510647,20.429825
1.710585,20.883940
1.266450,20.398734
0.628780,21.325147
1.015013,21.536413
0.453809,21.970530
0.000000,21.498245
0.466447,20.890139
0.976562,20.888422
20.415514,0.844369
20.397842,1.266570
21.217968,0.000000
20.429075,0.510640
21.352535,0.657491
21.541180,1.066405
20.905293,0.870692
21.969691,0.453646
21.497183,0.000000
20.939076,0.000000
20.846899,0.432640
21.388477,1.795375
