21.275681,-0.000000
21.202084,1.756967
20.984135,3.501670
20.623428,5.222773
20.121370,6.908088
19.482141,8.546153
18.709820,10.125720
17.809727,11.636234
16.788410,13.066949
15.651287,14.409374
14.408847,15.651811
13.066286,16.789107
11.635711,17.810459
10.125629,18.710249
8.545718,19.482424
6.907772,20.121888
5.222452,20.623944
3.501643,20.984718
1.756829,21.203158
0.000000,21.276818
-0.000000,22.759123
1.879851,22.680424
3.746230,22.448348
5.587038,22.062161
7.389867,21.525146
9.141982,20.841462
10.831788,20.015326
12.448035,19.052955
13.978835,17.959669
15.413663,16.744187
16.744035,15.413669
17.959465,13.978816
19.052605,12.448005
20.015025,10.831680
20.841232,9.142059
21.524896,7.389713
22.061846,5.586754
22.447813,3.746133
22.679874,1.879329
22.757875,0.000000
10.881489,18.261710
11.640292,19.535323
10.884174,19.120968
10.504365,18.486113
11.604499,18.619426
11.099048,18.670084
11.258849,18.036432
13.213995,18.507469
11.413452,19.104329
12.044727,19.294135
12.423728,18.160775
11.909720,18.195208
12.149825,18.641373
11.832877,18.953651
11.236102,19.775924
9.987342,20.429658
12.352089,17.300873
11.994929,17.555721
13.104254,17.600698
12.602443,17.692160
12.709612,17.045557
14.696940,17.353068
12.949769,18.098579
13.597209,18.233751
13.880880,17.072825
13.370660,17.150836
12.831145,18.780809
10.104516,19.594621
9.244177,19.983793
13.738660,16.221322
13.403618,16.505390
14.513835,16.458543
14.020892,16.590821
14.074409,15.937284
16.079670,16.079951
14.399867,16.967420
15.056127,17.048763
15.243602,15.867884
14.741562,15.987869
14.337784,17.657020
13.648128,17.574296
10.630286,19.576171
10.410345,20.222741
10.354882,19.135321
9.564461,20.636201
8.266059,21.184653
9.336266,19.097610
9.731332,18.904668
9.564672,19.542252
8.942071,19.290766
9.768155,20.001164
15.031185,15.031512
14.721083,15.341843
15.822135,15.203645
15.342435,15.376192
15.341842,14.721067
17.352636,14.697228
15.752015,15.720055
16.412743,15.746981
16.501519,14.555148
16.011191,14.716041
15.746712,16.412805
15.053572,16.386560
8.463741,20.392772
8.972853,20.406395
8.705161,21.013215
7.567976,20.673067
8.716007,19.936836
8.079364,20.747514
7.827643,21.355424
16.221051,13.738983
15.937215,14.074290
17.024211,13.845164
16.560125,14.056710
16.505389,13.403595
18.507015,13.214288
16.996132,14.365747
17.656988,14.338109
17.647386,13.142845
17.171935,13.343488
17.048532,15.056234
16.354479,15.087962
7.727275,19.803566
8.136610,19.643455
7.936969,20.262166
7.318436,19.963371
8.286405,20.003056
6.488269,21.795024
17.300320,12.352252
17.045438,12.709736
18.109460,12.392114
17.664309,12.641196
17.555780,11.994960
19.534843,11.640691
18.124540,12.913185
18.780702,12.831155
18.672181,11.640384
18.215021,11.879853
18.233469,13.597313
17.544955,13.685827
6.748715,21.015195
7.258072,21.073681
6.940073,21.660496
5.834362,21.228084
7.045356,20.586499
6.339822,21.342407
6.037372,21.929070
18.261099,10.881541
18.036466,11.259017
19.070475,10.854269
18.647662,11.139194
18.486223,10.504361
20.429246,9.987585
19.128837,11.372208
19.775846,11.236156
19.569575,10.058922
19.133762,10.335084
19.293984,12.045096
18.615308,12.190037
6.065567,20.374298
6.486812,20.248309
5.644829,20.499781
4.666233,22.256646
19.097367,9.336404
18.904587,9.731191
19.901819,9.242520
19.503911,9.561348
19.290472,8.941986
21.184259,8.266489
20.002372,9.753898
20.636114,9.564715
20.333390,8.408636
19.921889,8.719847
20.222493,10.410387
19.557840,10.611287
6.232610,20.848798
6.608091,20.621695
4.990343,21.501658
5.492868,21.601647
5.127640,22.159906
4.061313,21.637572
5.320806,21.098345
4.555501,21.793323
4.205979,22.352962
19.803165,7.727499
19.643611,8.136919
20.597152,7.567544
20.226971,7.918077
19.963031,7.318533
21.794592,6.488752
20.739536,8.068924
21.355414,7.827900
20.958369,6.700851
20.573976,7.044919
21.013119,8.704983
20.367434,8.960055
4.362344,20.805753
4.792421,20.715005
3.932616,20.895827
2.812345,22.565690
20.373822,6.065647
20.248530,6.486979
21.151919,5.840792
20.811872,6.220656
20.499331,5.644901
22.256037,4.666585
21.335012,6.328704
21.929001,6.037567
21.440254,4.947201
21.085715,5.321940
21.660151,6.939881
21.037756,7.247459
4.489925,21.292449
4.882431,21.096939
3.198075,21.840654
3.690439,21.981822
3.280221,22.507836
2.261100,21.898712
3.560310,21.465745
2.740640,22.095042
2.345961,22.623928
20.805156,4.362494
20.715051,4.792686
21.562129,4.073789
21.254733,4.480629
20.894992,3.932747
22.565324,2.812554
21.784802,4.545282
22.352624,4.206037
21.775363,3.159389
21.452860,3.562552
22.159486,5.127357
21.564607,5.485427
2.629541,21.095260
3.065394,21.040053
2.193696,21.149367
0.939774,22.720936
21.094544,2.629859
21.039927,3.065576
21.824150,2.279556
21.552173,2.709959
21.148507,2.193951
22.720467,0.940074
22.085733,2.730846
22.623026,2.345650
21.961945,1.351230
21.674160,1.779016
22.507125,3.280102
21.943873,3.685182
2.716897,21.590808
3.123694,21.427696
1.383048,22.029346
1.862505,22.210835
1.409994,22.701839
-0.000000,21.811823
0.878217,21.240576
0.530991,21.254155
1.776302,21.686964
1.317318,21.221898
0.651928,22.117046
1.052203,22.319740
0.469427,22.740440
-0.000000,22.284200
0.485056,21.697747
1.014220,21.694699
21.239643,0.878403
21.220797,1.317591
22.013544,0.000000
21.253474,0.530959
22.143529,0.681901
22.323953,1.105435
21.711151,0.904322
22.739517,0.468992
22.282719,0.000000
21.745200,0.000000
21.656079,0.450071
22.173023,1.861077
