21.313461,-0.000000
21.239703,1.760084
21.021367,3.507878
20.660014,5.232038
20.157064,6.920343
19.516701,8.561313
18.743009,10.143680
17.841315,11.656871
16.818184,13.090124
15.679045,14.434929
14.434400,15.679568
13.089453,16.818882
11.656343,17.842046
10.143594,18.743426
8.560872,19.516966
6.920023,20.157566
5.231712,20.660510
3.507853,21.021926
1.759945,21.240761
0.000000,21.314581
-0.000000,22.794433
1.882781,22.715600
3.752051,22.483168
5.595713,22.096383
7.401341,21.558538
9.156171,20.873795
10.848605,20.046379
12.467357,19.082514
14.000532,17.987529
15.437586,16.770164
16.770022,15.437580
17.987338,14.000503
19.082175,12.467320
20.046092,10.848488
20.873583,9.156246
21.558309,7.401181
22.096092,5.595422
22.482656,3.751954
22.715080,1.882247
22.793200,0.000000
10.900810,18.294130
11.658373,19.565663
10.902234,19.152679
10.523032,18.518915
11.623860,18.650478
11.117936,18.701855
11.278831,18.068446
13.234520,18.536212
11.431968,19.135309
12.063445,19.324084
12.444333,18.190886
11.929940,18.226087
12.169537,18.671603
11.851926,18.984131
11.253551,19.806638
10.002858,20.461387
12.374020,17.331585
12.016240,17.586872
13.126112,17.630041
12.623882,17.722262
12.732172,17.075818
14.719770,17.380019
12.970778,18.127923
13.618343,18.262058
13.903907,17.101129
13.393355,17.179938
12.851071,18.809979
10.121215,19.626984
9.259494,20.016879
13.763051,16.250112
13.427431,16.534677
14.538038,16.485981
14.044743,16.619046
14.099399,15.965579
16.104648,16.104924
14.423229,16.994933
15.079528,17.075230
15.268888,15.894195
14.766587,16.015000
14.360043,17.684446
13.670263,17.602794
10.647489,19.607851
10.426534,20.254138
10.372443,19.167766
9.579306,20.668251
8.278895,21.217553
9.352843,19.131505
9.748612,18.938226
9.580893,19.575384
8.957968,19.325006
9.783993,20.033583
15.057872,15.058194
14.747235,15.369066
15.848522,15.228995
15.368538,15.402353
15.369081,14.747203
17.379592,14.720056
15.777569,15.745544
16.438251,15.771428
16.528892,14.579283
16.038371,14.741015
15.771163,16.438303
15.077987,16.413134
8.477682,20.426356
8.987352,20.439363
8.718707,21.045835
7.580518,20.707306
8.730780,19.970632
8.092463,20.781123
7.839788,21.388586
16.249852,13.763371
15.965525,14.099263
17.052602,13.868248
16.588301,14.080626
16.534694,13.427395
18.535764,13.234814
17.023704,14.389040
17.684430,14.360368
17.676660,13.164638
17.201085,13.366132
17.075008,15.079628
16.381005,15.112432
7.740993,19.838717
8.151048,19.678315
7.950430,20.296508
7.331447,19.998803
8.300599,20.037298
6.498339,21.828870
17.331037,12.374177
17.075715,12.732289
18.139662,12.412778
17.694363,12.662704
17.586953,12.016263
19.565191,11.658777
18.153943,12.934124
18.809888,12.851074
18.703157,11.659689
18.245944,11.900014
18.261786,13.618443
17.573412,13.708023
6.759840,21.049824
7.269798,21.107740
6.950875,21.694125
5.844029,21.263239
7.057298,20.621397
6.350104,21.376981
6.046736,21.963118
18.293525,10.900857
18.068504,11.278995
19.102282,10.872372
18.679393,11.158149
18.519051,10.523020
20.460987,10.003103
19.159871,11.390650
19.806581,11.253601
19.602042,10.075605
19.166249,10.352624
19.323950,12.063819
18.645503,12.209810
6.076336,20.410460
6.498325,20.284236
5.654868,20.536165
4.673470,22.291207
19.131281,9.352978
18.938167,9.748461
19.935015,9.257936
19.537102,9.577620
19.324728,8.957874
21.217175,8.279333
20.034826,9.769716
20.668186,9.579563
20.367125,8.422584
19.955714,8.734646
20.253907,10.426573
19.589568,10.628502
6.243182,20.884138
6.619404,20.656981
4.998567,21.537087
5.501737,21.636554
5.135627,22.194311
4.068043,21.673405
5.329824,21.134106
4.562891,21.828625
4.212501,22.387666
19.838332,7.741217
19.678503,8.151359
20.631506,7.580168
20.261394,7.931552
19.998482,7.331542
21.828456,6.498835
20.773186,8.082011
21.388603,7.840049
20.993140,6.711967
20.608908,7.056874
21.045763,8.718521
20.400476,8.974592
4.370088,20.842681
4.800922,20.751757
3.939612,20.932913
2.816701,22.600725
20.410002,6.076413
20.284495,6.498491
21.187200,5.850537
20.847290,6.231243
20.535735,5.654937
22.290617,4.673833
21.369626,6.338967
21.963079,6.046936
21.475822,4.955405
21.121516,5.330972
21.693801,6.950677
21.071886,7.259219
4.497541,21.328537
4.890790,21.133038
3.203344,21.876637
3.696392,22.017342
3.285338,22.542786
2.264843,21.934973
3.566345,21.502132
2.745090,22.130830
2.349600,22.659059
20.842105,4.370238
20.751841,4.801191
21.598093,4.080584
21.290909,4.488253
20.932092,3.939743
22.600391,2.816918
21.820146,4.552656
22.387356,4.212561
21.811493,3.164628
21.489283,3.568602
22.193915,5.135337
21.599593,5.494327
2.634213,21.132703
3.070828,21.077382
2.197606,21.186896
0.941235,22.756213
21.132010,2.634537
21.077293,3.071012
21.860545,2.283361
21.588863,2.714568
21.186056,2.197865
22.755779,0.941545
22.121570,2.735281
22.658175,2.349281
21.998374,1.353474
21.710964,1.782039
22.542096,3.285217
21.979472,3.691157
2.721505,21.627409
3.129039,21.464358
1.385323,22.065650
1.865507,22.246726
1.412195,22.737098
0.000000,21.848613
0.879771,21.278278
0.531923,21.291863
1.779312,21.723730
1.319646,21.259553
0.652988,22.153324
1.053908,22.355639
0.470143,22.775747
0.000000,22.320216
0.485908,21.734718
1.015944,21.731611
21.277367,0.879961
21.258469,1.319925
22.050012,0.000000
21.291211,0.531890
22.179794,0.683019
22.359854,1.107225
21.748071,0.905861
22.774846,0.469695
22.318744,0.000000
21.782132,0.000000
21.693145,0.450869
22.208999,1.864088
