23.728286,0.000000
23.644723,1.959430
23.401607,3.904849
22.999049,5.824547
22.439046,7.704069
21.726219,9.530868
20.864884,11.292380
19.860978,12.976853
18.721940,14.572408
17.453918,16.069437
16.068361,17.454938
14.570905,18.723352
12.975661,19.862415
11.292356,20.865506
9.529919,21.726514
7.703424,22.439764
5.823861,22.999556
3.905012,23.402013
1.959264,23.646059
-0.000000,23.729603
-0.000000,25.067274
2.071225,24.980153
4.126553,24.724772
6.153975,24.299487
8.139668,23.708103
10.069267,22.955117
11.930736,22.045253
13.710776,20.985182
15.396705,19.780911
16.977003,18.442226
18.442194,16.976683
19.780791,15.396398
20.984794,13.710443
22.044937,11.930229
22.954926,10.069298
23.707940,8.139244
24.299383,6.153301
24.724320,4.126568
24.980160,2.070087
25.065828,0.000000
12.136227,20.367662
12.821849,21.518546
12.060834,21.187645
11.716636,20.616882
12.865593,20.642615
12.328223,20.738096
12.556407,20.116112
14.555303,20.386288
12.621046,21.125384
13.267997,21.251792
13.766247,20.123249
13.225734,20.205538
13.435524,20.613573
13.075724,20.942894
12.376281,21.783703
11.001315,22.503656
13.776266,19.295883
13.379000,19.579212
14.528017,19.512572
13.997656,19.651542
14.174576,19.011283
16.188823,19.114738
14.319927,20.012976
14.978296,20.084022
15.381130,18.917561
14.847788,19.045529
14.133195,20.687589
11.192753,21.704260
10.242254,22.140412
15.322637,18.091606
14.950146,18.407799
16.090328,18.246300
15.573058,18.428098
15.697091,17.775331
17.711921,17.712268
15.923507,18.762275
16.585313,18.778772
16.891092,17.582682
16.370223,17.754188
15.792341,19.449882
15.091865,19.433571
11.752500,21.643177
11.468356,22.275057
11.497919,21.247661
10.534552,22.731256
9.105009,23.335305
10.412772,21.299488
10.853353,21.084709
10.620491,21.699346
9.974485,21.515011
10.801180,22.116222
16.764205,16.764758
16.419363,17.110174
17.540854,16.855286
17.041050,17.079040
17.110531,16.418911
19.113990,16.189276
17.418561,17.382864
18.079595,17.344888
18.284876,16.128093
17.780110,16.341872
17.344472,18.079541
16.646024,18.120237
9.372455,22.582283
9.918745,22.557749
9.590440,23.145527
8.385258,22.904814
9.677562,22.137244
8.933723,22.940343
8.621277,23.523285
18.091243,15.323231
17.775601,15.696434
18.873389,15.349215
18.393550,15.613482
18.408221,14.949632
20.385560,14.555826
18.794275,15.885300
19.450095,15.792939
19.554560,14.563131
19.069031,14.817608
18.778542,16.585402
18.084538,16.684324
8.618243,22.087023
9.074136,21.908094
8.813121,22.498112
8.163493,22.265143
9.209746,22.231484
7.146473,24.007572
19.294914,13.776502
19.011515,14.174592
20.076514,13.738375
19.619923,14.041191
19.579848,13.378758
21.517733,12.822668
20.041967,14.279126
20.687737,14.133024
20.690134,12.898465
20.227383,13.192294
20.083751,14.978459
19.400876,15.133865
7.473831,23.272859
8.023048,23.296198
7.646090,23.858771
6.464356,23.519586
7.822685,22.858723
7.010444,23.598238
6.649319,24.154942
20.366570,12.136216
20.116779,12.556656
21.142024,12.033653
20.712282,12.372935
20.617661,11.716434
22.503040,11.001715
21.152565,12.575200
21.783924,12.376218
21.684557,11.146136
21.247745,11.476892
21.251947,13.268838
20.584493,13.479921
6.764989,22.723501
7.234355,22.582378
6.296875,22.863414
5.139335,24.515999
21.299358,10.412950
21.084945,10.852790
22.063687,10.246814
21.663453,10.620420
21.514593,9.974000
23.334760,9.105923
22.118550,10.785712
22.731482,10.535035
22.530926,9.317515
22.122922,9.683162
22.274947,11.468287
21.626866,11.734280
6.920787,23.149727
7.344035,22.918197
5.526459,23.811492
6.071541,23.879629
5.649701,24.408938
4.499909,23.973325
5.907773,23.426845
5.037493,24.096701
4.632148,24.621753
22.086540,8.618548
21.909078,9.074696
22.834471,8.389908
22.466648,8.795159
22.264748,8.163494
24.007047,7.147730
22.933725,8.922528
23.523738,8.621846
23.223387,7.425204
22.847051,7.823102
23.145876,9.589792
22.522125,9.908332
4.865342,23.204735
5.344491,23.102763
4.387106,23.305117
3.097054,24.856118
22.722970,6.764888
22.583676,7.234591
23.449600,6.475618
23.116246,6.909684
22.862924,6.296819
24.515282,5.140326
23.592101,6.998142
24.155413,6.649820
23.757203,5.481857
23.415345,5.909808
23.858631,7.645450
23.263410,8.014557
4.985756,23.642201
5.426226,23.446374
3.541610,24.186646
4.078869,24.299826
3.614764,24.792460
2.505098,24.262437
3.953127,23.834921
3.030875,24.430210
2.583711,24.920526
23.204170,4.865497
23.103823,5.344959
23.904239,4.516416
23.608428,4.976814
23.303880,4.387282
24.856397,3.097847
24.089467,5.026260
24.621847,4.632304
24.128991,3.500786
23.822956,3.956310
24.408815,5.648941
23.846054,6.065960
2.933014,23.527746
3.418250,23.465216
2.447728,23.587466
1.035200,25.027035
23.527166,2.933646
23.466127,3.418517
24.194518,2.527437
23.939277,3.009972
23.586653,2.448207
25.027534,1.036118
24.422566,3.020138
24.919516,2.582976
24.335081,1.497480
24.069032,1.975801
24.791888,3.614522
24.265259,4.074952
3.016868,23.973865
3.471462,23.813835
1.531514,24.396186
2.058368,24.553089
1.553838,25.006663
0.000000,24.207770
0.979295,23.689734
0.591787,23.703929
1.972331,24.080817
1.468460,23.668292
0.721040,24.482660
1.163459,24.662716
0.516111,25.048541
-0.000000,24.634463
0.540471,24.104280
1.126385,24.097671
23.688987,0.979728
23.667033,1.469087
24.389447,0.000000
23.703820,0.591704
24.507232,0.754799
24.665939,1.222306
24.113548,1.004388
25.047794,0.514936
24.632484,0.000000
24.148297,0.000000
24.067131,0.501935
24.519050,2.057561
