23.648896,0.000000
23.565643,1.952876
23.323342,3.891796
22.922138,5.805065
22.364010,7.678300
21.653567,9.498990
20.795114,11.254611
19.794568,12.933452
18.659340,14.523671
17.395556,16.015696
16.014633,17.396566
14.522191,18.660736
12.932279,19.795990
11.254583,20.795736
9.498056,21.653867
7.677665,22.364730
5.804391,22.922653
3.891953,23.323762
1.952709,23.566981
0.000000,23.650219
-0.000000,24.992146
2.064997,24.905288
4.114175,24.650667
6.135520,24.226655
8.115261,23.637041
10.039079,22.886312
11.894961,21.979174
13.669667,20.922284
15.350546,19.721624
16.926107,18.386948
18.386909,16.925800
19.721496,15.350250
20.921890,13.669345
21.978852,11.894467
22.886114,10.039112
23.636870,8.114843
24.226538,6.134856
24.650207,4.114184
24.905270,2.063875
24.990691,-0.000000
12.095607,20.299493
12.783384,21.453990
12.022632,21.120550
11.677390,20.547909
12.824658,20.576949
12.288358,20.671033
12.514404,20.048790
14.511638,20.325130
12.581803,21.059712
13.228173,21.188067
13.722657,20.059535
13.183047,20.140335
13.393741,20.549485
13.035322,20.878233
12.339167,21.718345
10.968306,22.436146
13.730160,19.231304
13.334190,19.513711
14.481801,19.450515
13.952404,19.588000
14.127153,18.947649
16.140255,19.057392
14.275401,19.950767
14.933335,20.023793
15.332420,18.857668
14.799874,18.984073
14.090811,20.625518
11.157414,21.635758
10.209847,22.070390
15.271358,18.031061
14.900077,18.346218
16.039153,18.188271
15.522714,18.368513
15.644563,17.715829
17.658783,17.659133
15.873992,18.703950
16.535531,18.722457
16.837601,17.527007
16.317393,17.696897
15.744990,19.391517
15.044944,19.373151
11.716025,21.576004
11.433912,22.208252
11.460840,21.179148
10.502974,22.663058
9.077696,23.265300
10.377921,21.228212
10.817035,21.014138
10.586242,21.629383
9.941062,21.443012
10.767608,22.047494
16.708100,16.708650
16.364382,17.052932
17.485062,16.801676
16.985957,17.023815
17.053276,16.363947
19.056650,16.140706
17.364402,17.328831
18.025331,17.292873
18.226973,16.077024
17.722730,16.289137
17.292459,18.025282
16.594270,18.063899
9.342941,22.511182
9.888000,22.487827
9.561620,23.076119
8.358720,22.832356
9.646371,22.065872
8.905958,22.869086
8.595442,23.452716
18.030698,15.271945
17.716084,15.643925
18.813363,15.300394
18.334086,15.562993
18.346622,14.899583
20.324404,14.512156
18.735840,15.835921
19.391721,15.745583
19.492637,14.517018
19.007494,14.769793
18.722223,16.535621
18.028311,16.632447
8.589397,22.013107
9.043788,21.834784
8.784700,22.425589
8.136135,22.190634
9.179810,22.159235
7.125043,23.935551
19.230341,13.730395
18.947865,14.127175
20.012661,13.694676
19.556495,13.995786
19.514325,13.333959
21.453181,12.784192
19.979656,14.234739
20.625654,14.090646
20.624614,12.857618
20.162107,13.149723
20.023517,14.933496
19.340559,15.086808
7.450281,23.199545
7.998182,23.223966
7.623105,23.787217
6.443900,23.445187
7.797470,22.785023
6.988651,23.524933
6.629399,24.082484
20.298409,12.095598
20.049431,12.514652
21.074780,11.995372
20.645320,12.332923
20.548662,11.677195
22.435529,10.968703
21.086800,12.536108
21.718552,12.339108
21.615888,11.110837
21.179174,11.439856
21.188207,13.229000
20.520495,13.438003
6.742344,22.647457
7.210159,22.506820
6.275764,22.786902
5.123931,24.442453
21.228072,10.378099
21.014359,10.816485
21.993511,10.214215
21.593412,10.586073
21.442594,9.940590
23.264753,9.078598
22.049781,10.752183
22.663269,10.503451
22.459576,9.288005
22.051527,9.651916
22.208132,11.433848
21.559625,11.697786
6.898463,23.075097
7.320174,22.843738
5.509047,23.736485
6.052731,23.805593
5.632704,24.335732
4.485667,23.897489
5.888733,23.351318
5.021831,24.021851
4.618276,24.547898
22.012619,8.589702
21.835737,9.044342
22.761845,8.363215
22.394008,8.766713
22.190236,8.136140
23.935021,7.126278
22.862421,8.894789
23.453150,8.596003
23.149845,7.401686
22.773318,7.797860
23.076446,9.560987
22.452101,9.877516
4.849057,23.127080
5.326621,23.025466
4.372390,23.227126
3.087785,24.781560
22.646920,6.742252
22.508078,7.210393
23.375014,6.455012
23.041507,6.887338
22.786407,6.275713
24.441732,5.124903
23.518752,6.976388
24.082934,6.629891
23.681974,5.464497
23.339778,5.890739
23.787061,7.622480
23.191078,7.989628
4.969672,23.565987
5.408595,23.370198
3.530452,24.110464
4.066242,24.224489
3.603871,24.718095
2.497173,24.185691
3.940384,23.758076
3.021444,24.354326
2.575972,24.845768
23.126504,4.849213
23.026488,5.327085
23.828210,4.502048
23.532089,4.960721
23.225895,4.372564
24.781812,3.088558
24.014569,5.010631
24.547972,4.618431
24.052571,3.489701
23.746077,3.943538
24.335589,5.631959
23.771909,6.047094
2.923189,23.449006
3.406829,23.386709
2.439502,23.508543
1.032095,24.951968
23.448413,2.923812
23.387580,3.407095
24.117568,2.519390
23.861857,3.000241
23.507718,2.439976
24.952428,1.032993
24.346625,3.010737
24.844752,2.575251
24.258026,1.492731
23.991350,1.969417
24.717508,3.603633
24.189816,4.062284
3.007136,23.896573
3.460186,23.736468
1.526688,24.319329
2.052001,24.476964
1.549155,24.931641
0.000000,24.130041
0.976019,23.610456
0.589812,23.624625
1.965970,24.003174
1.463569,23.589097
0.718796,24.405829
1.159842,24.586560
0.514594,24.973409
-0.000000,24.558080
0.538675,24.026243
1.122749,24.019743
23.609692,0.976444
23.587832,1.464186
24.312295,0.000000
23.624488,0.589731
24.430446,0.752432
24.589800,1.218505
24.035624,1.001146
24.972645,0.513441
24.556102,0.000000
24.070349,0.000000
23.988950,0.500254
24.442805,2.051175
