22.251291,0.000000
22.173621,1.837500
21.945672,3.662029
21.568308,5.462119
21.043202,7.224676
20.374702,8.937810
19.566975,10.589735
18.625580,12.169433
17.557433,13.665712
16.368244,15.069632
15.068880,16.368970
13.664705,17.558424
12.168639,18.626606
10.589675,19.567480
8.937166,20.374968
7.224229,21.043792
5.461654,21.568808
3.662076,21.946168
1.837337,22.174808
0.000000,22.252517
-0.000000,23.673855
1.955713,23.591733
3.896972,23.350425
5.811719,22.948747
7.687012,22.390193
9.509447,21.679054
11.267288,20.819747
12.948429,19.818664
14.540704,18.681382
16.033177,17.417076
17.416973,16.033050
18.681216,14.540563
19.818291,12.948277
20.819449,11.267012
21.678866,9.509501
22.390008,7.686731
22.948545,5.811257
23.349958,3.896892
23.591422,1.954907
23.672481,0.000000
11.380556,19.099365
12.108523,20.321258
11.351295,19.941405
10.986535,19.333631
12.105212,19.422733
11.587359,19.491658
11.774971,18.863609
13.745534,19.252028
11.892563,19.906180
12.529480,20.069938
12.956674,18.939830
12.432484,18.993778
12.659908,19.423823
12.325863,19.742702
11.687967,20.571571
10.389165,21.251572
12.918544,18.094388
12.545415,18.360568
13.669542,18.359780
13.156704,18.470563
13.292312,17.827406
15.288147,18.051199
13.493376,18.858099
14.144512,18.966997
14.476450,17.805123
13.957415,17.903451
13.347156,19.536426
10.536479,20.432014
9.640381,20.839882
14.368673,16.965203
14.018719,17.262075
15.139760,17.168339
14.637491,17.320697
14.719854,16.668341
16.726504,16.726823
15.004362,17.679515
15.662117,17.734348
15.897618,16.548606
15.388507,16.689497
14.914213,18.367479
14.220894,18.311930
11.075467,20.396193
10.829615,21.036065
10.808907,19.974403
9.948912,21.466441
8.598502,22.036939
9.764439,19.973407
10.177653,19.771757
9.984057,20.399121
9.352703,20.175464
10.177991,20.840305
15.720482,15.720893
15.396555,16.045199
16.504527,15.859408
16.017224,16.052665
16.045358,15.396358
18.050635,15.288509
16.413209,16.379764
17.073294,16.380216
17.209472,15.179562
16.713854,15.361859
16.379892,17.073284
15.685341,17.074366
8.824403,21.261821
9.348078,21.259819
9.055980,21.858236
7.892403,21.558990
9.097953,20.810880
8.418323,21.617491
8.142161,22.214503
16.964909,14.369097
16.668413,14.719504
17.758404,14.442321
17.288470,14.675150
17.262260,14.018507
19.251458,13.745927
17.709538,14.968615
18.367571,14.914651
18.404493,13.706653
17.925516,13.929040
17.734120,15.662198
17.040842,15.721289
8.081635,20.711807
8.509533,20.544192
8.284988,21.150336
7.654541,20.878902
8.653298,20.888480
6.749085,22.671829
18.093662,12.918723
17.827429,13.292392
18.890458,12.926628
18.441197,13.197350
18.360879,12.545338
20.320648,12.109103
18.885274,13.455110
19.536438,13.347082
19.473275,12.139804
19.014395,12.401182
18.966718,14.144620
18.281255,14.260308
7.036515,21.911299
7.561521,21.955351
7.219844,22.531665
6.084443,22.137720
7.354127,21.489079
6.605886,22.237374
6.279885,22.811134
19.098554,11.380567
18.863906,11.775164
19.892973,11.322531
19.467867,11.629309
19.334037,10.986439
21.251085,10.389483
19.931758,11.849489
20.571638,11.687968
20.409199,10.490518
19.973517,10.788639
20.069911,12.530034
19.396549,12.701775
6.343745,21.308688
6.784174,21.176649
5.904161,21.439904
4.853695,23.151992
19.973219,9.764586
19.771830,10.177327
20.760186,9.641268
20.361833,9.982078
20.175154,9.352452
22.036500,8.599151
20.841980,10.163267
21.466505,9.949263
21.205782,8.769437
20.796226,9.102502
21.035876,10.829606
20.378705,11.056821
6.505957,21.762787
6.900515,21.534143
5.203119,22.418466
5.722410,22.505305
5.334509,23.051185
4.235414,22.564771
5.553961,22.023266
4.746732,22.707146
4.374873,23.252032
20.711382,8.081902
20.544707,8.509950
21.485471,7.894062
21.116729,8.266504
20.878570,7.654601
22.671381,6.749894
21.610096,8.407589
22.214715,8.142548
21.857549,6.988401
21.476924,7.354032
21.858326,9.055606
21.222293,9.336273
4.562394,21.759944
5.012022,21.664693
4.113362,21.854106
2.925164,23.473339
21.308203,6.343764
21.177335,6.784365
22.064195,6.092840
21.727333,6.494383
21.439465,5.904182
23.151355,4.854317
22.230521,6.594297
22.811320,6.280209
22.360039,5.159436
22.011131,5.555458
22.531399,7.219474
21.920763,7.551791
4.686869,22.225825
5.098506,22.030411
3.334414,22.771805
3.844512,22.901359
3.412772,23.413228
2.357937,22.837004
3.716343,22.406832
2.855791,23.021472
2.440189,23.534035
21.759368,4.562555
21.665177,5.012378
22.492046,4.249526
22.189783,4.677742
21.853127,4.113509
23.473258,2.925596
22.699172,4.736109
23.251892,4.374985
22.709712,3.294913
22.394349,3.718969
23.050884,5.334031
22.469745,5.715745
2.750238,22.062777
3.205762,22.004624
2.294715,22.119099
0.977596,23.634818
22.062125,2.750698
22.004940,3.205987
22.765254,2.377967
22.500511,2.829133
22.118251,2.295074
23.634734,0.978145
23.012873,2.845619
23.533091,2.439703
22.904021,1.409284
22.625493,1.857179
23.412564,3.412608
22.864858,3.839803
2.836036,22.537429
3.261871,22.375752
1.441937,22.968797
1.940200,23.139991
1.466995,23.615242
0.000000,22.763422
0.918384,22.214743
0.555119,22.228517
1.854152,22.637867
1.377448,22.194907
0.679363,23.055904
1.096332,23.249120
0.487947,23.655107
-0.000000,23.216560
0.507079,22.653839
1.058792,22.649316
22.213868,0.918676
22.193724,1.377871
22.956662,0.000000
22.228064,0.555062
23.081560,0.710838
23.252891,1.151776
22.665489,0.944101
23.654243,0.487208
23.214824,0.000000
22.699822,0.000000
22.614055,0.470688
23.103771,1.939023
