24.209506,-0.000000
24.124081,1.999163
23.876022,3.983979
23.465264,5.942652
22.893892,7.860291
22.166621,9.724127
21.287819,11.521351
20.263547,13.239969
19.101411,14.867874
17.807702,16.395242
16.394059,17.808822
14.866211,19.102963
13.238649,20.265119
11.521335,21.288487
9.723077,22.166946
7.859577,22.894665
5.941890,23.465792
3.984174,23.876425
1.999000,24.125481
0.000000,24.210867
-0.000000,25.523285
2.109016,25.434572
4.201671,25.174580
6.265975,24.741568
8.287801,24.139436
10.252479,23.372751
12.147859,22.446336
13.960274,21.366955
15.676852,20.140765
17.285892,18.777737
18.777722,17.285516
20.140649,15.676499
21.366555,13.959887
22.445999,12.147287
23.372535,10.252510
24.139254,8.287345
24.741468,6.265248
25.174100,4.201734
25.434652,2.107791
25.521818,-0.000000
12.382465,20.780936
13.055301,21.910380
12.292556,21.594660
11.954545,21.035036
13.113878,21.040943
12.569975,21.144820
12.811025,20.524258
14.820317,20.757494
12.859126,21.523847
13.509698,21.638575
14.030650,20.509753
13.484609,20.600997
13.689018,21.002419
13.320856,21.335249
12.601528,22.180407
11.201654,22.913421
14.055758,19.687397
13.650635,19.976311
14.808337,19.889006
14.272074,20.036913
14.462051,19.397066
16.483586,19.462798
14.590055,20.390420
15.251167,20.449588
15.676587,19.280891
15.138361,19.418256
14.390423,21.064341
11.407111,22.119828
10.438826,22.565188
15.633490,18.458662
15.253664,18.781136
16.400720,18.598299
15.878355,18.789467
16.015504,18.136063
18.034415,18.034770
16.223897,19.116146
16.887445,19.120576
17.215550,17.920413
16.690606,18.101654
16.079716,19.804135
15.376530,19.800161
11.973799,22.050756
11.677397,22.680537
11.722792,21.663199
10.726203,23.145201
9.270787,23.760219
10.624037,21.731599
11.073507,21.512557
10.828202,22.123677
10.177100,21.951507
11.004856,22.533223
17.104305,17.104912
16.752651,17.457196
17.879250,17.180476
17.375141,17.413969
17.457600,16.752127
19.461988,16.484068
17.747124,17.710699
18.408919,17.660591
18.636090,16.437884
18.128080,16.661705
17.660137,18.408873
16.960007,18.462062
9.551489,23.013626
10.105282,22.982013
9.765351,23.566817
8.546228,23.344378
9.866725,22.570126
9.102167,23.372693
8.778068,23.951623
18.458262,15.634149
18.136384,16.014763
19.237467,15.645351
18.754157,15.919680
18.781615,15.253055
20.756710,14.820879
19.148782,16.184895
19.804365,16.080369
19.930158,14.842860
19.442213,15.107600
19.120337,16.887552
18.425650,16.999076
8.793111,22.535147
9.258097,22.352543
8.985484,22.937973
8.329344,22.716855
9.391277,22.669649
7.276537,24.444722
19.686344,14.056024
19.397354,14.462051
20.463798,14.003440
20.004560,14.316558
19.977030,13.650345
21.909491,13.056192
20.419989,14.548436
21.064512,14.390231
21.087541,13.146245
20.623236,13.450481
20.449311,15.251361
19.766801,15.419373
7.616687,23.717622
8.173914,23.734482
7.785593,24.293085
6.588439,23.970923
7.975603,23.305723
7.142661,24.043013
6.770219,24.594744
20.779751,12.382458
20.525026,12.811299
21.549873,12.265860
21.118349,12.615598
21.035907,11.954319
22.912751,11.202075
21.551536,12.812379
22.180652,12.601451
22.101067,11.360262
21.663578,11.701510
21.638778,13.510635
20.972746,13.734246
6.902262,23.184529
7.381030,23.040461
6.424851,23.327277
5.232830,24.962405
21.731474,10.624232
21.512819,11.072880
22.489311,10.444544
22.088184,10.828726
21.951025,10.176545
23.759624,9.271773
22.535743,10.989141
23.145452,10.726728
22.963697,9.496518
22.555876,9.872666
22.680440,11.677318
22.034795,11.955694
7.056175,23.602364
7.488727,23.369767
5.632089,24.266537
6.185669,24.328861
5.752862,24.853284
4.586296,24.433381
6.023243,23.884926
5.132516,24.550859
4.716341,25.070037
22.534632,8.793425
22.353653,9.258702
23.274954,8.551816
22.907139,8.967674
22.716413,8.329329
24.444151,7.277932
23.366297,9.090821
23.952123,8.778696
23.669446,7.567864
23.294181,7.976189
23.567234,9.764625
22.946938,10.095299
4.964068,23.675531
5.452815,23.571390
4.476319,23.777944
3.153314,25.308677
23.183965,6.902120
23.041929,7.381285
23.901974,6.600610
23.569458,7.045207
23.326745,6.424775
24.961641,5.233931
24.037078,7.130130
24.595276,6.770773
24.213498,5.587166
23.873596,6.025453
24.292978,7.784868
23.702218,8.165806
5.083304,24.104448
5.533140,23.908360
3.609298,24.648823
4.155480,24.756950
3.680885,25.243831
2.553172,24.728014
4.030405,24.300998
3.088094,24.890642
2.630675,25.374290
23.674951,4.964218
23.572605,5.453316
24.365357,4.603566
24.071342,5.074410
23.776601,4.476509
25.309039,3.154229
24.543832,5.121087
25.070179,4.716502
24.592502,3.568024
24.289166,4.033766
24.853206,5.752013
24.295864,6.180422
2.992577,24.005119
3.487475,23.941181
2.497599,24.065955
1.054050,25.482673
24.004538,2.993258
23.942252,3.487755
24.661224,2.576247
24.408745,3.068992
24.065137,2.498112
25.483338,1.055084
24.883265,3.077176
25.373240,2.629860
24.802448,1.526288
24.540108,2.014517
25.243279,3.680611
24.722940,4.151815
3.075891,24.442654
3.539841,24.283038
1.560798,24.862452
2.096994,25.014998
1.582264,25.462023
0.000000,24.679234
0.999162,24.170364
0.603765,24.184726
2.010910,24.551738
1.498103,24.148430
0.734652,24.948783
1.185403,25.124831
0.525319,25.504584
0.000000,25.097935
0.551362,24.577562
1.148434,24.570302
24.169645,0.999636
24.147135,1.498795
24.857413,0.000000
24.184704,0.603676
24.973015,0.769157
25.127877,1.245370
24.586088,1.024047
25.503855,0.524007
25.095883,0.000000
24.620977,0.000000
24.541197,0.512123
24.981595,2.096306
