21.277512,-0.000000
21.203907,1.757118
20.985939,3.501971
20.625201,5.223222
20.123100,6.908682
19.483816,8.546888
18.711429,10.126591
17.811258,11.637235
16.789853,13.068073
15.652633,14.410614
14.410086,15.653158
13.067409,16.790551
11.636712,17.811992
10.126500,18.711859
8.546453,19.484099
6.908366,20.123619
5.222901,20.625718
3.501944,20.986524
1.756980,21.204983
-0.000000,21.278650
-0.000000,22.760836
1.879993,22.682131
3.746512,22.450038
5.587458,22.063821
7.390423,21.526766
9.142670,20.843031
10.832604,20.016833
12.448971,19.054389
13.979887,17.961020
15.414823,16.745447
16.745295,15.414828
17.960816,13.979868
19.054038,12.448942
20.016531,10.832495
20.842800,9.142747
21.526515,7.390269
22.063505,5.587174
22.449502,3.746415
22.681580,1.879471
22.759587,-0.000000
10.882426,18.263283
11.641169,19.536795
10.885049,19.122507
10.505270,18.487704
11.605438,18.620932
11.099963,18.671625
11.259817,18.037985
13.214990,18.508863
11.414350,19.105832
12.045634,19.295587
12.424727,18.162235
11.910700,18.196706
12.150780,18.642840
11.833801,18.955129
11.236948,19.777414
9.988095,20.431197
12.353153,17.302363
11.995962,17.557232
13.105313,17.602122
12.603482,17.693620
12.710706,17.047025
14.698047,17.354375
12.950788,18.100002
13.598233,18.235124
13.881996,17.074198
13.371760,17.152248
12.832111,18.782224
10.105326,19.596191
9.244920,19.985398
13.739843,16.222718
13.404772,16.506811
14.515008,16.459874
14.022048,16.592190
14.075621,15.938657
16.080881,16.081162
14.400999,16.968755
15.057262,17.050046
15.244827,15.869160
14.742775,15.989185
14.338863,17.658350
13.649201,17.575678
10.631120,19.577708
10.411130,20.224264
10.355733,19.136895
9.565180,20.637756
8.266681,21.186249
9.337070,19.099254
9.732170,18.906296
9.565459,19.543859
8.942842,19.292427
9.768923,20.002736
15.032478,15.032806
14.722351,15.343164
15.823414,15.204875
15.343701,15.377461
15.343162,14.722335
17.353943,14.698335
15.753253,15.721291
16.413979,15.748167
16.502846,14.556319
16.012508,14.717253
15.747897,16.414042
15.054755,16.387849
8.464417,20.394401
8.973556,20.407995
8.705817,21.014797
7.568584,20.674728
8.716724,19.938476
8.079999,20.749145
7.828232,21.357033
16.222447,13.740166
15.938587,14.075501
17.025587,13.846283
16.561491,14.057870
16.506810,13.404750
18.508408,13.215283
16.997469,14.366877
17.658319,14.339188
17.648805,13.143902
17.173348,13.344587
17.049815,15.057368
16.355765,15.089149
7.727940,19.805272
8.137310,19.645146
7.937622,20.263832
7.319067,19.965090
8.287093,20.004717
6.488757,21.796666
17.301809,12.353315
17.046906,12.710830
18.110924,12.393117
17.665766,12.642239
17.557291,11.995993
19.536313,11.641568
18.125965,12.914201
18.782117,12.832121
18.673682,11.641320
18.216520,11.880831
18.234842,13.598338
17.546335,13.686903
6.749254,21.016875
7.258641,21.075334
6.940597,21.662127
5.834831,21.229790
7.045935,20.588192
6.340321,21.344084
6.037826,21.930722
18.262671,10.882478
18.038019,11.259986
19.072017,10.855147
18.649201,11.140114
18.487814,10.505266
20.430784,9.988338
19.130341,11.373103
19.777336,11.237002
19.571149,10.059731
19.135337,10.335935
19.295436,12.046004
18.616772,12.190996
6.066090,20.376053
6.487370,20.250052
5.645316,20.501546
4.666584,22.258323
19.099011,9.337208
18.906215,9.732029
19.903428,9.243268
19.505520,9.562138
19.292132,8.942757
21.185854,8.267112
20.003945,9.754665
20.637669,9.565435
20.335025,8.409313
19.923528,8.720565
20.224015,10.411172
19.559378,10.612122
6.233123,20.850513
6.608640,20.623407
4.990741,21.503377
5.493298,21.603340
5.128028,22.161575
4.061640,21.639311
5.321243,21.100080
4.555859,21.795036
4.206295,22.354646
19.804869,7.728164
19.645302,8.137619
20.598817,7.568157
20.228639,7.918730
19.964749,7.319164
21.796233,6.489241
20.741167,8.069559
21.357023,7.828489
20.960054,6.701390
20.575669,7.045499
21.014701,8.705639
20.369035,8.960760
4.362719,20.807545
4.792833,20.716788
3.932955,20.897627
2.812557,22.567390
20.375575,6.066169
20.250273,6.487537
21.153629,5.841265
20.813589,6.221170
20.501096,5.645388
22.257712,4.666936
21.336689,6.329202
21.930652,6.038022
21.441978,4.947599
21.087450,5.322378
21.661781,6.940405
21.039410,7.248029
4.490294,21.294200
4.882837,21.098691
3.198330,21.842400
3.690728,21.983545
3.280469,22.509532
2.261282,21.900471
3.560603,21.467510
2.740856,22.096778
2.346137,22.625632
20.806947,4.362869
20.716834,4.793098
21.563872,4.074119
21.256487,4.480999
20.896790,3.933086
22.567023,2.812765
21.786515,4.545640
22.354307,4.206353
21.777114,3.159643
21.454625,3.562846
22.161154,5.127744
21.566302,5.485859
2.629768,21.097076
3.065658,21.041865
2.193885,21.151188
0.939845,22.722648
21.096360,2.630086
21.041738,3.065839
21.825914,2.279741
21.553951,2.710183
21.150327,2.194141
22.722178,0.940146
22.087470,2.731061
22.624729,2.345826
21.963710,1.351338
21.675944,1.779162
22.508819,3.280350
21.945598,3.685472
2.717121,21.592584
3.123953,21.429475
1.383158,22.031107
1.862650,22.212576
1.410101,22.703550
0.000000,21.813608
0.878292,21.242405
0.531036,21.255985
1.776448,21.688748
1.317431,21.223725
0.651979,22.118806
1.052285,22.321482
0.469462,22.742153
0.000000,22.285947
0.485097,21.699541
1.014303,21.696490
21.241472,0.878479
21.222623,1.317704
22.015311,0.000000
21.255303,0.531004
22.145287,0.681955
22.325693,1.105521
21.712940,0.904397
22.741229,0.469026
22.284465,0.000000
21.746990,0.000000
21.657875,0.450110
22.174767,1.861223
