20.304124,-0.000000
20.234763,1.676751
20.026712,3.341968
19.682571,4.984419
19.203434,6.592821
18.593334,8.156138
17.856284,9.663686
16.997362,11.105342
16.022716,12.470785
14.937457,13.751976
13.751703,14.937751
12.470499,16.023078
11.105111,16.997758
9.663574,17.856629
8.155951,18.593671
6.592674,19.203881
4.984283,19.683081
3.341915,20.027311
1.676689,20.235549
-0.000000,20.304953
-0.000000,21.853143
1.804681,21.777987
3.596917,21.555080
5.364540,21.184244
7.095617,20.668549
8.778120,20.012033
10.400535,19.218736
11.952545,18.294714
13.422493,17.245044
14.800259,16.077923
16.077739,14.800383
17.244822,13.422587
18.294426,11.952620
19.218437,10.400573
20.011724,8.778184
20.668191,7.095595
21.183803,5.364460
21.554511,3.596862
21.777336,1.804524
21.852282,-0.000000
10.384545,17.427528
11.176632,18.757012
10.420383,18.306350
10.024253,17.642114
11.107249,17.821622
10.613705,17.853423
10.744896,17.212725
12.687656,17.770161
10.938193,18.308882
11.564722,18.525864
11.894623,17.387287
11.390207,17.401557
11.643869,17.865207
11.344026,18.171170
10.788605,18.988017
9.589439,19.615695
11.788072,16.510686
11.446836,16.754239
12.542913,16.846890
12.051585,16.918463
12.129395,16.267019
14.111542,16.661760
12.410546,17.345175
13.055264,17.507650
13.289609,16.345818
12.787586,16.402918
12.320139,18.032575
9.675713,18.763310
8.850831,19.133849
13.111368,15.480622
12.791205,15.751899
13.892297,15.753708
13.408114,15.865410
13.431704,15.209360
15.439197,15.439402
13.800272,16.261081
14.456098,16.369878
14.594319,15.192085
14.098690,15.290626
13.766996,16.953552
13.080040,16.842636
10.188760,18.762780
9.995171,19.417281
9.903711,18.301403
9.183737,19.814018
7.936896,20.340622
8.909909,18.225463
9.286845,18.041221
9.147922,18.690651
8.533188,18.409752
9.361638,19.168722
14.344854,14.345087
14.048535,14.641470
15.144527,14.552459
14.671809,14.703868
14.641310,14.048682
16.661494,14.111725
15.096183,15.065677
15.758682,15.119936
15.798684,13.935244
15.312937,14.074271
15.119742,15.758833
14.426966,15.704337
8.105778,19.530114
8.600728,19.559959
8.357780,20.176372
7.245903,19.793498
8.336452,19.068209
7.743141,19.884520
7.516185,20.504710
15.480381,13.111580
15.209169,13.431813
16.295150,13.252180
15.836261,13.442066
15.751716,12.791334
17.769861,12.687819
16.288505,13.767756
16.953383,13.767182
16.895732,12.583108
16.423062,12.761608
16.369668,14.456236
15.673722,14.459783
7.374439,18.899122
7.765232,18.746508
7.591140,19.379496
6.983775,19.051660
7.921619,19.122742
6.230029,20.926733
16.510346,11.788223
16.266789,12.129545
17.333888,11.861317
16.892175,12.088452
16.754045,11.446955
18.756682,11.176805
17.369942,12.375629
18.032357,12.320227
17.876808,11.144547
17.420603,11.361778
17.507399,13.055380
16.814653,13.116006
6.463062,20.125678
6.957146,20.199213
6.663059,20.797750
5.586100,20.324985
6.738513,19.689501
6.075908,20.454635
5.797220,21.055602
17.427149,10.384651
17.212509,10.745036
18.253639,10.389237
17.832421,10.652057
17.641909,10.024343
19.615356,9.589556
18.332339,10.898747
18.987781,10.788688
18.735898,9.630395
18.299163,9.884331
18.525618,11.564888
17.840393,11.682429
5.788588,19.443819
6.190674,19.323897
5.386629,19.563608
4.480625,21.370003
18.225151,8.910026
18.040958,9.286896
19.049328,8.846501
18.651142,9.143152
18.409424,8.533251
20.340251,7.937038
19.169443,9.347785
19.813751,9.183850
19.467176,8.050396
19.052899,8.339539
19.416985,9.995241
18.743566,10.169320
5.960995,19.940461
6.317364,19.714557
4.779171,20.591594
5.265239,20.705392
4.922818,21.277253
3.888485,20.717029
5.089113,20.179165
4.365806,20.886856
4.038713,21.462652
18.898730,7.374572
18.746265,7.765387
19.714924,7.243254
19.342558,7.571743
19.051275,6.983872
20.926298,6.230153
19.875896,7.732950
20.504424,7.516274
20.065575,6.415340
19.676577,6.737698
20.176080,8.357777
19.519407,8.586839
4.163170,19.855544
4.573738,19.769343
3.752687,19.941567
2.700627,21.666852
19.443353,5.788675
19.323619,6.190782
20.245946,5.590481
19.901930,5.948565
19.563136,5.386709
21.369450,4.480696
20.446653,6.065233
21.055240,5.797268
20.527053,4.736488
20.166014,5.089850
20.797343,6.663026
20.161827,6.945565
4.294234,20.364848
4.667612,20.168912
3.062771,20.916346
3.537657,21.069801
3.148987,21.611175
2.165002,20.967146
3.405258,20.530469
2.626410,21.176048
2.252622,21.722632
19.854978,4.163258
19.768955,4.573858
20.638670,3.899267
20.325368,4.284697
19.940928,3.752765
21.666282,2.700649
20.877795,4.355986
21.462146,4.038710
20.847738,3.024836
20.517220,3.407084
21.276760,4.922738
20.666761,5.256957
2.509377,20.131754
2.925605,20.079542
2.093151,20.183685
0.902304,21.815850
20.131088,2.509492
20.079040,2.925691
20.889677,2.181840
20.609613,2.591514
20.182966,2.093246
21.815191,0.902365
21.166088,2.617002
21.721910,2.252521
21.026708,1.293592
20.728785,1.701340
21.610533,3.148933
21.030340,3.531829
2.598536,20.649997
2.986332,20.485143
1.324655,21.096720
1.785448,21.289245
1.353534,21.797206
0.000000,20.866216
0.838287,20.270388
0.507053,20.283844
1.698964,20.741886
1.257445,20.252964
0.624688,21.185157
1.008443,21.397998
0.451049,21.834590
-0.000000,21.359353
0.463155,20.747250
0.969900,20.745779
20.269613,0.838346
20.252157,1.257532
21.077356,0.000000
20.283130,0.507050
21.212763,0.653176
21.402917,1.059514
20.762779,0.864739
21.833815,0.450936
21.358423,0.000000
20.796511,0.000000
20.703771,0.429555
21.249874,1.783767
