22.288556,0.000000
22.210734,1.840577
21.982402,3.668156
21.604403,5.471265
21.078417,7.236774
20.408799,8.952777
19.599719,10.607468
18.656748,12.189810
17.586812,13.688594
16.395635,15.094866
15.094097,16.396379
13.687568,17.587826
12.189001,18.657798
10.607405,19.600242
8.952123,20.409081
7.236320,21.079028
5.470793,21.604922
3.668206,21.982916
1.840413,22.211945
0.000000,22.289806
-0.000000,23.708909
1.958619,23.626659
3.902747,23.384997
5.820326,22.982725
7.698395,22.423345
9.523525,21.711153
11.283972,20.850574
12.967599,19.848006
14.562228,18.709038
16.056909,17.442860
17.442751,16.056783
18.708863,14.562088
19.847621,12.967445
20.850261,11.283692
21.710949,9.523580
22.423143,7.698111
22.982506,5.819859
23.384511,3.902668
23.626335,1.957803
23.707511,0.000000
11.399623,19.131379
12.126461,20.351375
11.369167,19.972805
11.004957,19.366022
12.124367,19.453473
11.606032,19.523085
11.794689,18.895223
13.765896,19.280559
11.910902,19.936882
12.548050,20.099666
12.977064,18.969646
12.452475,19.024327
12.679432,19.453782
12.344735,19.772918
11.705277,20.602061
10.404559,21.283069
12.940186,18.124714
12.566447,18.391327
13.691167,18.388828
13.177898,18.500337
13.314574,17.857287
15.310795,18.077951
13.514183,18.887179
14.165478,18.995094
14.499235,17.833150
13.979853,17.932242
13.366923,19.565382
10.553008,20.464066
9.655541,20.872649
14.392743,16.993633
14.042219,17.290994
15.163704,17.195501
14.661070,17.348615
14.744512,16.696280
16.751282,16.751609
15.027500,17.706779
15.685331,17.760619
15.922640,16.574658
15.413247,16.716336
14.936295,18.394704
14.242818,18.340173
11.092509,20.427592
10.845677,21.067232
10.826271,20.006503
9.963640,21.498257
8.611238,22.069601
9.780798,20.006879
10.194704,19.804896
10.000096,20.431900
9.368392,20.209276
10.193679,20.872435
15.746816,15.747239
15.422361,16.072079
16.530631,15.884501
16.043027,16.078540
16.072234,15.422166
18.077373,15.311165
16.438515,16.405022
17.098597,16.404480
17.236556,15.203459
16.740724,15.386564
16.404146,17.098593
15.709523,17.100701
8.838205,21.295086
9.362442,21.292500
9.069421,21.890618
7.904817,21.592898
9.112560,20.844318
8.431298,21.650803
8.154210,22.247426
16.993326,14.393178
16.696348,14.744161
17.786489,14.465172
17.316320,14.698805
17.291173,14.042006
19.279973,13.766297
17.736842,14.991696
18.394790,14.936742
18.433457,13.728229
17.954332,13.951438
17.760382,15.685418
17.067113,15.745537
8.095174,20.746519
8.523781,20.578618
8.298298,21.184314
7.667383,20.913893
8.667326,20.922347
6.759078,22.705431
18.123969,12.940371
17.857303,13.314658
18.920332,12.947081
18.470903,13.218623
18.391634,12.566371
20.350746,12.127050
18.914389,13.475857
19.565386,13.366850
19.503921,12.158916
19.044962,12.421123
18.994805,14.165591
18.309436,14.282303
7.047528,21.945601
7.573138,21.989113
7.230563,22.565050
6.094012,22.172537
7.365936,21.523609
6.616070,22.271644
6.289175,22.844938
19.130545,11.399637
18.895516,11.794888
19.924434,11.340448
19.499228,11.648055
19.366423,11.004861
21.282563,10.404881
19.962486,11.867760
20.602119,11.705278
20.441317,10.507034
20.005626,10.805987
20.099631,12.548615
19.426449,12.721367
6.354374,21.344400
6.795534,21.212132
5.914070,21.475836
4.860878,23.186304
20.006676,9.780948
19.804959,10.194374
20.793018,9.656525
20.394634,9.998169
20.208948,9.368138
22.069141,8.611896
20.874111,10.178939
21.498310,9.963996
21.239154,8.783243
20.829657,9.117138
21.067030,10.845668
20.410120,11.073878
6.516412,21.797754
6.911696,21.569044
5.211262,22.453561
5.731198,22.539911
5.342435,23.085341
4.242076,22.600261
5.562878,22.058651
4.754052,22.742138
4.381344,23.286488
20.746075,8.095445
20.579129,8.524204
21.519449,7.906555
21.150747,8.279830
20.913542,7.667444
22.704963,6.759899
21.643411,8.420554
22.247627,8.154603
21.891945,6.999405
21.511449,7.365856
21.890699,9.069040
21.255009,9.350675
4.570038,21.796413
5.020412,21.700991
4.120269,21.890732
2.929486,23.508124
21.343895,6.354391
21.212815,6.795729
22.099088,6.102484
21.762334,6.504851
21.475377,5.914090
23.185646,4.861510
22.264791,6.604465
22.845113,6.289505
22.395223,5.167558
22.046514,5.564389
22.564768,7.230187
21.954555,7.563442
4.694402,22.261534
5.106768,22.066117
3.339632,22.807449
3.850411,22.936572
3.417851,23.447925
2.361643,22.872919
3.722310,22.442836
2.860199,23.056947
2.443799,23.568914
21.795817,4.570200
21.701471,5.020773
22.527614,4.256250
22.225532,4.685281
21.889727,4.120417
23.508032,2.929927
22.734164,4.743414
23.286334,4.381457
22.745453,3.300099
22.430347,3.724951
23.085025,5.341950
22.504384,5.724562
2.754850,22.099756
3.211124,22.041491
2.298575,22.156163
0.979045,23.669841
22.099086,2.755315
22.041803,3.211351
22.801251,2.381733
22.536768,2.833691
22.155295,2.298938
23.669751,0.979603
23.048353,2.850013
23.567947,2.443307
22.940058,1.411505
22.661867,1.860169
23.447242,3.417685
22.900104,3.845723
2.840593,22.573644
3.267155,22.412016
1.444191,23.004758
1.943175,23.175573
1.469179,23.650246
0.000000,22.799832
0.919920,22.251976
0.556042,22.265759
1.857130,22.674246
1.379746,22.232098
0.680413,23.091845
1.098021,23.284712
0.488656,23.690160
0.000000,23.252263
0.507921,22.690412
1.060496,22.685834
22.251082,0.920216
22.230891,1.380174
22.992740,0.000000
22.265293,0.555984
23.117451,0.711946
23.288447,1.153551
22.701977,0.945622
23.689278,0.487905
23.250498,0.000000
22.736321,0.000000
22.650677,0.471476
23.139391,1.942008
