28.923057,-0.000000
28.820337,2.388562
28.523957,4.759402
28.033036,7.099864
27.350348,9.390971
26.481556,11.617600
25.431633,13.764710
24.207859,15.817870
22.819436,17.762674
21.274083,19.587210
19.585250,21.275868
17.759710,22.822001
15.815522,24.210327
13.764823,25.432452
11.615602,26.482036
9.389548,27.351383
7.098276,28.033575
4.759740,28.524251
2.388475,28.822145
0.000000,28.924592
-0.000000,30.030923
2.482363,29.927280
4.943917,29.621564
7.372971,29.112139
9.752076,28.403709
12.063689,27.501569
14.294322,26.411449
16.426966,25.141095
18.446502,23.698306
20.339703,22.094664
22.094935,20.338711
23.698356,18.445733
25.140841,16.426031
26.411070,14.293236
27.501164,12.063882
28.403413,9.751618
29.112146,7.372082
29.620793,4.944762
29.928029,2.480716
30.029843,0.000000
14.794990,24.829434
15.363338,25.783863
14.573243,25.600737
14.285411,25.131570
15.556814,24.959876
14.945351,25.140735
15.305199,24.522973
17.440370,24.426994
15.205920,25.451484
15.899360,25.462115
16.633249,24.314086
16.028822,24.487263
16.187994,24.835472
15.738469,25.204926
14.828014,26.102280
13.182321,26.964088
16.794044,23.522890
16.312025,23.866494
17.566500,23.592740
16.968541,23.823166
17.278131,23.176637
19.397704,22.903549
17.252784,24.110935
17.948811,24.063396
18.584692,22.857223
17.994117,23.081293
16.933066,24.788994
13.517526,26.211314
12.373764,26.746711
18.679033,22.054742
18.227385,22.438460
19.454828,22.061669
18.878300,22.340032
19.134554,21.670262
21.222684,21.222851
19.184933,22.604269
19.874363,22.499438
20.409163,21.244689
19.839346,21.516364
18.920603,23.306450
18.182921,23.413882
14.155914,26.068978
13.744056,26.688891
13.933160,25.746980
12.620694,27.237497
10.910002,27.960642
12.693959,25.964778
13.229850,25.704298
12.869749,26.293651
12.162207,26.227552
13.012668,26.643632
20.436413,20.437333
20.017991,20.856722
21.208942,20.379961
20.657928,20.704757
20.857440,20.016793
22.902349,19.398296
20.985886,20.942186
21.664595,20.781431
22.093070,19.487151
21.547922,19.804887
20.780663,21.664801
20.055374,21.831642
11.314649,27.260911
11.944705,27.165422
11.494431,27.731455
10.130818,27.671265
11.725975,26.824597
10.762633,27.634538
10.327946,28.186226
22.054083,18.680234
21.671082,19.133144
22.819796,18.559061
22.297486,18.928228
22.439406,18.225804
24.425972,17.441106
22.643269,19.138072
23.306703,18.921633
23.627178,17.596280
23.109835,17.957568
22.499222,19.874739
21.788463,20.101814
10.506607,26.925226
11.059998,26.706864
10.679547,27.260755
9.954286,27.141959
11.174028,26.972962
8.562649,28.766188
23.521326,16.794591
23.177535,17.277977
24.274502,16.611388
23.783995,17.022239
23.867869,16.311246
25.782439,15.364748
24.146266,17.203111
24.789306,16.932763
24.999193,15.585198
24.513652,15.987943
24.063167,17.949419
23.374217,18.233856
9.023481,28.096939
9.661674,28.055927
9.164762,28.586343
7.809873,28.413739
9.478562,27.698849
8.445982,28.427336
7.965379,28.942655
24.827770,14.795009
24.524692,15.305720
25.562879,14.550511
25.108314,14.999924
25.133114,14.285063
26.963175,13.182784
25.484283,15.150350
26.102658,14.827885
26.200726,13.467947
25.750308,13.909056
25.462942,15.901159
24.800286,16.241344
8.247411,27.700993
8.817590,27.528402
7.678738,27.871492
6.157422,29.375443
25.965014,12.694294
25.704748,13.228747
26.677186,12.389964
26.261537,12.875495
26.226413,12.161030
27.959825,10.911352
26.648126,12.994425
27.237908,12.621561
27.223457,11.258511
26.810882,11.735136
26.689069,13.743948
26.056239,14.138334
8.386881,28.050603
8.909675,27.804968
6.672371,28.747090
7.311178,28.758379
6.772794,29.245725
5.436670,28.962044
7.158164,28.387053
6.069117,29.027755
5.548599,29.501813
26.924722,10.506873
26.709196,11.060990
27.609080,10.144724
27.235313,10.662855
27.141080,9.954117
28.765357,8.565151
27.630255,10.749762
28.187100,10.329099
28.060013,8.972085
27.688528,9.480831
27.732759,11.493166
27.134799,11.938392
5.931529,28.287687
6.513773,28.162677
5.350528,28.410030
3.709635,29.782762
27.700397,8.246762
27.531492,8.818053
28.353104,7.830369
28.022607,8.376878
27.870654,7.678566
29.374448,6.159406
28.423343,8.431250
28.943732,7.966311
28.704894,6.623879
28.377185,7.162059
28.586944,9.163271
28.028072,9.656842
6.042072,28.647193
6.583081,28.445899
4.275875,29.199747
4.911034,29.264256
4.334840,29.705637
3.026527,29.311152
4.790004,28.881602
3.652061,29.429532
3.094900,29.860057
28.287269,5.931530
28.165387,6.514457
28.902528,5.461014
28.619764,6.033476
28.407835,5.350914
29.783847,3.711826
29.022725,6.055777
29.502449,5.548597
29.154814,4.229836
28.870967,4.795016
29.246402,6.771177
28.730187,7.308798
3.576243,28.681776
4.165359,28.604368
2.986328,28.753627
1.240345,29.987125
28.681304,3.577282
28.606960,4.165737
29.253588,3.056473
29.021334,3.649125
28.753036,2.987073
29.989377,1.242407
29.424463,3.639417
29.858852,3.093241
29.402804,1.809977
29.169502,2.395128
29.705704,4.334064
29.234837,4.909724
3.656095,29.049586
4.211415,28.891539
1.849564,29.453517
2.477903,29.569522
1.863459,29.963253
0.000000,29.314590
1.194148,28.878798
0.721651,28.895414
2.390317,29.179806
1.788081,28.852591
0.868697,29.539749
1.401758,29.682388
0.616267,30.013088
0.000000,29.667888
0.658225,29.227214
1.364926,29.214051
28.878569,1.194919
28.851227,1.789446
29.464504,0.000000
28.896245,0.721501
29.561447,0.910479
29.684225,1.472852
29.229507,1.216930
30.012685,0.613703
29.665676,0.000000
29.266152,0.000000
29.197526,0.612039
29.541418,2.478389
