28.871971,0.000000
28.769432,2.384338
28.473575,4.750994
27.983521,7.087319
27.302040,9.374377
26.434781,11.597074
25.386713,13.740392
24.165101,15.789926
22.779131,17.731294
21.236506,19.552610
19.550657,21.238286
17.728343,22.781688
15.787587,24.167563
13.740503,25.387533
11.595086,26.435261
9.372962,27.303073
7.085741,27.984061
4.751333,28.473870
2.384251,28.771237
0.000000,28.873506
-0.000000,29.981734
2.478291,29.878248
4.935820,29.573032
7.360892,29.064441
9.736097,28.357172
12.043924,27.456510
14.270898,26.368177
16.400046,25.099908
18.416276,23.659482
20.306376,22.058465
22.058733,20.305391
23.659530,18.415511
25.099651,16.399117
26.367798,14.269816
27.456107,12.044113
28.356877,9.735637
29.064447,7.360002
29.572265,4.936654
29.878991,2.476645
29.980646,0.000000
14.768838,24.785553
15.338149,25.741592
14.548436,25.557162
14.260145,25.087165
15.530248,24.917263
14.919547,25.097330
15.278166,24.479627
17.411775,24.386950
15.180366,25.408715
15.873280,25.420389
16.604939,24.272704
16.001178,24.445041
16.160780,24.793732
15.712133,25.162770
14.803719,26.059480
13.160704,26.919884
16.764361,23.481316
16.283176,23.824327
17.536507,23.552465
16.939248,23.782038
17.247609,23.135667
19.365901,22.866001
17.223789,24.070422
17.919371,24.023959
18.553060,22.818321
17.963089,23.041495
16.905320,24.748346
13.494567,26.166800
12.352716,26.701223
18.646019,22.015762
18.195150,22.398817
19.421616,22.024008
18.845709,22.301463
19.100748,21.631951
21.187889,21.188060
19.152690,22.566287
19.841766,22.462566
20.374425,21.208529
19.805134,21.479264
18.889600,23.268228
18.152358,23.374530
14.132147,26.025217
13.721501,26.645149
13.909141,25.702610
12.600021,27.192836
10.892110,27.914805
12.671521,25.918893
13.206480,25.658860
12.847566,26.248347
12.140688,26.181203
12.990803,26.598873
20.400292,20.401212
19.982595,20.819874
21.172733,20.345170
20.622265,20.669010
20.820591,19.981403
22.864803,19.366493
20.950618,20.906998
21.629066,20.747375
22.055467,19.453982
21.510765,19.770737
20.746609,21.629267
20.021665,21.794949
11.295463,27.214698
11.924670,27.119857
11.475563,27.686007
10.113580,27.624197
11.705773,26.778370
10.744552,27.588129
10.311033,28.140013
22.015105,18.647215
21.632766,19.099344
22.780840,18.527377
22.258994,18.895546
22.399760,18.193579
24.385929,17.412511
22.605217,19.105914
23.268481,18.890628
23.586964,17.566330
23.069986,17.926604
22.462349,19.842139
21.751842,20.068026
10.488031,26.877641
11.040469,26.659664
10.661140,27.213789
9.936672,27.093995
11.154669,26.926230
8.548611,28.719029
23.479754,16.764906
23.136558,17.247456
24.233062,16.583030
23.742938,16.992847
23.825697,16.282402
25.740173,15.339555
24.105690,17.174203
24.748658,16.905017
24.956644,15.558669
24.471383,15.960373
24.023729,17.919974
23.334932,18.203207
9.008173,28.049291
9.645468,28.008859
9.149711,28.539493
7.796587,28.365410
9.462232,27.651117
8.431790,28.379594
7.952336,28.895205
24.783890,14.768857
24.481337,15.278684
25.519240,14.525668
25.064970,14.974023
25.088705,14.259797
26.918972,13.161168
25.441459,15.124891
26.059857,14.803589
26.156132,13.445021
25.705906,13.885071
25.421209,15.875071
24.758604,16.214043
8.232828,27.652037
8.802022,27.479754
7.665146,27.822236
6.147329,29.327283
25.919122,12.671854
25.659309,13.205381
26.631645,12.368810
26.216200,12.853260
26.180072,12.139518
27.913987,10.893459
26.603345,12.972589
27.193247,12.600885
27.177121,11.239345
26.764652,11.714900
26.645323,13.721394
26.012446,14.114566
8.372422,28.002275
8.894245,27.756802
6.661051,28.698340
7.298918,28.710134
6.761663,29.197792
5.427420,28.912780
7.145832,28.338135
6.058918,28.979004
5.539517,29.453448
26.877134,10.488299
26.661983,11.041457
27.561948,10.127403
27.188295,10.644439
27.093121,9.936504
28.718199,8.551103
27.583823,10.731697
28.140884,10.312181
28.012255,8.956811
27.640783,9.464482
27.687300,11.474301
27.089193,11.918321
5.921040,28.237694
6.502275,28.112908
5.341051,28.359822
3.703563,29.733935
27.651440,8.232184
27.482826,8.802483
28.304700,7.816998
27.974231,8.362411
27.821402,7.664974
29.326290,6.149306
28.375580,8.417081
28.896277,7.953266
28.656038,6.612601
28.328254,7.149709
28.540083,9.148228
27.980963,9.640605
6.031654,28.597837
6.571680,28.396622
4.268622,29.150230
4.902804,29.215164
4.327702,29.656948
3.021377,29.261296
4.781749,28.831833
3.645921,29.380104
3.089834,29.811105
28.237272,5.921044
28.115602,6.502958
28.853189,5.451690
28.570354,6.023056
28.357635,5.341434
29.735013,3.705739
28.973952,6.045599
29.454079,5.539518
29.105188,4.222638
28.821187,4.786744
29.198459,6.760054
28.681897,7.296510
3.569915,28.631084
4.158014,28.553819
2.981030,28.702815
1.238312,29.937966
28.630610,3.570951
28.556395,4.158391
29.203647,3.051252
28.971229,3.642820
28.702220,2.981773
29.940203,1.240365
29.375013,3.633295
29.809899,3.088185
29.352764,1.806890
29.119206,2.390991
29.657005,4.326932
29.185702,4.901469
3.649790,28.999533
4.204122,28.841490
1.846419,29.403564
2.473754,29.519916
1.860389,29.914133
0.000000,29.264211
1.192032,28.827763
0.720370,28.844348
2.386192,29.129523
1.784942,28.801597
0.867238,29.489787
1.399402,29.632740
0.615274,29.963886
0.000000,29.618112
0.657066,29.176709
1.362575,29.163607
28.827527,1.192801
28.800233,1.786299
29.414383,0.000000
28.845172,0.720221
29.511507,0.908941
29.634586,1.470375
29.179063,1.214837
29.963479,0.612724
29.615899,0.000000
29.215684,0.000000
29.146957,0.610955
29.491762,2.474226
