20.098131,0.000000
20.029691,1.659731
19.823714,3.308086
19.483064,4.933856
19.008770,6.525948
18.404839,8.073419
17.675275,9.565708
16.825104,10.992777
15.860377,12.344389
14.786130,13.612600
13.612401,14.786357
12.344207,15.860650
10.992631,16.825414
9.565616,17.675594
8.073316,18.405182
6.525869,19.009177
4.933790,19.483521
3.308055,19.824225
1.659704,20.030282
0.000000,20.098743
-0.000000,21.661630
1.788787,21.587251
3.565360,21.366300
5.317529,20.998722
7.033451,20.487540
8.701253,19.836770
10.309429,19.050422
11.847879,18.134518
13.304982,17.094083
14.670705,15.937184
15.937013,14.670833
17.093874,13.305079
18.134260,11.847950
19.050132,10.309472
19.836448,8.701289
20.487172,7.033447
20.998295,5.317498
21.365802,3.565333
21.586705,1.788729
21.661008,-0.000000
10.279189,17.250613
11.078684,18.592564
10.322240,18.133924
9.922465,17.463115
11.002013,17.652734
10.510931,17.680439
10.635933,17.038040
12.576475,17.614392
10.837683,18.140619
11.463324,18.363541
11.782669,17.223587
11.280211,17.233474
11.536873,17.701034
11.240666,18.005690
10.694064,18.821539
9.505377,19.443697
11.668506,16.343119
11.330647,16.584272
12.424125,16.687340
11.934949,16.754599
12.006392,16.101929
13.987897,16.515723
12.296517,17.185825
12.940790,17.354253
13.164510,16.191974
12.664143,16.244541
12.212190,17.874499
9.584983,18.587366
8.767596,18.953946
12.978391,15.323570
12.661386,15.592126
13.760776,15.604537
13.278377,15.711792
13.295451,15.055020
15.303923,15.304089
13.673486,16.111699
14.329364,16.226467
14.456947,15.049084
13.962589,15.142989
13.646433,16.804951
12.959918,16.687896
10.095392,18.590726
9.907463,19.247082
9.808184,18.124778
9.103302,19.640283
7.867360,20.162263
8.819513,18.040489
9.192599,17.858098
9.059682,18.510275
8.446498,18.222895
9.275665,18.992621
14.199355,14.199551
13.905961,14.492970
15.001138,14.414643
14.529819,14.561498
14.492793,13.906124
16.515512,13.988033
14.957507,14.927287
15.620537,14.987475
15.649975,13.804068
15.165104,13.938383
14.987318,15.620692
14.294476,15.560062
8.030043,19.347537
8.522036,19.380917
8.284395,19.999532
7.177750,19.607316
8.256085,18.884228
7.672032,19.701952
7.450383,20.324943
15.323348,12.978559
15.054820,13.295591
16.140861,13.126679
15.682987,13.311910
15.591917,12.661523
17.614144,12.576585
16.138867,13.641288
16.804765,13.646565
16.736677,12.464657
16.264496,12.638397
16.226280,14.329492
15.529777,14.326937
7.299633,18.707291
7.686487,18.556273
7.517915,19.192536
6.912822,18.858286
7.844353,18.936231
6.175473,20.743242
16.342840,11.668634
16.101692,12.006526
17.169735,11.748966
16.728662,11.971396
16.584035,11.330762
18.592278,11.078779
17.210353,12.261931
17.874270,12.212270
17.708478,11.039605
17.252372,11.252066
17.354027,12.940888
16.660219,12.995493
6.402624,19.937408
6.893511,20.014231
6.604538,20.615427
5.533566,20.133815
6.673541,19.499501
6.020090,20.266819
5.746480,20.871018
17.250296,10.279286
17.037782,10.636045
18.080727,10.290793
17.659754,10.548881
17.462849,9.922554
19.443380,9.505438
18.163863,10.798592
18.821277,10.694126
18.559439,9.539686
18.122398,9.788863
18.363289,11.463421
17.676503,11.575061
5.729865,19.246459
6.127882,19.127833
5.331890,19.365041
4.441411,21.182623
18.040168,8.819600
17.857799,9.192667
18.868852,8.762656
18.470509,9.054565
18.222562,8.446564
20.161905,7.867416
18.993241,9.261866
19.639982,9.103358
19.283824,7.974561
18.868840,8.258982
19.246786,9.907512
18.571325,10.075822
5.903486,19.748056
6.255786,19.522361
4.734492,20.398966
5.217103,20.515796
4.879545,21.090715
3.851913,20.522154
5.040054,19.984461
4.325683,20.695074
4.003367,21.274497
18.706916,7.299713
18.555953,7.686577
19.528156,7.174592
19.155221,7.498374
18.857907,6.912887
20.742832,6.175513
19.693195,7.661869
20.324605,7.450419
19.876606,6.354900
19.486510,6.672618
19.999208,8.284406
19.340013,8.507880
4.120946,19.653987
4.527372,19.568763
3.714547,19.739151
2.677018,21.476879
19.246031,5.729920
19.127473,6.127946
20.054170,5.537486
19.709198,5.890921
19.364604,5.331940
21.182144,4.441427
20.258736,6.009495
20.870624,5.746493
20.333788,4.691886
19.971241,5.040686
20.615034,6.604529
19.976537,6.881697
4.252800,20.168353
4.622112,19.972282
3.034144,20.720688
3.505347,20.876854
3.121258,21.421658
2.144670,20.769923
3.372427,20.332338
2.602246,20.981600
2.232892,21.532135
19.653499,4.120992
19.568339,4.527431
20.443215,3.862320
20.128547,4.243189
19.738633,3.714588
21.476370,2.677017
20.685960,4.315944
21.274027,4.003358
20.651446,2.996357
20.319097,3.374150
21.090262,4.879514
20.476855,5.208625
2.483904,19.927360
2.895967,19.875795
2.071842,19.978832
0.894382,21.624535
19.926816,2.483952
19.875310,2.896007
20.691925,2.161157
20.410018,2.566424
19.978267,2.071882
21.623980,0.894398
20.971604,2.592923
21.531570,2.232852
20.828829,1.281393
20.528625,1.684889
21.421130,3.121232
20.837139,3.499396
2.573479,20.450683
2.957240,20.285418
1.312307,20.899277
1.769150,21.094257
1.341598,21.605986
-0.000000,20.665892
0.829833,20.064557
0.501991,20.077996
1.682591,20.541660
1.244755,20.047417
0.618923,20.987888
0.999187,21.202980
0.447158,21.643113
0.000000,21.163654
0.458515,20.545831
0.960511,20.544713
20.063964,0.829855
20.046816,1.244788
20.879290,0.000000
20.077422,0.501991
21.015895,0.647098
21.208206,1.049809
20.561988,0.856347
21.642519,0.447120
21.163007,0.000000
20.595646,0.000000
20.502100,0.425205
21.054668,1.767417
