23.700636,0.000000
23.617182,1.957149
23.374349,3.900305
22.972263,5.817765
22.412914,7.695098
21.700918,9.519770
20.840586,11.279232
19.837851,12.961744
18.700140,14.555443
17.433594,16.050730
16.049652,17.434620
14.553942,18.701557
12.960555,19.839294
11.279203,20.841221
9.518824,21.701228
7.694455,22.413648
5.817082,22.972789
3.900465,23.374778
1.956982,23.618536
-0.000000,23.701973
-0.000000,25.041124
2.069056,24.954094
4.122243,24.698977
6.147549,24.274135
8.131169,23.683367
10.058755,22.931166
11.918278,22.022251
13.696460,20.963286
15.380630,19.760272
16.959278,18.422982
18.422940,16.958968
19.760140,15.380332
20.962885,13.696134
22.021920,11.917778
22.930959,10.058788
23.683186,8.130748
24.274011,6.146879
24.698505,4.122256
24.954075,2.067924
25.039657,0.000000
12.122083,20.343934
12.808454,21.496073
12.047531,21.164290
11.702970,20.592875
12.851339,20.619757
12.314341,20.714752
12.541782,20.092679
14.540097,20.364998
12.607381,21.102524
13.254129,21.229608
13.751068,20.101070
13.210870,20.182842
13.420974,20.591264
13.061655,20.920385
12.363357,21.760951
10.989820,22.480156
13.760211,19.273405
13.363396,19.556413
14.511923,19.490970
13.981898,19.629423
14.158063,18.989134
16.171909,19.094774
14.304421,19.991320
14.962639,20.063055
15.364168,18.896712
14.831103,19.024136
14.118435,20.665981
11.180447,21.680415
10.230969,22.116038
15.304781,18.070531
14.932711,18.386364
16.072507,18.226099
15.555526,18.407356
15.678799,17.754619
17.693415,17.693770
15.906264,18.741971
16.567976,18.759167
16.872464,17.563300
16.351826,17.734244
15.775851,19.429563
15.075526,19.412538
11.739799,21.619795
11.456361,22.251802
11.485008,21.223813
10.523556,22.707516
9.095498,23.310937
10.400637,21.274679
10.840707,21.060146
10.608565,21.674994
9.962847,21.489951
10.789489,22.092298
16.744667,16.745227
16.400217,17.090248
17.521425,16.836623
17.021864,17.059816
17.090593,16.399778
19.094020,16.172367
17.399700,17.364054
18.060697,17.326780
18.264711,16.110315
17.760128,16.323514
17.326358,18.060651
16.628001,18.100625
9.362178,22.557534
9.908039,22.533410
9.580404,23.121366
8.376017,22.879593
9.666701,22.112401
8.924055,22.915540
8.612281,23.498721
18.070159,15.305378
17.754875,15.678155
18.852485,15.332219
18.372842,15.595906
18.386770,14.932210
20.364261,14.540622
18.773924,15.868109
19.429765,15.776452
19.532995,14.547077
19.047600,14.800962
18.758928,16.568071
18.064957,16.666264
8.608199,22.061296
9.063569,21.882578
8.803225,22.472869
8.153967,22.239209
9.199322,22.206336
7.139011,23.982502
19.272427,13.760452
18.989350,14.158086
20.054277,13.723162
19.597834,14.025384
19.557031,13.363163
21.495251,12.809272
20.020266,14.263673
20.666114,14.118270
20.667315,12.884244
20.204650,13.177473
20.062773,14.962805
19.379870,15.117483
7.465631,23.247340
8.014390,23.271055
7.638086,23.833864
6.457233,23.493689
7.813905,22.833070
7.002855,23.572722
6.642383,24.129720
20.342833,12.122076
20.093325,12.542034
21.118605,12.020326
20.688962,12.359005
20.593632,11.702774
22.479526,10.990221
21.129661,12.561590
21.761155,12.363297
21.660642,11.133847
21.223864,11.463999
21.229747,13.254968
20.562204,13.465327
6.757104,22.697034
7.225930,22.556079
6.289525,22.836784
5.133972,24.490399
21.274532,10.400818
21.060363,10.840152
22.039246,10.235465
21.639060,10.608463
21.489519,9.962369
23.310377,9.096409
22.094599,10.774039
22.707723,10.524038
22.506077,9.307241
22.098057,9.672284
22.251676,11.456297
21.603447,11.721574
6.913014,23.123751
7.335727,22.892280
5.520396,23.785384
6.064991,23.853858
5.643783,24.383456
4.494950,23.946929
5.901143,23.400556
5.032039,24.070648
4.627318,24.596045
22.060797,8.608506
21.883537,9.064129
22.809177,8.380615
22.441349,8.785255
22.238799,8.153971
23.981960,7.140261
22.908891,8.912870
23.499152,8.612848
23.197773,7.417016
22.821372,7.814314
23.121693,9.579763
22.497737,9.897603
4.859672,23.177707
5.338269,23.075860
4.381982,23.277972
3.093826,24.830166
22.696485,6.757008
22.557348,7.226167
23.423623,6.468444
23.090216,6.901904
22.836276,6.289472
24.489664,5.134956
23.566554,6.990568
24.130168,6.642881
23.731002,5.475813
23.389027,5.903169
23.833703,7.637452
23.238218,8.005878
4.980156,23.615673
5.420087,23.419860
3.537725,24.160129
4.074472,24.273603
3.610971,24.766575
2.502339,24.235724
3.948690,23.808174
3.027591,24.403797
2.581016,24.894504
23.177121,4.859828
23.076890,5.338737
23.877759,4.511414
23.581840,4.971211
23.276720,4.382158
24.830418,3.094613
24.063380,5.020819
24.596115,4.627473
24.102374,3.496926
23.796180,3.951864
24.383310,5.643028
23.820229,6.059392
2.929593,23.500341
3.414273,23.437892
2.444864,23.559997
1.034119,25.000905
23.499738,2.930222
23.438771,3.414540
24.167717,2.524636
23.912313,3.006584
23.559162,2.445342
25.001373,1.035030
24.396116,3.016865
24.893475,2.580286
24.308243,1.495826
24.041976,1.973578
24.765980,3.610731
24.238982,4.070541
3.013479,23.946963
3.467536,23.786906
1.529834,24.369435
2.056151,24.526592
1.552207,24.980549
0.000000,24.180715
0.978154,23.662141
0.591099,23.676327
1.970116,24.053793
1.466757,23.640728
0.720258,24.455917
1.162200,24.636208
0.515583,25.022389
0.000000,24.607876
0.539846,24.077118
1.125119,24.070547
23.661371,0.978584
23.639450,1.467381
24.362575,0.000000
23.676191,0.591017
24.480487,0.753975
24.639419,1.220983
24.086408,1.003260
25.021618,0.514416
24.605880,0.000000
24.121149,0.000000
24.039902,0.501350
24.492494,2.055337
