22.175293,-0.000000
22.097935,1.831228
21.870765,3.649538
21.494699,5.443476
20.971389,7.200016
20.305170,8.907303
19.500201,10.553593
18.562024,12.127901
17.497524,13.619074
16.312392,15.018205
15.017463,16.313112
13.618087,17.498504
12.127124,18.563039
10.553527,19.500714
8.906673,20.305451
7.199578,20.971989
5.443021,21.495217
3.649578,21.871286
1.831065,22.099133
-0.000000,22.176533
-0.000000,23.602447
1.949791,23.520588
3.885204,23.280000
5.794176,22.879531
7.663811,22.322659
9.480755,21.613663
11.233284,20.756946
12.909357,19.758884
14.496831,18.625035
15.984803,17.364540
17.364427,15.984691
18.624857,14.496704
19.758502,12.909218
20.756635,11.233023
21.613459,9.480812
22.322454,7.663540
22.879304,5.793728
23.279511,3.885120
23.520239,1.949005
23.601061,0.000000
11.341680,19.034126
12.071964,20.259901
11.314864,19.877426
10.948975,19.267623
12.066164,19.360096
11.549292,19.427621
11.734768,18.799184
13.704031,19.193900
11.855182,19.843626
12.491629,20.009371
12.915107,18.879077
12.391728,18.931529
12.620109,19.362782
12.287393,19.681138
11.652687,20.509455
10.357791,21.187407
12.874419,18.032585
12.502533,18.297883
13.625457,18.300589
13.113494,18.409889
13.246922,17.766511
15.241984,17.996695
13.450962,18.798846
14.101778,18.909751
14.429998,17.748015
13.911669,17.844783
13.306867,19.477434
10.502787,20.366708
9.609479,20.773121
14.319596,16.907264
13.970802,17.203140
15.090945,17.112991
14.589421,17.263804
14.669576,16.611400
16.675997,16.676320
14.957197,17.623961
15.614799,17.680823
15.846607,16.495519
15.338068,16.634803
14.869205,18.312011
14.176203,18.254383
11.040730,20.332219
10.796878,20.972570
10.773510,19.908997
9.918895,21.401624
8.572544,21.970403
9.731086,19.905196
10.142888,19.704223
9.951360,20.332328
9.320716,20.106560
10.146014,20.774842
15.666786,15.667199
15.343936,15.990417
16.451308,15.808273
15.964617,15.999934
15.990556,15.343761
17.996133,15.242345
16.361619,16.328297
17.021716,16.330778
17.154254,15.130866
16.659071,15.311515
16.330451,17.021717
15.636046,17.020707
8.796270,21.194044
9.318799,21.193237
9.028588,21.792267
7.867100,21.489903
9.068176,20.742747
8.391877,21.549623
8.117605,22.147436
16.906963,14.320018
16.611453,14.669250
17.701145,14.395756
17.231687,14.626942
17.203301,13.970611
19.193328,13.704420
17.653873,14.921582
18.312086,14.869639
18.345441,13.662683
17.866763,13.883393
17.680587,15.614887
16.987287,15.671878
8.054031,20.641070
8.480486,20.474038
8.257856,21.081103
7.628360,20.807597
8.624700,20.819473
6.728720,22.603379
18.031860,12.874600
17.766512,13.247010
18.829548,12.884947
18.380630,13.153997
18.298163,12.502469
20.259288,12.072532
18.825917,13.412830
19.477427,13.306802
19.410792,12.100855
18.952072,12.360541
18.909463,14.101888
18.223802,14.215489
7.014066,21.841413
7.537843,21.886566
7.197999,22.463656
6.064938,22.066784
7.330055,21.418723
6.585127,22.167556
6.260950,22.742272
19.033317,11.341698
18.799449,11.734963
19.828827,11.286016
19.403923,11.591104
19.267994,10.948889
21.186912,10.358105
19.869109,11.812253
20.509499,11.652694
20.343710,10.456859
19.908045,10.753281
20.009323,12.492172
19.335589,12.661850
6.322076,21.235915
6.761012,21.104346
5.883959,21.366683
4.839058,23.082094
19.904990,9.731234
19.704272,10.142579
20.693242,9.610174
20.294948,9.949281
20.106238,9.320480
21.969952,8.573178
20.776468,10.131330
21.401664,9.919240
21.137738,8.741298
20.728058,9.072672
20.972363,10.796875
20.314654,11.022061
6.484646,21.691542
6.877721,21.463029
5.186521,22.346966
5.704499,22.434805
5.318356,22.981606
4.221835,22.492466
5.535784,21.951168
4.731813,22.635857
4.361687,23.181842
20.640631,8.054297
20.474512,8.480896
21.416191,7.868600
21.047361,8.239343
20.807250,7.628424
22.602916,6.729504
21.542168,8.381168
22.147616,8.117982
21.787415,6.965976
21.406525,7.329935
21.792328,9.028230
21.155590,9.306921
4.546811,21.685629
4.994917,21.590726
4.099281,21.779472
2.916355,23.402480
21.235414,6.322101
21.104980,6.761203
21.993045,6.073185
21.655962,6.473045
21.366228,5.883985
23.081442,4.839659
22.160646,6.573576
22.742423,6.261265
22.288296,5.142884
21.938979,5.537254
22.463366,7.197644
21.851862,7.528047
4.671515,22.153069
5.081664,21.957658
3.323779,22.699186
3.832490,22.829620
3.402421,23.342548
2.350383,22.763833
3.704178,22.333475
2.846807,22.949199
2.432833,23.462985
21.685033,4.546972
21.591160,4.995268
22.419520,4.235822
22.116883,4.662377
21.778487,4.099428
23.402360,2.916769
22.627824,4.721221
23.181670,4.361795
22.636833,3.284344
22.320944,3.706775
22.981278,5.317893
22.399117,5.697776
2.740836,21.987424
3.194829,21.929499
2.286845,22.043573
0.974644,23.563475
21.986749,2.741286
21.929763,3.195052
22.691854,2.370293
22.426576,2.819843
22.042705,2.287197
23.563341,0.975173
22.940528,2.836664
23.462025,2.432360
22.830538,1.404756
22.551320,1.851085
23.341860,3.402261
22.792993,3.827739
2.826747,22.463642
3.251101,22.301863
1.437341,22.895532
1.934138,23.067502
1.462545,23.543937
-0.000000,22.689240
0.915254,22.138874
0.553237,22.152630
1.848082,22.563745
1.372765,22.119125
0.677223,22.982680
1.092888,23.176610
0.486502,23.583701
-0.000000,23.143822
0.505363,22.579321
1.055318,22.574909
22.137973,0.915538
22.117928,1.373177
22.883095,0.000000
22.152140,0.553181
23.008377,0.708581
23.180394,1.148159
22.591082,0.941002
23.582813,0.485786
23.142083,0.000000
22.625393,0.000000
22.539375,0.469082
23.031143,1.932942
