22.084093,-0.000000
22.007110,1.823698
21.780876,3.634545
21.406366,5.421097
20.885211,7.170415
20.221728,8.870683
19.420068,10.510205
18.485750,12.078044
17.425628,13.563085
16.245362,14.956466
14.955754,16.246051
13.562138,17.426566
12.077298,18.486723
10.510141,19.420555
8.870075,20.221988
7.169990,20.885781
5.420656,21.406861
3.634578,21.781379
1.823537,22.008273
0.000000,22.085301
-0.000000,23.516744
1.942686,23.435202
3.871083,23.195479
5.773129,22.796462
7.635975,22.241609
9.446331,21.535187
11.192488,20.681578
12.862482,19.687144
14.444197,18.557418
15.926769,17.301498
17.301390,15.926663
18.557249,14.444076
19.686779,12.862349
20.681285,11.192240
21.534999,9.446389
22.241421,7.635715
22.796249,5.772696
23.195010,3.870997
23.434856,1.941924
23.515392,-0.000000
11.295021,18.955800
12.028101,20.186267
11.271146,19.800630
10.903895,19.188374
12.019307,19.284911
11.503609,19.350749
11.686515,18.721836
13.654238,19.124143
11.810328,19.768547
12.446219,19.936686
12.865229,18.806154
12.342820,18.856806
12.572355,19.289518
12.241235,19.607248
11.610359,20.434910
10.320149,21.110402
12.821459,17.958386
12.451065,18.222624
13.572556,18.229542
13.061641,18.337056
13.192445,17.693402
15.186602,17.931288
13.400071,18.727730
14.050509,18.841055
14.374260,17.679468
13.856774,17.774359
13.258530,19.406640
10.462357,20.288320
9.572398,20.692985
14.260695,16.837705
13.913294,17.132386
15.032371,17.046557
14.531735,17.195511
14.609234,16.543041
16.615405,16.615716
14.900605,17.557286
15.558033,17.616592
15.785400,16.431801
15.277542,16.569150
14.815208,18.245447
14.122580,18.185316
10.999050,20.255435
10.757602,20.896370
10.731031,19.830481
9.882881,21.323838
8.541400,21.890551
9.691055,19.823302
10.101162,19.623143
9.912122,20.252148
9.282324,20.023834
10.107644,20.696270
15.602343,15.602737
15.280785,15.924650
16.387450,15.746897
15.901489,15.936639
15.924785,15.280616
17.930749,15.186951
16.299720,16.266528
16.959840,16.271452
17.087999,15.072420
16.593333,15.251086
16.271139,16.959837
15.576900,16.956305
8.762512,21.112689
9.283668,21.113322
8.995724,21.713096
7.836735,21.406973
9.032440,20.660958
8.360143,21.468162
8.088141,22.066946
16.837419,14.261099
16.543093,14.608920
17.632440,14.339865
17.163550,14.569077
17.132543,13.913113
19.123595,13.654614
17.587088,14.865135
18.245524,14.815626
18.274587,13.609910
17.796262,13.828603
17.616367,15.558115
16.923031,15.612579
8.020900,20.556141
8.445621,20.389810
8.225294,20.997992
7.596935,20.721987
8.590380,20.736632
6.704286,22.521228
17.957692,12.821632
17.693404,13.192530
18.756465,12.834921
18.307952,13.101961
18.222898,12.451005
20.185683,12.028650
18.754702,13.362091
19.406636,13.258468
19.335823,12.054110
18.877288,12.311761
18.840779,14.050613
18.154872,14.161699
6.987128,21.757525
7.509431,21.804006
7.171790,22.382035
6.041531,21.981634
7.301166,21.334263
6.560218,22.083754
6.238232,22.659628
18.955026,11.295036
18.722094,11.686702
19.751862,11.242192
19.327195,11.545247
19.188736,10.903813
21.109933,10.320455
19.793946,11.767566
20.434959,11.610368
20.265137,10.416462
19.829486,10.710844
19.936642,12.446741
19.262454,12.613937
6.296067,21.148540
6.733212,21.017535
5.859712,21.278772
4.821495,22.998205
19.823111,9.691198
19.623197,10.100865
20.612922,9.572856
20.214693,9.909917
20.023535,9.282100
21.890126,8.542014
20.697872,10.093002
21.323884,9.883216
21.056098,8.707528
20.646265,9.036868
20.896176,10.757601
20.237811,10.980347
6.459071,21.606015
6.850366,21.377657
5.166605,22.261139
5.683007,22.350184
5.298976,22.898100
4.205540,22.405671
5.513970,21.864617
4.713909,22.550288
4.345865,23.097604
20.555726,8.021160
20.390273,8.446019
21.333068,7.838042
20.964129,8.206744
20.721662,7.597001
22.520791,6.705040
21.460676,8.349460
22.067129,8.088507
21.703269,6.939062
21.322054,7.301013
21.713161,8.995382
21.075565,9.271697
4.528106,21.596402
4.974386,21.501919
4.082381,21.689862
2.905786,23.317438
21.148063,6.296097
21.018151,6.733399
21.907680,6.049596
21.570325,6.447435
21.278340,5.859742
22.997581,4.822072
22.076818,6.548710
22.659780,6.238535
22.202222,5.123019
21.852407,5.515405
22.381760,7.171451
21.769203,7.499554
4.653088,22.065727
5.061451,21.870318
3.311017,22.612015
3.818063,22.743511
3.390003,23.257719
2.341318,22.675999
3.689579,22.245411
2.836027,22.862450
2.424006,23.377714
21.595829,4.528266
21.502337,4.974728
22.332505,4.219375
22.029414,4.643935
21.688915,4.082525
23.317317,2.906179
22.542231,4.703355
23.097438,4.345969
22.549396,3.271659
22.232869,3.692141
22.897784,5.298531
22.314386,5.676212
2.729551,21.896951
3.181706,21.839300
2.277399,21.952892
0.971101,23.477850
21.896295,2.729988
21.839549,3.181925
22.603790,2.361082
22.337865,2.808692
21.952047,2.277742
23.477705,0.971607
22.853739,2.825919
23.376782,2.423549
22.742377,1.399322
22.462324,1.843772
23.257052,3.389847
22.706779,3.813262
2.815599,22.375061
3.238174,22.213159
1.431827,22.807586
1.926863,22.980493
1.457205,23.458358
0.000000,22.600187
0.911496,22.047780
0.550978,22.061516
1.840797,22.474763
1.367144,22.028137
0.674655,22.894784
1.088756,23.089577
0.484768,23.498003
0.000000,23.056515
0.503303,22.489861
1.051148,22.485585
22.046898,0.911771
22.026971,1.367541
22.794834,0.000000
22.061029,0.550925
22.920580,0.705873
23.093424,1.143819
22.501805,0.937281
23.497133,0.484080
23.054822,0.000000
22.536091,0.000000
22.449768,0.467154
22.944015,1.925644
