25.609381,0.000000
25.518661,2.114760
25.256231,4.214201
24.821634,6.286258
24.217194,8.314790
23.447899,10.286366
22.518280,12.187488
21.434761,14.005443
20.205429,15.727455
18.836989,17.343076
17.341631,18.838339
15.725372,20.207317
14.003785,21.436646
12.187509,22.519012
10.285036,23.448257
8.313877,24.218051
6.285267,24.822153
4.214477,25.256564
2.114616,25.520171
0.000000,25.610784
-0.000000,26.854691
2.219331,26.761434
4.420966,26.487965
6.592977,26.032387
8.720314,25.398869
10.787437,24.592183
12.781836,23.617432
14.688804,22.481662
16.494871,21.191486
18.187836,19.757388
19.757456,18.187272
21.191426,16.494372
22.481292,14.688245
23.617090,12.781079
24.591939,10.787480
25.398683,8.719799
26.032353,6.592134
26.487447,4.421204
26.761773,2.217904
26.853290,-0.000000
13.098839,21.983176
13.736970,23.054447
12.967955,22.780968
12.646686,22.251494
13.837458,22.201734
13.274124,22.329404
13.551730,21.711631
15.594141,21.841325
13.553478,22.685914
14.215463,22.767893
14.801334,21.636296
14.238699,21.752898
14.428352,22.136467
14.035934,22.479769
13.259188,23.338723
11.786633,24.109832
14.868875,20.826353
14.440912,21.131512
15.625283,20.986023
15.071384,21.159325
15.298346,20.519379
17.344275,20.479057
15.377880,21.491200
16.047928,21.516958
16.537769,20.339903
15.984792,20.503965
15.141465,22.164405
12.031976,23.331208
11.011800,23.803338
16.537846,19.526493
16.136691,19.867201
17.305312,19.624116
16.767617,19.841990
16.941791,19.185504
18.976076,18.976403
17.099983,20.148174
17.769647,20.118565
18.161270,18.904805
17.623876,19.113774
16.918809,20.838521
16.206796,20.869312
12.619296,23.239495
12.287786,23.864439
12.377876,22.873605
11.285781,24.353850
9.754875,25.000860
11.238669,22.988652
11.713925,22.757246
11.433276,23.359672
10.766564,23.221306
11.598888,23.749359
18.093750,18.094473
17.722281,18.466711
18.865462,18.128153
18.348263,18.389483
18.467260,17.721528
20.478117,17.344804
18.705378,18.666796
19.370513,18.582373
19.659802,17.340837
19.141708,17.593339
18.581834,19.370491
17.875775,19.458985
10.073445,24.271051
10.649392,24.219500
10.276068,24.796879
9.015440,24.625604
10.417767,23.831078
9.593438,24.633608
9.235860,25.202301
19.526021,16.538666
19.186002,16.940803
20.298521,16.508371
19.804511,16.811522
19.867867,16.135780
21.840443,15.594783
20.182701,17.058641
20.838805,16.919589
21.024949,15.658201
20.529285,15.952317
20.118335,17.769803
19.420546,17.917047
9.301878,23.838786
9.793238,23.645519
9.487584,24.219225
8.811856,24.030917
9.919907,23.945623
7.656344,25.721101
20.825123,14.869216
20.519869,15.298283
21.592488,14.775906
21.124909,15.118607
21.132487,14.440460
23.053393,13.738041
21.522490,15.333860
22.164664,15.141213
22.245898,13.868466
21.776346,14.202563
21.516703,16.048218
20.834068,16.252058
8.033159,25.014155
8.613985,25.012833
8.192935,25.561158
6.950124,25.286472
8.421055,24.607787
7.528272,25.340166
7.123224,25.878891
21.981800,13.098836
21.712727,13.552064
22.738492,12.942568
22.301114,13.322390
22.252647,12.646393
24.109073,11.787092
22.715131,13.504101
23.339060,13.259074
23.315099,11.984387
22.874886,12.355806
22.768286,14.216666
22.105138,14.475987
7.301651,24.525701
7.807691,24.373109
6.797179,24.676698
5.505857,26.265815
22.988616,11.238904
22.757617,11.713120
23.729732,11.020777
23.325313,11.435451
23.220674,10.765805
25.000189,9.756029
23.752486,11.582432
24.354207,11.286417
24.225135,10.018275
23.817059,10.424679
23.864436,12.287679
23.224564,12.601448
7.450571,24.920820
7.910081,24.684807
5.940044,25.593039
6.518581,25.639162
6.054094,26.150650
4.838105,25.774345
6.359609,25.219280
5.409641,25.875384
4.962163,26.378952
23.838257,9.302195
23.647037,9.793961
24.558686,9.023647
24.190168,9.470163
24.030385,8.811788
25.720459,7.658109
24.627890,9.581641
25.202971,9.236651
24.969620,7.983684
24.596664,8.422131
24.797563,10.275134
24.185948,10.640591
5.251310,25.045118
5.767920,24.934716
4.735887,25.153449
3.317603,26.630075
24.525121,7.301371
24.375108,7.808001
25.220363,6.964868
24.889541,7.439944
24.676100,6.797050
26.264987,5.507255
25.334855,7.515075
25.879637,7.123917
25.543518,5.894133
25.208468,6.362323
25.561238,8.191966
24.982053,8.606933
5.367468,25.450903
5.844478,25.253735
3.806635,25.996133
4.378961,26.090266
3.873987,26.561699
2.693322,26.085088
4.255523,25.658629
3.254966,26.233482
2.767797,26.699184
25.044581,5.251431
24.936427,5.768498
25.709232,4.857545
25.419680,5.358686
25.151866,4.736124
26.630718,3.318878
25.869004,5.397641
26.379287,4.962315
25.943544,3.764007
25.647222,4.259390
26.150788,6.052999
25.607789,6.514256
3.165873,25.393846
3.688831,25.325854
2.642707,25.457942
1.109083,26.813051
25.393326,3.166679
25.327434,3.689140
26.021413,2.718496
25.776145,3.240918
25.457196,2.643305
26.814251,1.110445
26.226894,3.243525
26.698096,2.766743
26.164740,1.610269
25.912314,2.127305
26.561304,3.873601
26.057819,4.376012
3.247840,25.808147
3.738972,25.649439
1.646218,26.221666
2.209665,26.362275
1.665282,26.791537
0.000000,26.052769
1.057002,25.568552
0.638679,25.583474
2.123316,25.923464
1.584295,25.545256
0.774334,26.307736
1.249412,26.472822
0.552189,26.836153
0.000000,26.449765
0.583069,25.955966
1.212637,25.946878
25.567993,1.057586
25.543943,1.585177
26.221549,0.000000
25.583760,0.638577
26.331130,0.811007
26.475472,1.312659
25.962520,1.081271
26.835549,0.550491
26.447626,0.000000
25.997849,0.000000
25.921814,0.541779
26.330662,2.209321
