26.360039,-0.000000
26.266543,2.176762
25.996413,4.337679
25.549045,6.470539
24.926876,8.558544
24.135044,10.587897
23.178173,12.544739
22.062884,14.415969
20.797516,16.188448
19.389000,17.851395
17.849819,19.390464
16.186151,20.799572
14.414140,22.064921
12.544779,23.178935
10.586415,24.135427
8.557520,24.927777
6.469419,25.549566
4.337985,25.996726
2.176631,26.268118
0.000000,26.361470
-0.000000,27.571402
2.278700,27.475754
4.538992,27.195020
6.768994,26.727292
8.953135,26.076874
11.075418,25.248651
13.123121,24.247875
15.081000,23.081742
16.935238,21.757126
18.673383,20.284770
20.284883,18.672721
21.757092,16.934669
23.081392,15.080352
24.247525,13.122277
25.248379,11.075480
26.076672,8.952610
26.727278,6.768115
27.194459,4.539348
27.476206,2.277193
27.570054,0.000000
13.483027,22.627905
14.103938,23.670324
13.330864,23.418418
13.017875,22.903862
14.226204,22.825364
13.652211,22.965442
13.948936,22.348417
16.010719,22.424772
13.926807,23.310723
14.595408,23.375831
15.215459,22.241642
14.643643,22.371455
14.825883,22.746225
14.420494,23.095293
13.613202,23.962287
12.101550,24.753883
15.304942,21.437155
14.864735,21.751024
16.064193,21.575404
15.500575,21.761987
15.746816,21.121270
17.807611,21.026131
15.801467,22.083060
16.476847,22.091547
17.000511,20.908968
16.439322,21.086988
15.545749,22.756612
12.367775,23.982214
11.319688,24.468688
17.022843,20.099164
16.610254,20.449632
17.791313,20.175246
17.245112,20.407134
17.438512,19.748318
19.483001,19.483303
17.571025,20.703065
18.244560,20.655800
18.669441,19.433766
18.125039,19.657274
17.370506,21.395376
16.653228,21.444179
12.966407,23.878695
12.616379,24.501760
12.729675,23.523592
11.587005,25.004510
10.015496,25.668722
11.568298,23.662786
12.057337,23.424772
11.758211,24.023385
11.082690,23.902270
11.918289,24.403242
18.624381,18.625161
18.242283,19.008088
19.395316,18.637294
18.870779,18.913278
19.008696,18.241418
21.025125,17.808159
19.220600,19.180860
19.888160,19.078583
20.209881,17.826037
19.686021,18.093621
19.077995,19.888172
18.368177,19.995013
10.353975,24.946834
10.941989,24.884957
10.550994,25.459050
9.267577,25.314090
10.713686,24.508225
9.857583,25.311578
9.482291,25.875588
20.098649,17.023752
19.748901,17.437409
20.868579,16.972035
20.368498,17.290392
20.450380,16.609185
22.423846,16.011393
20.738604,17.528431
21.395669,17.371350
21.613222,16.096325
21.113036,16.405929
20.655574,18.244756
19.955494,18.410627
9.574742,24.537906
10.080202,24.338938
9.757216,24.907255
9.070627,24.735618
10.203691,24.630631
7.860824,26.408206
21.435837,15.305329
21.121859,15.746725
22.198886,15.190915
21.726478,15.549269
21.752112,14.864203
23.669181,14.105096
22.115267,15.756164
22.756899,15.545475
22.868324,14.256553
22.395558,14.606433
22.091301,16.477200
21.407927,16.699781
8.256992,25.710949
8.850641,25.700252
8.412222,26.243782
7.144478,25.993404
8.660267,25.307005
7.735604,26.037621
7.313252,26.570195
22.626442,13.483030
22.349671,13.949307
23.377085,13.306130
22.936192,13.701901
22.905135,13.017558
24.753080,12.102020
23.340753,13.876023
23.962652,13.613077
23.967441,12.319762
23.525344,12.707165
23.376321,14.596751
22.714013,14.874812
7.515856,25.244948
8.036475,25.087807
6.996861,25.400368
5.652856,26.967478
23.662801,11.568556
23.425179,12.056450
24.396153,11.330358
23.989581,11.761233
23.901538,11.081830
25.668011,10.016717
24.406684,11.901430
25.004900,11.587698
24.902952,10.298643
24.494301,10.721114
24.501801,12.616265
23.864286,12.948660
7.662368,25.628820
8.136274,25.390803
6.105559,26.305941
6.697613,26.343770
6.216262,26.849044
4.973417,26.494936
6.540242,25.935844
5.558637,26.587563
5.094491,27.083590
24.537373,9.575054
24.340655,10.080985
25.248378,9.277134
24.879081,9.739980
24.735021,9.070534
26.407521,7.862772
25.306201,9.845543
25.876325,9.483168
25.668251,8.207124
25.296084,8.661609
25.459873,10.549966
24.852144,10.933787
5.405370,25.779604
5.936886,25.665869
4.875103,25.891110
3.406053,27.341437
25.244359,7.515497
25.090069,8.036818
25.928675,7.160565
25.598346,7.651902
25.399721,6.996711
26.966611,5.654399
26.032622,7.722054
26.571033,7.314010
26.258191,6.059091
25.925276,6.543226
26.243969,8.411127
25.670200,8.844124
5.520068,26.173944
6.011613,25.976021
3.912695,26.720227
4.499145,26.807249
3.977958,27.271124
2.768641,26.814345
4.376418,26.387687
3.344685,26.955518
2.841608,27.412412
25.779088,5.405470
25.667823,5.937498
26.431236,4.993995
26.143652,5.511336
25.889390,4.875370
27.342203,3.407527
26.581505,5.546333
27.084009,5.094623
26.669505,3.869316
26.376478,4.380550
26.849299,6.215041
26.313191,6.693755
3.258817,26.138602
3.796793,26.068456
2.720537,26.204452
1.138706,27.529242
26.138100,3.259683
26.070285,3.797118
26.752195,2.794919
26.510336,3.333248
26.203739,2.721174
27.530704,1.140235
26.949310,3.332966
27.411298,2.840423
26.896753,1.655404
26.649154,2.187879
27.270820,3.977499
26.775561,4.496573
3.340184,26.541405
3.845875,26.383017
1.692154,26.952149
2.270255,27.086768
1.709985,27.507231
0.000000,26.790489
1.088043,26.318372
0.657440,26.333636
2.183695,26.660082
1.630489,26.294382
0.795660,27.038167
1.283832,27.197766
0.566648,27.552989
-0.000000,27.176708
0.600084,26.696061
1.247100,26.686024
26.317891,1.088680
26.293057,1.631476
26.954608,0.000000
26.334064,0.657330
27.061142,0.833494
27.200216,1.348848
26.701606,1.111979
27.552439,0.564749
27.174537,0.000000
26.737196,0.000000
26.663007,0.557690
27.056030,2.270096
