21.724137,-0.000000
21.648647,1.793986
21.426105,3.575380
21.057741,5.332789
20.545090,7.053609
19.892407,8.726180
19.103811,10.339004
18.184731,11.881317
17.141887,13.342169
15.980831,14.712861
14.712226,15.981453
13.341343,17.142726
11.880668,18.185607
10.338927,19.104281
8.725646,19.892684
7.053231,20.545646
5.332401,21.058255
3.575385,21.426655
1.793832,21.649787
-0.000000,21.725331
-0.000000,23.179002
1.914676,23.098716
3.815426,22.862402
5.690168,22.469104
7.526258,21.922204
9.310648,21.225920
11.031684,20.384560
12.677715,19.404419
14.236731,18.290935
15.698017,17.053042
17.052910,15.697963
18.290745,14.236657
19.404052,12.677630
20.384256,11.031499
21.225708,9.310715
21.921983,7.526044
22.468839,5.689800
22.861895,3.815331
23.098267,1.914017
23.177675,0.000000
11.110887,18.646750
11.855211,19.896075
11.098730,19.497810
10.725995,18.875686
11.834497,18.988423
11.323397,19.047556
11.496090,18.416651
13.457972,18.849228
11.633464,19.472550
12.267227,19.650236
12.668514,18.518606
12.149890,18.562095
12.384056,19.000681
12.059240,19.315962
11.443514,20.141131
10.171780,20.806927
12.612461,17.665621
12.247957,17.925679
13.363910,17.949374
12.857089,18.049793
12.977454,17.404939
14.968303,17.673515
13.199397,18.447357
13.848421,18.570317
14.154430,17.409176
13.640226,17.496605
13.068000,19.127640
10.302914,19.979234
9.426156,20.377001
14.028245,16.563249
13.686345,16.853208
14.801343,16.784579
14.304176,16.926154
14.371094,16.273317
16.376566,16.376869
14.677453,17.294419
15.334276,17.363451
15.543996,16.180545
15.038780,16.310213
14.602367,17.983119
13.911139,17.913020
10.834707,19.952726
10.602790,20.596067
10.563468,19.520819
9.740928,21.017288
8.418647,21.575861
9.533078,19.500180
9.936492,19.303232
9.757344,19.935923
9.130819,19.697428
9.956352,20.386508
15.348020,15.348389
15.031563,15.665147
16.135580,15.504862
15.652455,15.686990
15.665219,15.031466
17.673017,14.968629
16.055637,16.022998
16.715936,16.037640
16.826687,14.841947
16.334008,15.012744
16.037343,16.715963
15.343677,16.702403
8.629383,20.791915
9.145149,20.798278
8.866187,21.401089
7.716986,21.079980
8.891480,20.338392
8.235016,21.147015
7.972010,21.749746
16.562966,14.028616
16.273309,14.370869
17.361450,14.119460
16.894751,14.340844
16.853290,13.686240
18.848714,13.458314
17.323730,14.642588
17.983145,14.602746
17.995131,13.401806
17.518145,13.612503
17.363218,15.334370
16.669654,15.378787
7.890155,20.221049
8.308030,20.057485
8.096854,20.670213
7.472926,20.384205
8.454984,20.409885
6.607981,22.197485
17.664981,12.612630
17.404880,12.977560
18.468200,12.637637
18.021238,12.896713
17.925851,12.247941
19.895530,11.855697
18.473873,13.162040
19.127585,13.067970
19.040132,11.869772
18.582271,12.119362
18.570031,13.848526
17.883061,13.949630
6.880895,21.426765
7.397409,21.478536
7.068486,22.060374
5.949224,21.645887
7.187211,21.001167
6.462000,21.753382
6.148687,22.333941
18.646040,11.110919
18.416802,11.496270
19.448280,11.069361
19.024495,11.364372
18.875930,10.725948
20.806475,10.172061
19.497545,11.591380
20.141118,11.443544
19.955225,10.257159
19.519567,10.543458
19.650136,12.267683
18.974053,12.425029
6.193431,20.803800
6.623501,20.675025
5.764029,20.931917
4.752275,22.667616
19.499959,9.533219
19.303220,9.936265
20.296102,9.425682
19.898074,9.754649
19.697127,9.130658
21.575443,8.419184
20.387928,9.941885
21.017269,9.741229
20.734091,8.574356
20.323582,8.895649
20.595840,10.602809
19.934783,10.815879
6.358189,21.268709
6.742452,21.040936
5.088064,21.922737
5.598268,22.016596
5.222590,22.569014
4.141277,22.063442
5.427922,21.523275
4.643316,22.212956
4.283504,22.765638
20.220632,7.890402
20.057806,8.308392
21.005192,7.717528
20.635760,8.078158
20.383868,7.473008
22.197043,6.608617
21.139306,8.224443
21.749838,7.972328
21.371373,6.832927
20.988812,7.186934
21.401074,8.865918
20.759989,9.132817
4.454295,21.244357
4.893364,21.151532
4.015692,21.336308
2.864128,22.982306
20.803315,6.193485
20.675459,6.623680
21.570960,5.956568
21.232470,6.346418
20.931469,5.764079
22.666989,4.752754
21.746236,6.450666
22.333989,6.148944
21.862719,5.044681
21.510873,5.429225
22.060057,7.068213
21.443235,7.387209
4.580403,21.721265
4.981712,21.525839
3.260690,22.268319
3.761184,22.404063
3.341058,22.923424
2.305573,22.329675
3.631994,21.898104
2.793519,22.520463
2.389215,23.041675
21.243763,4.454453
21.151777,4.893674
21.989273,4.154512
21.684329,4.571191
21.335401,4.015831
22.982066,2.864438
22.204684,4.632911
22.765387,4.283588
22.204516,3.221636
21.885401,3.634415
22.568640,5.222217
21.980247,5.591190
2.685018,21.539990
3.129918,21.483423
2.240125,21.595112
0.957136,23.140419
21.539295,2.685406
21.483495,3.130122
22.256425,2.324759
21.987876,2.764711
21.594246,2.240432
23.140114,0.957551
22.511479,2.783550
23.040742,2.388821
22.394643,1.377894
22.111222,1.814925
22.922723,3.340918
22.366789,3.756182
2.771629,22.025713
3.187181,21.863298
1.410087,22.460829
1.898181,22.637494
1.436159,23.121106
0.000000,22.248993
0.896673,21.688368
0.542072,21.702028
1.812065,22.123835
1.344958,21.669147
0.664529,22.548238
1.072465,22.746492
0.477932,23.160281
0.000000,22.712337
0.495176,22.137031
1.034700,22.133293
21.687446,0.896910
21.667992,1.345303
22.446711,0.000000
21.701439,0.542027
22.574316,0.695192
22.750480,1.126710
22.149595,0.922603
23.159371,0.477355
22.710715,0.000000
22.183778,0.000000
22.096232,0.459546
22.600419,1.896869
