28.702166,0.000000
28.600229,2.370300
28.306109,4.723048
27.818938,7.045618
27.141465,9.319218
26.279306,11.528844
25.237402,13.659555
24.022978,15.697033
22.645161,17.626984
21.111602,19.437593
19.435668,21.113358
17.624078,22.647681
15.694730,24.025408
13.659664,25.238212
11.526893,26.279769
9.317832,27.142480
7.044073,27.819465
4.723388,28.306391
2.370211,28.602006
-0.000000,28.703681
-0.000000,29.818260
2.464758,29.715298
4.908912,29.411745
7.320753,28.905925
9.682999,28.202512
11.978240,27.306764
14.193057,26.224371
16.310587,24.963030
18.315832,23.530458
20.195626,21.938168
21.938430,20.194658
23.530508,18.315074
24.962773,16.309674
26.224003,14.191986
27.306381,11.978417
28.202235,9.682529
28.905942,7.319857
29.411005,4.909710
29.716036,2.463115
29.817163,0.000000
14.681907,24.639680
15.254444,25.601114
14.465990,25.412330
14.176160,24.939554
15.441956,24.775624
14.833781,24.953055
15.188307,24.335536
17.316754,24.253872
15.095438,25.266570
15.786613,25.281723
16.510849,24.135163
15.909301,24.304698
16.070338,24.655005
15.624610,25.022663
14.722982,25.917240
13.088871,26.772981
16.665695,23.343114
16.187281,23.684154
17.436822,23.418600
16.841886,23.645330
17.146152,22.999475
19.260218,22.741216
17.127427,23.935772
17.821540,23.892898
18.447930,22.689021
17.859961,22.909211
16.813118,24.613259
13.418260,26.018847
12.282764,26.550031
18.536282,21.886182
18.088003,22.267037
19.311233,21.898829
18.737389,22.173262
18.988379,21.504599
21.072264,21.072440
19.045533,22.440048
19.733445,22.340028
20.258972,21.088345
19.691427,21.355950
18.786577,23.141204
18.050789,23.243741
14.053159,25.879775
13.646552,26.499779
13.829312,25.555128
12.531320,27.044415
10.832653,27.762470
12.596934,25.766361
13.128798,25.507813
12.773837,26.097759
12.069162,26.027130
12.918139,26.450111
20.280229,20.281136
19.864941,20.697384
21.052390,20.229533
20.503735,20.550189
20.698103,19.863763
22.740037,19.260803
20.833410,20.790047
21.510999,20.634195
21.930495,19.343740
21.387268,19.657228
20.633447,21.511180
19.909638,21.672996
11.231698,27.061099
11.858085,26.968417
11.412862,27.534969
10.056291,27.467754
11.638627,26.624717
10.684458,27.433882
10.254830,27.986430
21.885540,18.537455
21.505407,18.986986
22.651368,18.422066
22.131056,18.786915
22.267977,18.086459
24.252861,17.317485
22.478755,18.999035
23.141469,18.787590
23.453313,17.466783
22.937543,17.823682
22.339816,19.733799
21.630136,19.955731
10.426283,26.719455
10.975555,26.502760
10.599963,27.057677
9.878122,26.934550
11.090323,26.770894
8.501961,28.562303
23.341574,16.666225
23.000354,17.145997
24.095336,16.488773
23.606477,16.895150
23.685517,16.186518
25.599720,15.255832
23.970841,17.078126
24.613579,16.812813
24.815236,15.470491
24.330895,15.868736
23.892675,17.822120
23.204375,18.101344
8.957299,27.890920
9.591611,27.852427
9.099695,28.383793
7.752428,28.204775
9.407954,27.492458
8.384623,28.220915
7.908993,28.737514
24.638035,14.681923
24.337226,15.188811
25.374203,14.443096
24.920908,14.887930
24.941090,14.175809
26.772084,13.089335
25.299138,15.040277
25.917628,14.722849
26.007927,13.368820
25.558330,13.805348
25.282528,15.788371
24.620080,16.123305
8.184352,27.489298
8.750272,27.318034
7.619966,27.658498
6.113790,29.167234
25.766583,12.597260
25.508272,13.127708
26.480289,12.298499
26.065518,12.779356
26.026037,12.068008
27.761668,10.833997
26.454523,12.900014
27.044838,12.532172
27.023128,11.175642
26.610999,11.647638
26.499953,13.646440
25.866906,14.035572
8.324365,27.841635
8.842960,27.596699
6.623429,28.536308
7.258173,28.549786
6.724675,29.038495
5.396677,28.749041
7.104844,28.175537
6.025025,28.816972
5.509335,29.292714
26.718954,10.426553
26.505051,10.976527
27.405306,10.069835
27.032023,10.583227
26.933707,9.877957
28.561493,8.504419
27.429517,10.671658
27.987306,10.255959
27.853533,8.906044
27.482099,9.410140
27.536240,11.411610
26.937632,11.851616
5.886174,28.071506
6.464056,27.947463
5.309550,28.192916
3.683384,29.571664
27.488710,8.183727
27.321065,8.750724
28.143830,7.772553
27.813449,8.314325
27.657688,7.619792
29.166259,6.115738
28.216848,8.369990
28.738583,7.909913
28.493670,6.575117
28.165627,7.108660
28.384364,9.098236
27.824408,9.586641
5.997030,28.433782
6.533785,28.232823
4.244517,28.985649
4.875452,29.052001
4.303979,29.495137
3.004262,29.095584
4.754314,28.666404
3.625513,29.215824
3.073000,29.648418
28.071088,5.886184
27.950121,6.464735
28.689209,5.420702
28.406134,5.988423
28.190772,5.309924
29.572737,3.685510
28.811867,6.011774
29.293346,5.509348
28.940259,4.198712
28.655735,4.759252
29.039144,6.723089
28.521416,7.255671
3.548881,28.462569
4.133597,28.385782
2.963419,28.533903
1.231558,29.774596
28.462106,3.549906
28.388323,4.133971
29.037669,3.033898
28.804697,3.621866
28.533311,2.964156
29.776796,1.233577
29.210676,3.612947
29.647230,3.071383
29.186458,1.796629
28.952043,2.377242
29.495179,4.303234
29.022414,4.874033
3.628834,28.833162
4.179882,28.675127
1.835967,29.237534
2.459965,29.355043
1.850186,29.750893
0.000000,29.096756
1.184997,28.658107
0.716109,28.674596
2.372484,28.962384
1.774507,28.632082
0.862390,29.323726
1.391573,29.467729
0.611976,29.800368
0.000000,29.452678
0.653212,29.008831
1.354762,28.995931
28.657867,1.185759
28.630732,1.775837
29.247811,0.000000
28.675407,0.715964
29.345536,0.903832
29.469625,1.462142
29.011404,1.207879
29.799965,0.609469
29.450477,0.000000
29.047948,0.000000
28.978884,0.607354
29.326741,2.460393
