20.076461,0.000000
20.008118,1.657937
19.802357,3.304515
19.462073,4.928527
18.988286,6.518900
18.385003,8.064700
17.656226,9.555381
16.806976,10.980913
15.843292,12.331067
14.770203,13.597907
13.597740,14.770396
12.330914,15.843523
10.980791,16.807238
9.555303,17.656498
8.064615,18.385297
6.518835,18.988634
4.928473,19.462463
3.304490,19.802793
1.657915,20.008618
0.000000,20.076978
-0.000000,21.641430
1.787113,21.567133
3.562036,21.346390
5.312579,20.979159
7.026906,20.468456
8.693162,19.818294
10.299841,19.032682
11.836866,18.117638
13.292620,17.078178
14.657078,15.922359
15.922213,14.657188
17.077999,13.292703
18.117417,11.836927
19.032434,10.299878
19.818018,8.693192
20.468139,7.026904
20.978793,5.312554
21.345966,3.562015
21.566669,1.787067
21.640904,-0.000000
10.268098,17.231953
11.068377,18.575233
10.311910,18.115745
9.911749,17.444235
10.990937,17.634929
10.500114,17.662199
10.624462,17.019616
12.564778,17.597980
10.827105,18.122881
11.452655,18.346435
11.770888,17.206331
11.268634,17.215753
11.525614,17.683729
11.229789,17.988248
10.684115,18.803994
9.496530,19.425567
11.655920,16.325449
11.318417,16.566348
12.411625,16.670522
11.922674,16.737324
11.993445,16.084520
13.974891,16.500338
12.284519,17.169031
12.928747,17.338091
13.151346,16.175760
12.651152,16.227846
12.200832,17.857843
9.575433,18.568814
8.758835,18.934975
12.964395,15.307011
12.647722,15.575280
13.746938,15.588816
13.264725,15.695600
13.281111,15.038747
15.289695,15.289837
13.660147,16.095958
14.316034,16.211359
14.442494,15.034015
13.948268,15.127429
13.633750,16.789296
12.947280,16.671589
10.085565,18.572588
9.898232,19.229142
9.798129,18.106153
9.094835,19.621969
7.860041,20.143459
8.809996,18.020977
9.182676,17.838782
9.050393,18.491253
8.437371,18.203183
9.266616,18.974054
14.184041,14.184208
13.890956,14.477315
14.986053,14.400121
14.514879,14.546493
14.477162,13.891096
16.500159,13.975006
14.942918,14.912707
15.606008,14.973523
15.634331,13.790247
15.149549,13.924063
14.973390,15.606141
14.280537,15.544860
8.022070,19.328283
8.513752,19.362039
8.276670,19.980889
7.170575,19.587680
8.247624,18.864824
7.664546,19.682700
7.443456,20.305990
15.306822,12.964537
15.038576,13.281232
16.124630,13.113455
15.666861,13.298194
15.575100,12.647840
17.597769,12.564870
16.123127,13.627965
16.789136,13.633861
16.719945,12.452178
16.247813,12.625414
16.211200,14.316143
15.514636,14.312941
7.291757,18.687053
7.678195,18.536203
7.510206,19.172817
6.905351,18.837884
7.836218,18.916559
6.169730,20.723894
16.325212,11.656030
16.084317,11.993559
17.152466,11.737129
16.711458,11.959061
16.566143,11.318515
18.574989,11.068455
17.193567,12.249954
17.857646,12.200901
17.690770,11.028549
17.234672,11.240505
17.337899,12.928830
16.643974,12.982798
6.396260,19.917551
6.886812,19.994724
6.598377,20.596203
5.528035,20.113650
6.666700,19.479460
6.014213,20.247011
5.741138,20.851554
17.231684,10.268181
17.019394,10.624558
18.062537,10.280421
17.641588,10.538010
17.444004,9.911825
19.425296,9.496580
18.146142,10.788041
18.803768,10.684167
18.540876,9.530130
18.103800,9.778803
18.346219,11.452735
17.659264,11.563751
5.723682,19.225634
6.121270,19.107146
5.326126,19.344089
4.437281,21.162862
18.020701,8.810069
17.838524,9.182736
18.849867,8.753823
18.451505,9.045231
18.202897,8.437428
20.143153,7.860086
18.974708,9.252816
19.621709,9.094882
19.264537,7.966572
18.849476,8.250494
19.228888,9.898274
18.553208,10.065973
5.897431,19.727760
6.249303,19.502087
4.729787,20.378647
5.212034,20.495799
4.874989,21.071043
3.848062,20.501596
5.034888,19.963921
4.321458,20.674845
3.999645,21.254654
18.686731,7.291823
18.535926,7.678270
19.508510,7.167358
19.135512,7.490643
18.837559,6.905406
20.723543,6.169761
19.673980,7.654382
20.305698,7.443485
19.856731,6.348534
19.466515,6.665762
19.980610,8.276680
19.321145,8.499563
4.116499,19.632717
4.522489,19.547597
3.710531,19.717790
2.674531,21.456843
19.225268,5.723727
19.106834,6.121323
20.033999,5.531903
19.688923,5.884848
19.343715,5.326168
21.162454,4.437293
20.238975,6.003625
20.851215,5.741148
20.313463,4.687189
19.950754,5.035506
20.595866,6.598370
19.957051,6.874971
4.248437,20.147622
4.617321,19.951537
3.031130,20.700047
3.501945,20.856502
3.118338,21.401670
2.142529,20.749115
3.368970,20.311434
2.599701,20.961087
2.230814,21.512042
19.632301,4.116538
19.547232,4.522537
20.422660,3.858429
20.107845,4.238815
19.717350,3.710565
21.456408,2.674530
20.665788,4.311728
21.254252,3.999637
20.630805,2.993358
20.298259,3.370680
21.070656,4.874964
20.456885,5.203536
2.481221,19.905788
2.892846,19.854293
2.069598,19.957212
0.893547,21.604355
19.905327,2.481260
19.853877,2.892878
20.671130,2.158979
20.389026,2.563781
19.956733,2.069630
21.603883,0.893560
20.951157,2.590388
21.511564,2.230782
20.808023,1.280109
20.507576,1.683156
21.401221,3.118317
20.816825,3.495980
2.570840,20.429653
2.954176,20.264344
1.311006,20.878446
1.767434,21.073687
1.340340,21.585817
0.000000,20.644754
0.828943,20.042833
0.501458,20.056270
1.680866,20.520532
1.243419,20.025724
0.618316,20.967075
0.998213,21.182406
0.446748,21.622916
0.000000,21.143008
0.458027,20.524577
0.959523,20.523496
20.042331,0.828960
20.025215,1.243445
20.858464,0.000000
20.055783,0.501459
20.995197,0.646458
21.187737,1.048788
20.540872,0.855463
21.622413,0.446718
21.142464,0.000000
20.574522,0.000000
20.480891,0.424747
21.034145,1.765695
