28.735634,-0.000000
28.633578,2.373068
28.339116,4.728557
27.851376,7.053838
27.173114,9.330091
26.309949,11.542294
25.266831,13.675490
24.050990,15.715345
22.671567,17.647546
21.136221,19.460266
19.458332,21.137985
17.644629,22.674097
15.713032,24.053431
13.675598,25.267648
11.540334,26.310421
9.328698,27.174139
7.052286,27.851913
4.728896,28.339407
2.372978,28.635367
0.000000,28.737160
-0.000000,29.850481
2.467425,29.747416
4.914215,29.443535
7.328664,28.937169
9.693464,28.232996
11.991185,27.336279
14.208397,26.252715
16.328217,24.990008
18.335627,23.555889
20.217452,21.961878
21.962138,20.216483
23.555934,18.334870
24.989747,16.327302
26.252340,14.207326
27.335886,11.991365
28.232709,9.692996
28.937177,7.327769
29.442783,4.915020
29.748148,2.465782
29.849379,0.000000
14.699042,24.668436
15.270940,25.628802
14.482239,25.440878
14.192714,24.968652
15.459357,24.803543
14.850685,24.981494
15.206019,24.363941
17.335480,24.280101
15.112176,25.294588
15.803692,25.309054
16.529393,24.162274
15.927409,24.332363
16.088163,24.682349
15.641859,25.050279
14.738893,25.945275
13.103027,26.801936
16.685142,23.370358
16.206182,23.711787
17.456469,23.444986
16.861075,23.672278
17.166150,23.026322
19.281045,22.765811
17.146418,23.962312
17.840820,23.918730
18.468650,22.714507
17.880287,22.935286
16.831289,24.639884
13.433299,26.048011
12.296551,26.579833
18.557912,21.911726
18.109122,22.293015
19.332988,21.923504
18.758738,22.198533
19.010527,21.529704
21.095050,21.095228
19.066651,22.464931
19.754792,22.364180
20.281727,21.112035
19.713838,21.380257
18.806880,23.166240
18.070806,23.269521
14.068726,25.908443
13.661322,26.528431
13.845046,25.584200
12.544859,27.073668
10.844370,27.792495
12.611635,25.796430
13.144110,25.537589
12.788369,26.127443
12.083260,26.057502
12.932460,26.479434
20.303894,20.304807
19.888131,20.721530
21.076108,20.252327
20.527096,20.573610
20.722246,19.886953
22.764625,19.281634
20.856509,20.813099
21.534267,20.656502
21.955125,19.365470
21.411608,19.679603
20.655748,21.534454
19.931716,21.697034
11.244266,27.091376
11.871207,26.998267
11.425219,27.564738
10.067582,27.498592
11.651861,26.655005
10.696302,27.464286
10.265906,28.016701
21.911078,18.559092
21.530510,19.009135
22.676885,18.442824
22.156271,18.808328
22.293952,18.107576
24.279084,17.336214
22.503678,19.020101
23.166499,18.807898
23.479653,17.486405
22.963646,17.843970
22.363963,19.755152
21.654122,19.977865
10.438454,26.750638
10.988350,26.533691
10.612021,27.088450
9.889662,26.965982
11.103006,26.801515
8.511154,28.593194
23.368809,16.685678
23.027200,17.165998
24.122479,16.507352
23.633372,16.914408
23.713147,16.205419
25.627398,15.272333
23.997416,17.097063
24.640199,16.830986
24.843105,15.487872
24.358583,15.886799
23.918502,17.841406
23.230105,18.121422
8.967325,27.922138
9.602225,27.883261
9.109552,28.414481
7.761131,28.236438
9.418652,27.523733
8.393919,28.252193
7.917535,28.768595
24.666783,14.699060
24.365631,15.206527
25.402787,14.459372
24.949301,14.904900
24.970185,14.192365
26.801030,13.103493
25.327186,15.056954
25.945657,14.738762
26.037136,13.383840
25.587415,13.821063
25.309857,15.805459
24.647380,16.141190
8.193907,27.521379
8.760473,27.349914
7.628871,27.690776
6.120399,29.198780
25.796648,12.611964
25.538041,13.143020
26.510119,12.312358
26.095215,12.793923
26.056397,12.082104
27.791685,10.845716
26.483853,12.914319
27.074084,12.545714
27.053477,11.188198
26.641282,11.660896
26.528600,13.661213
25.895588,14.051142
8.333837,27.873301
8.853068,27.628259
6.630844,28.568247
7.266203,28.581392
6.731964,29.069893
5.402736,28.781317
7.112922,28.207589
6.031705,28.848911
5.515283,29.324395
26.750131,10.438725
26.535982,10.989326
27.436177,10.081183
27.062822,10.595293
26.965128,9.889498
28.592374,8.513620
27.459927,10.683492
28.017571,10.267040
27.884814,8.916050
27.513374,9.420851
27.566008,11.423966
26.967501,11.864764
5.893046,28.104268
6.471589,27.980078
5.315759,28.225819
3.687361,29.603648
27.520784,8.193279
27.352948,8.760927
28.175535,7.781314
27.845137,8.323804
27.689955,7.628699
29.197795,6.122354
28.248130,8.379272
28.769659,7.918457
28.525669,6.582505
28.197678,7.116752
28.415051,9.108089
27.855261,9.597277
6.003854,28.466121
6.541254,28.265112
4.249268,29.018091
4.880842,29.084162
4.308655,29.527030
3.007635,29.128248
4.759722,28.699014
3.629535,29.248206
3.076318,29.680484
28.103842,5.893056
27.982737,6.472270
28.721527,5.426810
28.438499,5.995250
28.223660,5.316135
29.604716,3.689497
28.843810,6.018441
29.325020,5.515294
28.972763,4.203428
28.688343,4.764671
29.070539,6.730375
28.553042,7.263720
3.553027,28.495789
4.138410,28.418908
2.966891,28.567201
1.232889,29.806796
28.495318,3.554055
28.421449,4.138785
29.070380,3.037318
28.837518,3.625996
28.566603,2.967629
29.808997,1.234915
29.243062,3.616958
29.679286,3.074695
29.219233,1.798651
28.984988,2.379952
29.527069,4.307904
29.054594,4.879441
3.632964,28.865958
4.184659,28.707922
1.838027,29.270261
2.462682,29.387541
1.852196,29.783068
0.000000,29.129765
1.186383,28.691552
0.716949,28.708060
2.375185,28.995331
1.776564,28.665499
0.863346,29.356459
1.393116,29.500254
0.612626,29.832598
0.000000,29.485287
0.653972,29.041924
1.356302,29.028984
28.691306,1.187147
28.664140,1.777900
29.280639,0.000000
28.708867,0.716803
29.378245,0.904839
29.502134,1.463764
29.044447,1.209251
29.832187,0.610110
29.483077,0.000000
29.081007,0.000000
29.012009,0.608064
29.359262,2.463120
