22.443636,0.000000
22.365181,1.853378
22.135258,3.693647
21.754611,5.509312
21.224961,7.287099
20.550689,9.015035
19.735981,10.681229
18.786446,12.274570
17.709066,13.783776
16.509612,15.199822
15.199025,16.510380
13.782702,17.710117
12.273722,18.787530
10.681174,19.736505
9.014351,20.550959
7.286627,21.225570
5.508819,21.755114
3.693710,22.135743
1.853212,22.366392
-0.000000,22.444879
-0.000000,23.854759
1.970712,23.771975
3.926781,23.528841
5.856153,23.124099
7.745778,22.561284
9.582123,21.844713
11.353418,20.978844
13.047396,19.970103
14.651829,18.824123
16.155703,17.550160
17.550066,16.155551
18.823961,14.651666
19.969725,13.047220
20.978541,11.353111
21.844525,9.582173
22.561102,7.745475
23.123910,5.855660
23.528377,3.926708
23.771705,1.969857
23.853366,-0.000000
11.478957,19.264525
12.201127,20.476695
11.443544,20.103431
11.081605,19.500736
12.204082,19.581354
11.683736,19.653810
11.876731,19.026707
13.850659,19.399283
11.987227,20.064614
12.625353,20.223371
13.061925,19.093687
12.535668,19.151404
12.760694,19.578426
12.423286,19.898635
11.777329,20.728932
10.468635,21.414124
13.030234,18.250846
12.653959,18.519260
13.781166,18.509673
13.266099,18.624196
13.407201,17.981567
15.405073,18.189272
13.600784,19.008171
14.252755,19.112013
14.594067,17.949749
14.073232,18.052009
13.449205,19.685871
10.621794,20.597405
9.718628,21.008958
14.492895,17.111879
14.140003,17.411272
15.263358,17.308502
14.759193,17.464756
14.847112,16.812489
16.854431,16.854757
15.123802,17.820216
15.781966,17.869939
16.026779,16.683045
15.516205,16.827990
15.028214,18.507995
14.334068,18.457681
11.163436,20.558226
10.912536,21.196917
10.898528,20.140027
10.024943,21.630642
8.664253,22.205499
9.848862,20.146089
10.265647,19.942725
10.066839,20.568254
9.433668,20.349900
10.258970,21.006107
15.856391,15.856822
15.529740,16.183881
16.639275,15.988899
16.150409,16.186183
16.184066,15.529511
18.188681,15.405449
16.543850,16.510114
17.203934,16.505454
17.349284,15.302880
16.852549,15.489337
16.505116,17.203915
15.810173,17.210271
8.895642,21.433472
9.422225,21.428463
9.125364,22.025358
7.956477,21.733957
9.173345,20.983408
8.485297,21.789390
8.204363,22.384411
17.111576,14.493341
16.812586,14.846721
17.903380,14.560241
17.432225,14.797215
17.411488,14.139754
19.398688,13.851071
17.850495,15.087735
18.508106,15.028675
18.554012,13.818002
18.074261,14.044622
17.869710,15.782047
17.176461,15.846429
8.151507,20.890887
8.583059,20.721795
8.353684,21.325651
7.720814,21.059419
8.725698,21.063214
6.800671,22.845240
18.250084,13.030419
17.981616,13.407273
19.044675,13.032177
18.594532,13.307122
18.519614,12.653861
20.476056,12.201741
19.035582,13.562187
19.685901,13.449117
19.631479,12.238436
19.172177,12.504086
19.111734,14.252867
18.426740,14.373821
7.093361,22.088294
7.621486,22.129574
7.275178,22.703958
6.133833,22.317372
7.415075,21.667238
6.658456,22.414212
6.327846,22.985589
19.263672,11.478964
19.027052,11.876932
20.055383,11.414996
19.629749,11.726045
19.501192,11.081494
21.413618,10.468965
20.090399,11.943792
20.729020,11.777321
20.575009,10.575754
20.139267,10.878164
20.223365,12.625945
19.550912,12.802890
6.398596,21.492924
6.842800,21.359698
5.955296,21.625272
4.890774,23.329070
20.145906,9.849013
19.942820,10.265288
20.929676,9.720006
20.531157,10.065118
20.349577,9.433386
22.205044,8.664942
21.007867,10.244152
21.630728,10.025313
21.378065,8.840691
20.968801,9.178033
21.196736,10.912519
20.540895,11.144853
6.559915,21.943198
6.958221,21.714214
5.245148,22.599552
5.767772,22.683876
5.375425,23.227456
4.269799,22.747892
5.599983,22.205838
4.784516,22.887711
4.408275,23.429850
20.890451,8.151781
20.722373,8.583495
21.660877,7.958536
21.292336,8.335274
21.059079,7.720866
22.844781,6.801541
21.782098,8.474504
22.384656,8.204774
22.035122,7.045189
21.655147,7.415047
22.025480,9.124952
21.391199,9.410608
4.601841,21.948084
5.055318,21.851952
4.149004,22.043054
2.947477,23.652853
21.492430,6.398600
21.360465,6.842997
22.244333,6.142611
21.908013,6.548408
21.624826,5.955307
23.328422,4.891446
22.407454,6.646775
22.985814,6.328195
22.541683,5.201352
22.193789,5.601551
22.703703,7.274773
22.095231,7.611924
4.725746,22.410064
5.141145,22.214632
3.361346,22.955725
3.874961,23.083067
3.438991,23.592289
2.377065,23.022317
3.747142,22.592594
2.878543,23.204528
2.458823,23.714033
21.947506,4.602002
21.852512,5.055691
22.675667,4.284229
22.374330,4.716647
22.042040,4.149154
23.652820,2.947956
22.879835,4.773813
23.429740,4.408394
22.894232,3.321678
22.580180,3.749842
23.227174,5.374910
22.648586,5.761253
2.774037,22.253544
3.233435,22.194816
2.314636,22.310306
0.985075,23.815561
22.252900,2.774522
22.195210,3.233667
22.951091,2.397401
22.687679,2.852656
22.309459,2.315013
23.815550,0.985673
23.196058,2.868297
23.713077,2.458304
23.090071,1.420749
22.813267,1.872608
23.591631,3.438818
23.046831,3.870357
2.859556,22.724280
3.289140,22.562851
1.453575,23.154351
1.955554,23.323600
1.478268,23.795885
0.000000,22.951277
0.926310,22.406818
0.559885,22.420639
1.869521,22.825563
1.389303,22.386764
0.684781,23.241358
1.105053,23.432782
0.491606,23.836005
0.000000,23.400796
0.511424,22.842534
1.067587,22.837730
22.405954,0.926622
22.385565,1.389753
23.142926,0.000000
22.420228,0.559824
23.266860,0.716553
23.436472,1.160937
22.853854,0.951948
23.835153,0.490809
23.399017,0.000000
22.888241,0.000000
22.803105,0.474755
23.287676,1.954426
