22.086469,-0.000000
22.009475,1.823894
21.783217,3.634935
21.408667,5.421679
20.887455,7.171185
20.223901,8.871636
19.422155,10.511335
18.487737,12.079342
17.427500,13.564543
16.247108,14.958074
14.957361,16.247798
13.563595,17.428440
12.078596,18.488710
10.511271,19.422642
8.871028,20.224161
7.170761,20.888026
5.421239,21.409162
3.634969,21.783720
1.823733,22.010639
-0.000000,22.087677
-0.000000,23.518975
1.942871,23.437424
3.871451,23.197680
5.773677,22.798624
7.636700,22.243719
9.447228,21.537230
11.193550,20.683540
12.863702,19.689012
14.445568,18.559178
15.928280,17.303139
17.303031,15.928173
18.559009,14.445446
19.688646,12.863569
20.683247,11.193302
21.537042,9.447286
22.243531,7.636439
22.798412,5.773243
23.197210,3.871365
23.437079,1.942109
23.517623,-0.000000
11.296236,18.957839
12.029243,20.188184
11.272285,19.802630
10.905069,19.190438
12.020527,19.286868
11.504798,19.352750
11.687772,18.723850
13.655535,19.125959
11.811496,19.770502
12.447401,19.938579
12.866528,18.808053
12.344094,18.858751
12.573598,19.291426
12.242437,19.609172
11.611461,20.436850
10.321129,21.112406
12.822839,17.960318
12.452406,18.224584
13.573934,18.231392
13.062991,18.338952
13.193864,17.695306
15.188044,17.932991
13.401396,18.729581
14.051844,18.842843
14.375711,17.681253
13.858204,17.776192
13.259789,19.408483
10.463410,20.290360
9.573363,20.695071
14.262229,16.839516
13.914792,17.134228
15.033896,17.048287
14.533238,17.197289
14.610806,16.544821
16.616983,16.617294
14.902079,17.559022
15.559511,17.618265
15.786994,16.433460
15.279119,16.570860
14.816614,18.247180
14.123976,18.187114
11.000135,20.257434
10.758625,20.898353
10.732137,19.832525
9.883819,21.325863
8.542211,21.892630
9.692097,19.825434
10.102249,19.625254
9.913144,20.254236
9.283324,20.025988
10.108643,20.698316
15.604022,15.604416
15.282430,15.926362
16.389113,15.748496
15.903133,15.938287
15.926498,15.282260
17.932452,15.188393
16.301332,16.268136
16.961451,16.272997
17.089725,15.073942
16.595045,15.252659
16.272684,16.961448
15.578440,16.957982
8.763391,21.114807
9.284583,21.115402
8.996579,21.715157
7.837526,21.409132
9.033371,20.663088
8.360969,21.470282
8.088909,22.069041
16.839231,14.262633
16.544873,14.610491
17.634229,14.341321
17.165324,14.570584
17.134386,13.914611
19.125411,13.655910
17.588827,14.866605
18.247257,14.817032
18.276432,13.611284
17.798098,13.830029
17.618039,15.559593
16.924704,15.614123
8.021762,20.558352
8.446529,20.392003
8.226142,21.000156
7.597753,20.724216
8.591273,20.738789
6.704922,22.523367
17.959624,12.823011
17.695308,13.193949
18.758368,12.836223
18.309845,13.103316
18.224858,12.452345
20.187599,12.029793
18.756556,13.363412
19.408480,13.259727
19.337775,12.055327
18.879236,12.313031
18.842567,14.051948
18.156667,14.163100
6.987829,21.759709
7.510171,21.806155
7.172472,22.384159
6.042141,21.983851
7.301918,21.336462
6.560866,22.085936
6.238823,22.661779
18.957065,11.296252
18.724108,11.687959
19.753866,11.243333
19.329193,11.546441
19.190800,10.904986
21.111937,10.321435
19.795903,11.768730
20.436900,11.611470
20.267183,10.417514
19.831532,10.711949
19.938534,12.447923
19.264358,12.615184
6.296744,21.150815
6.733936,21.019796
5.860343,21.281061
4.821952,23.000389
19.825243,9.692241
19.625308,10.101951
20.615013,9.573827
20.216783,9.910942
20.025689,9.283100
21.892205,8.542826
20.699919,10.094000
21.325909,9.884154
21.058224,8.708408
20.648395,9.037801
20.898159,10.758623
20.239812,10.981433
6.459737,21.608242
6.851079,21.379880
5.167123,22.263373
5.683566,22.352387
5.299480,22.900273
4.205964,22.407931
5.514538,21.866870
4.714375,22.552516
4.346277,23.099797
20.557938,8.022023
20.392467,8.446927
21.335233,7.838838
20.966296,8.207593
20.723891,7.597819
22.522930,6.705677
21.462798,8.350286
22.069225,8.089274
21.705460,6.939763
21.324254,7.301766
21.715222,8.996237
21.077649,9.272614
4.528593,21.598725
4.974921,21.504231
4.082821,21.692195
2.906061,23.319652
21.150338,6.296774
21.020412,6.734123
21.909903,6.050211
21.572555,6.448102
21.280629,5.860373
22.999765,4.822530
22.079001,6.549357
22.661932,6.239127
22.204463,5.123536
21.854662,5.515974
22.383885,7.172133
21.771355,7.500296
4.653568,22.068001
5.061977,21.872592
3.311349,22.614285
3.818439,22.745753
3.390326,23.259928
2.341554,22.678286
3.689959,22.247704
2.836307,22.864708
2.424236,23.379934
21.598152,4.528753
21.504651,4.975263
22.334771,4.219803
22.031692,4.644415
21.691248,4.082965
23.319532,2.906454
22.544460,4.703820
23.099632,4.346381
22.551673,3.271989
22.235162,3.692522
22.899958,5.299035
22.316592,5.676774
2.729845,21.899307
3.182048,21.841648
2.277645,21.955253
0.971193,23.480079
21.898651,2.730282
21.841898,3.182267
22.606083,2.361322
22.340175,2.808983
21.954408,2.277988
23.479935,0.971700
22.856000,2.826199
23.379002,2.423778
22.744673,1.399464
22.464641,1.843962
23.259260,3.390170
22.709024,3.813639
2.815890,22.377367
3.238511,22.215468
1.431971,22.809876
1.927053,22.982758
1.457344,23.460586
0.000000,22.602505
0.911594,22.050152
0.551037,22.063889
1.840987,22.477080
1.367290,22.030506
0.674722,22.897072
1.088864,23.091843
0.484814,23.500233
0.000000,23.058788
0.503356,22.492191
1.051257,22.487910
22.049270,0.911869
22.029340,1.367688
22.797132,0.000000
22.063402,0.550983
22.922867,0.705943
23.095689,1.143932
22.504130,0.937378
23.499364,0.484124
23.057094,0.000000
22.538417,0.000000
22.452102,0.467204
22.946284,1.925834
