20.003797,-0.000000
19.935779,1.651915
19.730741,3.292527
19.391679,4.910636
18.919590,6.495238
18.318477,8.035432
17.592340,9.520714
16.746177,10.941085
15.785995,12.286342
14.716791,13.548582
13.548570,14.716806
12.286331,15.786012
10.941076,16.746197
9.520709,17.592361
8.035426,18.318501
6.495234,18.919617
4.910633,19.391709
3.292526,19.730775
1.651914,19.935816
0.000000,20.003835
-0.000000,21.573558
1.781494,21.499543
3.550884,21.279505
5.295969,20.913444
7.004949,20.404358
8.666020,19.756250
10.267681,18.973119
11.799931,18.060968
13.251166,17.024794
14.611388,15.872604
15.872593,14.611397
17.024780,13.251173
18.060951,11.799936
18.973099,10.267684
19.756228,8.666022
20.404332,7.004949
20.913415,5.295968
21.279472,3.550882
21.499508,1.781492
21.573519,-0.000000
10.230895,17.169283
11.033807,18.517047
10.277261,18.054698
9.875804,17.380823
10.953788,17.575141
10.463829,17.600945
10.585986,16.957741
12.525551,17.542885
10.791627,18.063325
11.416871,18.289007
11.731375,17.148393
11.229804,17.156246
11.487851,17.625630
11.193308,17.929685
10.650745,18.745086
9.466852,19.364689
11.613706,16.266108
11.277395,16.506153
12.369703,16.614060
11.881506,16.679319
11.950020,16.026062
13.931279,16.448702
12.244279,17.112650
12.888361,17.283840
13.107204,16.121329
12.607586,16.171795
12.162742,17.801927
9.543398,18.506514
8.729442,18.871262
12.917454,15.251411
12.601895,15.518712
13.700532,15.536042
13.218941,15.641239
13.233014,14.984111
15.241993,15.242003
13.615418,16.043120
14.271336,16.160655
14.394030,14.983433
13.900243,15.075192
13.591223,16.736750
12.904897,16.616847
10.052604,18.511680
9.867269,19.168906
9.764400,18.043602
9.066435,19.560471
7.835484,20.080308
8.778069,17.955434
9.149390,17.773899
9.019233,18.427364
8.406751,18.136969
9.236261,18.911702
14.132684,14.132697
13.840631,14.424752
14.935467,14.351375
14.464778,14.496124
14.424740,13.840642
16.448689,13.931288
14.894002,14.863768
15.557296,14.926700
15.581872,13.743856
15.097389,13.875993
14.926690,15.557306
14.233800,15.493834
7.995324,19.263615
8.485965,19.298638
8.250756,19.918281
7.146503,19.521723
8.219241,18.799649
7.639432,19.618039
7.420216,20.242335
15.251397,12.917464
14.984097,13.233024
16.070202,13.069072
15.612782,13.252153
15.518698,12.601904
17.542869,12.525558
16.070350,13.583249
16.736737,13.591231
16.663840,12.410291
16.191869,12.581834
16.160643,14.271344
15.463865,14.265966
7.265332,18.619062
7.650379,18.468783
7.484343,19.106578
6.880286,18.769343
7.808927,18.850478
6.150458,20.658906
16.266090,11.613715
16.026046,11.950029
17.094560,11.697399
16.653768,11.917659
16.506136,11.277403
18.517028,11.033812
17.137283,12.209757
17.801912,12.162747
17.631393,10.991441
17.175318,11.201703
17.283825,12.888367
16.589508,12.940190
6.374911,19.850848
6.864335,19.929199
6.577706,20.531633
5.509476,20.045909
6.643749,19.412134
5.994495,20.180472
5.723213,20.786175
17.169263,10.230901
16.957723,10.585993
18.001541,10.245610
17.580668,10.501518
17.380804,9.875810
19.364667,9.466855
18.086725,10.752633
18.745067,10.650749
18.478632,9.498056
18.041436,9.745039
18.288989,11.416876
17.601464,11.525792
5.702935,19.155668
6.099085,19.037643
5.306787,19.273690
4.423425,21.096480
17.955412,8.778074
17.773879,9.149395
18.786205,8.724175
18.387775,9.013900
18.136946,8.406756
20.080284,7.835487
18.912568,9.222442
19.560450,9.066438
19.199867,7.939759
18.784542,8.222003
19.168885,9.867272
18.492464,10.032920
5.877114,19.659574
6.227550,19.433974
4.714002,20.310383
5.195028,20.428623
4.859700,21.004962
3.835139,20.432526
5.017555,19.894911
4.307281,20.606885
3.987154,21.187994
18.619037,7.265336
18.468760,7.650384
19.442636,7.143081
19.069423,7.464695
18.769317,6.880290
20.658878,6.150460
19.609552,7.629256
20.242312,7.420217
19.790088,6.327166
19.399469,6.642747
19.918258,8.250756
19.257881,8.471651
4.101580,19.561247
4.506107,19.476478
3.697055,19.646013
2.666187,21.389528
19.155639,5.702938
19.037617,6.099089
19.966369,5.513167
19.620940,5.864462
19.273661,5.306789
21.096448,4.423425
20.172718,5.983925
20.786148,5.723213
20.245317,4.671423
19.882059,5.018121
20.531607,6.577706
19.891715,6.852396
4.233798,20.077971
4.601245,19.881837
3.021014,20.630695
3.490528,20.788122
3.108538,21.334519
2.135344,20.679200
3.357369,20.241194
2.591162,20.892168
2.223840,21.444538
19.561215,4.101583
19.476448,4.506110
20.353744,3.845368
20.038430,4.224138
19.645979,3.697057
21.389495,2.666186
20.598162,4.297578
21.187962,3.987153
20.561603,2.983292
20.228393,3.359035
21.004932,4.859699
20.389932,5.186455
2.472221,19.833300
2.882373,19.782038
2.062069,19.884560
0.890747,21.536555
19.833266,2.472223
19.782005,2.882375
20.601415,2.151669
20.318643,2.554910
19.884524,2.062071
21.536519,0.890747
20.882607,2.581880
21.444503,2.223838
20.738269,1.275797
20.437000,1.677339
21.334485,3.108537
20.748723,3.484520
2.561986,20.358988
2.943896,20.193533
1.306643,20.808450
1.761674,21.004573
1.336121,21.518052
0.000000,20.573724
0.825956,19.969827
0.499670,19.983259
1.675081,20.449540
1.238935,19.952821
0.616278,20.897141
0.994941,21.113279
0.445372,21.555058
-0.000000,21.073636
0.456387,20.453154
0.956204,20.452201
19.969790,0.825957
19.952784,1.238936
20.788647,0.000000
19.983222,0.499670
20.925809,0.644310
21.119120,1.045360
20.470076,0.852495
21.555020,0.445370
21.073597,0.000000
20.503700,0.000000
20.409780,0.423208
20.965346,1.759919
