21.319969,0.000000
21.246183,1.760622
21.027781,3.508948
20.666317,5.233636
20.163213,6.922456
19.522655,8.563928
18.748727,10.146778
17.846758,11.660432
16.823315,13.094122
15.683829,14.439338
14.438804,15.684357
13.093446,16.824020
11.659899,17.847497
10.146690,18.749152
8.563484,19.522927
6.922135,20.163724
5.233309,20.666822
3.508924,21.028349
1.760482,21.247253
0.000000,21.321100
-0.000000,22.800530
1.883286,22.721673
3.753055,22.489179
5.597210,22.102291
7.403319,21.564302
9.158618,20.879376
10.851504,20.051739
12.470688,19.087616
14.004272,17.992338
15.441710,16.774647
16.774501,15.441706
17.992141,14.004245
19.087271,12.470652
20.051446,10.851388
20.879158,9.158693
21.564065,7.403159
22.101992,5.596917
22.488659,3.752958
22.721145,1.882750
22.799285,0.000000
10.904141,18.299725
11.661490,19.570900
10.905347,19.158152
10.526249,18.524575
11.627198,18.655837
11.121193,18.707338
11.282275,18.073971
13.238059,18.541173
11.435160,19.140655
12.066672,19.329253
12.447885,18.196082
11.933426,18.231416
12.172935,18.676820
11.855211,18.989392
11.256560,19.811940
10.005534,20.466864
12.377800,17.336885
12.019914,17.592247
13.129879,17.635104
12.627578,17.727456
12.736061,17.081039
14.723705,17.384670
12.974400,18.132987
13.621986,18.266943
13.907876,17.106014
13.397267,17.184960
12.854507,18.815013
10.124094,19.632570
9.262135,20.022590
13.767255,16.255080
13.431536,16.539731
14.542209,16.490715
14.048854,16.623916
14.103706,15.970461
16.108954,16.109233
14.427256,16.999680
15.083562,17.079797
15.273247,15.898735
14.770900,16.019681
14.363881,17.689179
13.674078,17.607712
10.650455,19.613319
10.429326,20.259558
10.375470,19.173366
9.581866,20.673783
8.281108,21.223232
9.355700,19.137355
9.751591,18.944017
9.583689,19.581103
8.960709,19.330916
9.786724,20.039179
15.062471,15.062798
14.751742,15.373764
15.853070,15.233369
15.373037,15.406866
15.373775,14.751713
17.384237,14.723994
15.781973,15.749942
16.442648,15.775646
16.533610,14.583448
16.043055,14.745324
15.775378,16.442703
15.082196,16.417719
8.480086,20.432153
8.989852,20.445054
8.721042,21.051466
7.582681,20.713216
8.733327,19.976465
8.094722,20.786925
7.841882,21.394310
16.254815,13.767579
15.970404,14.103572
17.057495,13.872231
16.593156,14.084753
16.539744,13.431501
18.540719,13.238355
17.028456,14.393059
17.689159,14.364208
17.681705,13.168398
17.206109,13.370038
17.079571,15.083664
16.385577,15.116654
7.743358,19.844784
8.153537,19.684331
7.952750,20.302435
7.333690,20.004919
8.303046,20.043208
6.500075,21.834713
17.336330,12.377960
17.080933,12.736179
18.144866,12.416343
17.699542,12.666415
17.592325,12.019938
19.570421,11.661897
18.159010,12.937737
18.814918,12.854511
18.708495,11.663019
18.251272,11.903492
18.266667,13.622089
17.578317,13.711853
6.761758,21.055802
7.271819,21.113619
6.952738,21.699930
5.845696,21.269307
7.059357,20.627421
6.351877,21.382949
6.048351,21.968996
18.299113,10.904189
18.074024,11.282442
19.107763,10.875495
18.684861,11.161419
18.524707,10.526239
20.466456,10.005780
19.165219,11.393832
19.811877,11.256610
19.607636,10.078483
19.171846,10.355650
19.329115,12.067049
18.650706,12.213221
6.078193,20.416702
6.500310,20.290437
5.656599,20.542445
4.674719,22.297174
19.137124,9.355836
18.943953,9.751440
19.940734,9.260595
19.542821,9.580427
19.330630,8.960615
21.222846,8.281549
20.040418,9.772445
20.673712,9.582124
20.372937,8.424989
19.961542,8.737198
20.259320,10.429365
19.595035,10.631472
6.245005,20.890238
6.621354,20.663072
4.999985,21.543203
5.503266,21.642580
5.137005,22.200251
4.069204,21.679591
5.331379,21.140280
4.564165,21.834720
4.213625,22.393658
19.844391,7.743584
19.684514,8.153850
20.637425,7.582346
20.267325,7.933877
20.004590,7.333785
21.834291,6.500574
20.778984,8.084268
21.394321,7.842145
20.999130,6.713884
20.614926,7.058936
21.051388,8.720856
20.406169,8.977100
4.371423,20.849056
4.802388,20.758101
3.940819,20.939315
2.817453,22.606774
20.416236,6.078270
20.290690,6.500477
21.193278,5.852218
20.853392,6.233069
20.542007,5.656668
22.296574,4.675083
21.375590,6.340737
21.968950,6.048552
21.481949,4.956820
21.127684,5.332529
21.699598,6.952538
21.077767,7.261247
4.498855,21.334767
4.892231,21.139269
3.204253,21.882849
3.697418,22.023474
3.286221,22.548820
2.265489,21.941233
3.567385,21.508413
2.745857,22.137009
2.350227,22.665124
20.848470,4.371574
20.758179,4.802658
21.604288,4.081755
21.297142,4.489568
20.938484,3.940950
22.606433,2.817671
21.826235,4.553928
22.393340,4.213686
21.817718,3.165532
21.495557,3.569645
22.199846,5.136713
21.605620,5.495862
2.635019,21.139167
3.071765,21.083826
2.198280,21.193374
0.941487,22.762303
21.138464,2.635344
21.083730,3.071949
21.866815,2.284017
21.595184,2.715363
21.192524,2.198540
22.761862,0.941798
22.127744,2.736046
22.664230,2.349907
22.004649,1.353861
21.717304,1.782560
22.548120,3.286100
21.985605,3.692187
2.722299,21.633728
3.129961,21.470687
1.385716,22.071918
1.866024,22.252923
1.412575,22.743186
0.000000,21.854965
0.880039,21.284786
0.532084,21.298372
1.779831,21.730077
1.320047,21.266053
0.653171,22.159587
1.054202,22.361837
0.470266,22.781843
0.000000,22.326434
0.486055,21.741101
1.016241,21.737983
21.283865,0.880230
21.264958,1.320327
22.056294,0.000000
21.297712,0.532051
22.186041,0.683212
22.366038,1.107533
21.754431,0.906127
22.780932,0.469817
22.324951,0.000000
21.788494,0.000000
21.699531,0.451007
22.215197,1.864608
