20.107763,-0.000000
20.039279,1.660527
19.833206,3.309671
19.492393,4.936221
19.017872,6.529076
18.413653,8.077287
17.683739,9.570289
16.833159,10.998041
15.867967,12.350299
14.793204,13.619116
13.618914,14.793435
12.350111,15.868245
10.997890,16.833472
9.570196,17.684060
8.077179,18.413996
6.528993,19.018283
4.936151,19.492854
3.309638,19.833724
1.660498,20.039883
-0.000000,20.108388
-0.000000,21.670583
1.789530,21.596167
3.566835,21.375124
5.319726,21.007393
7.036356,20.496000
8.704845,19.844961
10.313686,19.058288
11.852769,18.142004
13.310472,17.101137
14.676758,15.943760
15.943588,14.676886
17.100926,13.310570
18.141744,11.852841
19.057997,10.313730
19.844639,8.704883
20.495631,7.036351
21.006964,5.319692
21.374620,3.566807
21.595612,1.789467
21.669945,-0.000000
10.284115,17.258886
11.083260,18.600248
10.326827,18.141984
9.927224,17.471486
11.006931,17.660629
10.515735,17.688526
10.641027,17.046208
12.581670,17.621671
10.842380,18.148483
11.468062,18.371126
11.787902,17.231239
11.285352,17.241332
11.541873,17.708707
11.245496,18.013424
10.698482,18.829319
9.509305,19.451735
11.674095,16.350955
11.336079,16.592220
12.429677,16.694798
11.940401,16.762260
12.012143,16.109648
13.993674,16.522546
12.301846,17.193273
12.946138,17.361421
13.170356,16.199165
12.669912,16.251945
12.217234,17.881886
9.589224,18.595590
8.771487,18.962356
12.984608,15.330914
12.667455,15.599597
13.766923,15.611509
13.284441,15.718974
13.301821,15.062236
15.310243,15.310412
13.679411,16.118681
14.335285,16.233168
14.463367,15.055768
13.968950,15.149890
13.652066,16.811894
12.965532,16.695128
10.099755,18.598768
9.911561,19.255036
9.812649,18.133036
9.107060,19.648402
7.870610,20.170599
8.823739,18.049139
9.197005,17.866661
9.063807,18.518708
8.450551,18.231633
9.279683,19.000853
14.206157,14.206355
13.912627,14.499914
15.007840,14.421085
14.536456,14.568153
14.499736,13.912789
16.522332,13.993813
14.963987,14.933755
15.626992,14.993664
15.656925,13.810199
15.172014,13.944735
14.993505,15.627146
14.300667,15.566804
8.033583,19.356072
8.525713,19.389286
8.287824,20.007797
7.180935,19.616020
8.259842,18.892830
7.675355,19.710486
7.453458,20.333344
15.330690,12.984778
15.062036,13.301960
16.148073,13.132545
15.690152,13.317994
15.599389,12.667592
17.621420,12.581783
16.145860,13.647199
16.811709,13.652201
16.744111,12.470194
16.271908,12.644156
16.232979,14.335414
15.536504,14.333145
7.303131,18.716263
7.690168,18.565169
7.521338,19.201278
6.916139,18.867330
7.847964,18.944952
6.178023,20.751818
16.350672,11.674226
16.109412,12.012278
17.177407,11.754218
16.736305,11.976868
16.591984,11.336195
18.599960,11.083360
17.217811,12.267245
17.881657,12.217315
17.716346,11.044510
17.260236,11.257194
17.361193,12.946238
16.667436,13.001125
6.405449,19.946210
6.896485,20.022878
6.607273,20.623948
5.536022,20.142753
6.676578,19.508385
6.022699,20.275599
5.748851,20.879645
17.258566,10.284213
17.045952,10.641142
18.088810,10.295395
17.667826,10.553705
17.471222,9.927314
19.451416,9.509369
18.171737,10.803273
18.829058,10.698545
18.567687,9.543927
18.130661,9.793326
18.370874,11.468162
17.684162,11.580079
5.732611,19.255689
6.130818,19.137003
5.334450,19.374328
4.443243,21.191381
18.048818,8.823828
17.866364,9.197074
18.877289,8.766576
18.478954,9.058707
18.231300,8.450618
20.170240,7.870670
19.001477,9.265882
19.648102,9.107120
19.292394,7.978106
18.877445,8.262748
19.254739,9.911612
18.579375,10.080192
5.906174,19.757053
6.258665,19.531348
4.736580,20.407972
5.219352,20.524659
4.881568,21.099434
3.853622,20.531266
5.042347,19.993566
4.327558,20.704040
4.005019,21.283292
18.715886,7.303214
18.564852,7.690263
19.536887,7.177802
19.163979,7.501804
18.866949,6.916207
20.751405,6.178066
19.701735,7.665192
20.333008,7.453496
19.885440,6.357726
19.495395,6.675661
20.007473,8.287835
19.348398,8.511571
4.122920,19.663414
4.529540,19.578144
3.716330,19.748618
2.678121,21.485760
19.255258,5.732668
19.136645,6.130884
20.063134,5.539963
19.718208,5.893616
19.373888,5.334502
21.190897,4.443262
20.267520,6.012100
20.879252,5.748866
20.342822,4.693971
19.980347,5.042985
20.623553,6.607263
19.985198,6.884683
4.254737,20.177541
4.624239,19.981477
3.035482,20.729836
3.506857,20.885875
3.122554,21.430517
2.145620,20.779144
3.373962,20.341603
2.603375,20.990691
2.233814,21.541039
19.662920,4.122969
19.577720,4.529602
20.452351,3.864048
20.137748,4.245129
19.748092,3.716374
21.485244,2.678121
20.694926,4.317816
21.282817,4.005010
20.660621,2.997689
20.328358,3.375690
21.098977,4.881533
20.485731,5.210885
2.485095,19.936920
2.897353,19.885325
2.072838,19.988414
0.894752,21.633478
19.936367,2.485147
19.884836,2.897395
20.701168,2.162124
20.419348,2.567597
19.987838,2.072881
21.632915,0.894770
20.980694,2.594048
21.540464,2.233771
20.838078,1.281964
20.537982,1.685658
21.429981,3.122526
20.846168,3.500911
2.574650,20.460003
2.958600,20.294758
1.312884,20.908509
1.769912,21.103373
1.342156,21.614925
0.000000,20.675260
0.830228,20.074185
0.502227,20.087625
1.683356,20.551023
1.245348,20.057032
0.619192,20.997112
0.999620,21.212098
0.447340,21.652063
-0.000000,21.172804
0.458732,20.555251
0.960950,20.554116
20.073579,0.830252
20.056417,1.245384
20.888547,0.000000
20.087040,0.502228
21.025096,0.647382
21.217306,1.050263
20.571373,0.856740
21.651457,0.447298
21.172139,0.000000
20.605035,0.000000
20.511528,0.425408
21.063791,1.768181
