23.831687,0.000000
23.747722,1.967968
23.503543,3.921853
23.099224,5.849926
22.536778,7.737639
21.820848,9.572397
20.955760,11.341583
19.947478,13.033393
18.803477,14.635901
17.529936,16.139450
16.138345,17.530985
14.634358,18.804928
13.032170,19.948954
11.341558,20.956403
9.571424,21.821161
7.736978,22.537521
5.849223,23.099749
3.922022,23.503964
1.967802,23.749086
-0.000000,23.833029
-0.000000,25.165195
2.079339,25.077730
4.142683,24.821359
6.178023,24.394415
8.171475,23.800723
10.108604,23.044795
11.977354,22.131377
13.764345,21.067159
15.456855,19.858181
17.043323,18.514268
18.514234,17.042996
19.858054,15.456542
21.066759,13.764003
22.131046,11.976835
23.044587,10.108637
23.800543,8.171044
24.394298,6.177337
24.820887,4.142708
25.077739,2.078182
25.163728,-0.000000
12.189138,20.456474
12.871973,21.602684
12.110606,21.275076
11.767757,20.706742
12.918924,20.728182
12.380157,20.825477
12.611120,20.203821
14.612204,20.465996
12.672177,21.210967
13.319892,21.334845
13.823038,20.206272
13.281345,20.290497
13.489965,20.697089
13.128367,21.027160
12.424645,21.868886
11.044330,22.591645
13.836322,19.380018
13.437367,19.664547
14.588228,19.593435
14.056607,19.734336
14.236348,19.094186
16.252111,19.189475
14.377940,20.094043
15.036884,20.162519
15.444591,18.995606
14.910208,19.125604
14.188425,20.768488
11.238794,21.793526
10.284475,22.231657
15.389432,18.170484
15.015364,18.488028
16.156998,18.321914
15.638641,18.505734
15.765511,17.852850
17.781162,17.781517
15.988019,18.838279
16.650183,18.852166
16.960782,17.655228
16.439046,17.828835
15.854043,19.525948
15.153000,19.512306
11.800026,21.730716
11.513239,22.362125
11.546226,21.336934
10.575702,22.820142
9.140603,23.426547
10.458168,21.392347
10.900660,21.176652
10.665111,21.790509
10.018023,21.608813
10.844922,22.205786
16.837283,16.837855
16.490978,17.184747
17.613539,16.925140
17.112819,17.150996
17.185108,16.490516
19.188707,16.252575
17.489123,17.453276
18.150303,17.412677
18.360312,16.194637
17.854859,16.410582
17.412248,18.150256
16.713455,18.193654
9.410908,22.674937
9.958806,22.648871
9.627996,23.235991
8.419832,22.999236
9.718198,22.230243
8.969898,23.033204
8.654942,23.615262
18.170106,15.390045
17.853123,15.764841
18.951590,15.412828
18.471015,15.679264
18.488454,15.014835
20.465247,14.612739
18.870409,15.949646
19.526158,15.854657
19.635233,14.623217
19.149196,14.879907
18.851928,16.650280
18.157794,16.751925
8.655818,22.183324
9.113666,22.003605
8.850148,22.592611
8.199131,22.362215
9.248745,22.325624
7.174399,24.101441
19.379022,13.836569
19.094421,14.236365
20.159699,13.795313
19.702550,14.100349
19.665192,13.437119
21.601845,12.872810
20.123150,14.336967
20.768632,14.188252
20.775490,12.951688
20.312417,13.247760
20.162239,15.037056
19.479461,15.195185
7.504514,23.368395
8.055448,23.390332
7.676043,23.952032
6.491008,23.616537
7.855535,22.954756
7.038840,23.693768
6.675278,24.249380
20.455351,12.189131
20.204499,12.611377
21.229626,12.083533
20.799512,12.425067
20.707531,11.767553
22.591006,11.044736
21.238247,12.626140
21.869102,12.424580
21.774017,11.192131
21.337071,11.525147
21.335001,13.320756
20.667872,13.534543
6.794485,22.822576
7.265873,22.680819
6.324374,22.963098
5.159409,24.611856
21.392207,10.458352
21.176883,10.900086
22.155106,10.289288
21.754692,10.665171
21.608370,10.017524
23.425979,9.141534
22.208145,10.829403
22.820362,10.576195
22.623878,9.355964
22.215925,9.723873
22.362007,11.513170
21.714470,11.781833
6.949871,23.246971
7.375120,23.015217
5.549147,23.909238
6.096051,23.976114
5.671851,24.504354
4.518464,24.072149
5.932578,23.525258
5.057901,24.194247
4.650226,24.718013
22.182822,8.656127
22.004604,9.114237
22.929082,8.424687
22.561272,8.832220
22.361798,8.199130
24.100893,7.175687
23.026622,8.958672
23.615713,8.655525
23.319192,7.455847
22.943099,7.855989
23.236342,9.627332
22.613355,9.948487
4.886556,23.305909
5.367768,23.203470
4.406275,23.406727
3.109134,24.953296
22.822024,6.794378
22.682140,7.266115
23.546764,6.502467
23.213602,6.938799
22.962585,6.324315
24.611115,5.160424
23.687662,7.026489
24.249852,6.675791
23.855206,5.504477
23.513782,5.934651
23.951886,7.675385
23.357645,8.047041
5.006711,23.741510
5.449195,23.545632
3.556148,24.285924
4.095322,24.398006
3.628961,24.889384
2.515424,24.362447
3.969728,23.935053
3.043164,24.529103
2.593795,25.017963
23.305326,4.886711
23.204550,5.368245
24.003281,4.535136
23.707868,4.997780
23.405453,4.406455
24.953579,3.109953
24.187043,5.046626
24.718104,4.650383
24.228544,3.515228
23.923103,3.972950
24.504226,5.671072
23.942651,6.090543
2.945813,23.630333
3.433125,23.567500
2.458444,23.690293
1.039248,25.124874
23.629738,2.946455
23.568431,3.433396
24.294760,2.537922
24.040125,3.022651
23.689464,2.458931
25.125395,1.040190
24.521503,3.032388
25.016930,2.593043
24.435462,1.503667
24.170224,1.984118
24.888801,3.628712
24.363547,4.091460
3.029547,24.074580
3.486152,23.914643
1.537803,24.496343
2.066663,24.652297
1.559941,25.104444
-0.000000,24.309056
0.983563,23.793021
0.594360,23.807251
1.980618,24.181990
1.474830,23.771472
0.723964,24.582783
1.168172,24.761967
0.518089,25.146468
-0.000000,24.734007
0.542811,24.205963
1.131122,24.199213
23.792265,0.984005
23.770191,1.475472
24.489955,0.000000
23.807146,0.594276
24.607265,0.757883
24.765136,1.227259
24.215055,1.008612
25.145709,0.516884
24.731997,0.000000
24.249833,0.000000
24.168970,0.504124
24.618382,2.065882
