23.739705,-0.000000
23.656098,1.960374
23.412864,3.906727
23.010112,5.827350
22.449839,7.707778
21.736670,9.535455
20.874920,11.297815
19.870531,12.983098
18.730945,14.579422
17.462313,16.077172
16.076090,17.463340
14.577913,18.732364
12.981903,19.871975
11.297790,20.875548
9.534503,21.736971
7.707130,22.450564
5.826662,23.010625
3.906891,23.413277
1.960207,23.657441
-0.000000,23.741030
-0.000000,25.078091
2.072121,24.990931
4.128334,24.735441
6.156630,24.309973
8.143181,23.718334
10.073611,22.965023
11.935884,22.054766
13.716692,20.994237
15.403347,19.789446
16.984326,18.450183
18.450149,16.984007
19.789322,15.403041
20.993844,13.716358
22.054445,11.935376
22.964826,10.073643
23.718165,8.142756
24.309863,6.155955
24.734982,4.128351
24.990934,2.070981
25.076637,-0.000000
12.142071,20.377474
12.827384,21.527839
12.066331,21.197303
11.722282,20.626810
12.871483,20.652067
12.333958,20.747749
12.562450,20.125802
14.561587,20.395092
12.626693,21.134838
13.273728,21.260965
13.772519,20.132420
13.231876,20.214923
13.441536,20.622798
13.081538,20.952202
12.381622,21.793112
11.006065,22.513375
13.782899,19.305178
13.385446,19.588639
14.534667,19.521505
14.004166,19.660688
14.181399,19.020442
16.195812,19.122992
14.326333,20.021930
14.984766,20.092692
15.388139,18.926182
14.854682,19.054374
14.139294,20.696525
11.197837,21.714121
10.246916,22.150491
15.330014,18.100320
14.957349,18.416663
16.097691,18.254652
15.580300,18.436674
15.704647,17.783895
17.719567,17.719916
15.930631,18.770670
16.592476,18.786878
16.898788,17.590695
16.377823,17.762434
15.799154,19.458283
15.098617,19.442268
11.757749,21.652847
11.473312,22.284674
11.503254,21.257523
10.539096,22.741074
9.108940,23.345384
10.417786,21.309747
10.858578,21.094867
10.625419,21.709417
9.979294,21.525374
10.806010,22.126115
16.772276,16.772833
16.427272,17.118412
17.548881,16.863002
17.048975,17.086989
17.118767,16.426821
19.122241,16.196267
17.426353,17.390642
18.087403,17.352375
18.293206,16.135443
17.788365,16.349461
17.351956,18.087351
16.653470,18.128347
9.376701,22.592519
9.923169,22.567815
9.594587,23.155520
8.389076,22.915245
9.682050,22.147518
8.937718,22.950601
8.624994,23.533445
18.099953,15.330612
17.784162,15.703991
18.882025,15.356241
18.402105,15.620748
18.417082,14.956835
20.394359,14.562112
18.802682,15.892407
19.458494,15.799756
19.563469,14.569768
19.077884,14.824489
18.786645,16.592568
18.092627,16.691791
8.622393,22.097662
9.078502,21.918646
8.817211,22.508552
8.167429,22.275867
9.214054,22.241884
7.149557,24.017941
19.304203,13.783137
19.020672,14.181416
20.085700,13.744664
19.629048,14.047725
19.589274,13.385205
21.527021,12.828206
20.050932,14.285515
20.696669,14.139123
20.699559,12.904343
20.236773,13.198420
20.092418,14.984931
19.409554,15.140638
7.477220,23.283412
8.026626,23.306597
7.649398,23.869073
6.467300,23.530296
7.826313,22.869332
7.013580,23.608790
6.652186,24.165373
20.376375,12.142061
20.126466,12.562701
21.151698,12.039163
20.721915,12.378693
20.627586,11.722081
22.512753,11.006466
21.162027,12.580826
21.793329,12.381559
21.694436,11.151217
21.257610,11.482222
21.261117,13.274572
20.593700,13.485954
6.768246,22.734447
7.237837,22.593253
6.299912,22.874427
5.141552,24.526587
21.309612,10.417966
21.095098,10.858015
22.073782,10.251505
21.673528,10.625363
21.524949,9.978808
23.344832,9.109856
22.128443,10.790538
22.741295,10.539581
22.541191,9.321761
22.133192,9.687659
22.284560,11.473244
21.636539,11.739532
6.923999,23.160470
7.347468,22.928915
5.528965,23.822290
6.074248,23.890287
5.652147,24.419478
4.501958,23.984242
5.910512,23.437717
5.039747,24.107477
4.634144,24.632386
22.097173,8.622699
21.919628,9.079064
22.844918,8.393749
22.477097,8.799252
22.275466,8.167431
24.017408,7.150818
22.943983,8.926520
23.533893,8.625566
23.233966,7.428588
22.857658,7.826735
23.155865,9.593938
22.532199,9.912767
4.867685,23.215913
5.347062,23.113889
4.389223,23.316343
3.098388,24.866853
22.733909,6.768146
22.594550,7.238074
23.460329,6.478584
23.126996,6.912900
22.873930,6.299857
24.525864,5.142545
23.602653,7.001273
24.165840,6.652688
23.768025,5.484356
23.426215,5.912552
23.868928,7.648756
23.273816,8.018145
4.988071,23.653172
5.428763,23.457340
3.543215,24.197613
4.080686,24.310671
3.616332,24.803166
2.506238,24.273485
3.954960,23.845983
3.032232,24.441134
2.584824,24.931289
23.215341,4.867840
23.114947,5.347531
23.915175,4.518484
23.619408,4.979129
23.315097,4.389400
24.867127,3.099184
24.100241,5.028510
24.632475,4.634301
24.139984,3.502381
23.834015,3.958148
24.419350,5.651385
23.856720,6.068675
2.934427,23.539080
3.419893,23.476517
2.448912,23.598827
1.035647,25.037842
23.538493,2.935061
23.477424,3.420160
24.205587,2.528595
23.950413,3.011373
23.598007,2.449392
25.038339,1.036568
24.433491,3.021491
24.930272,2.584088
24.346165,1.498163
24.080206,1.976719
24.802588,3.616089
24.276112,4.076775
3.018268,23.984992
3.473084,23.824971
1.532209,24.407251
2.059284,24.564048
1.554512,25.017464
0.000000,24.218959
0.979767,23.701145
0.592071,23.715344
1.973246,24.091994
1.469164,23.679691
0.721363,24.493720
1.163979,24.673680
0.516330,25.059358
-0.000000,24.645459
0.540730,24.115513
1.126908,24.108889
23.700392,0.980200
23.678425,1.469793
24.400545,0.000000
23.715231,0.591988
24.518277,0.755140
24.676892,1.222853
24.124757,1.004855
25.058604,0.515151
24.643472,0.000000
24.159509,0.000000
24.078377,0.502177
24.530018,2.058480
