28.787986,-0.000000
28.685745,2.377395
28.390747,4.737172
27.902119,7.066694
27.222620,9.347096
26.357884,11.563329
25.312865,13.700411
24.094808,15.743983
22.712871,17.679704
21.174729,19.495725
19.493784,21.176499
17.676774,22.715411
15.741660,24.097256
13.700521,25.313682
11.561358,26.358357
9.345695,27.223647
7.065132,27.902655
4.737512,28.391038
2.377307,28.687539
0.000000,28.789514
-0.000000,29.900874
2.471597,29.797648
4.922511,29.493254
7.341038,28.986034
9.709833,28.280672
12.011434,27.382441
14.232395,26.297046
16.355796,25.032203
18.366592,23.595663
20.251594,21.998962
21.999226,20.250619
23.595710,18.365831
25.031945,16.354875
26.296670,14.231319
27.382045,12.011618
28.280384,9.709368
28.986043,7.340145
29.492498,4.923326
29.798385,2.469952
29.899779,-0.000000
14.725843,24.713407
15.296745,25.672107
14.507657,25.485527
14.218607,25.014159
15.486578,24.847207
14.877127,25.025972
15.233723,24.408362
17.364774,24.321125
15.138358,25.338408
15.830411,25.351800
16.558400,24.204675
15.955735,24.375628
16.116045,24.725115
15.668842,25.093470
14.763783,25.989123
13.125172,26.847221
16.715561,23.412964
16.235747,23.755000
17.487201,23.486254
16.891092,23.714422
17.197429,23.068309
19.313626,22.804278
17.176126,24.003822
17.870980,23.959132
18.501061,22.754368
17.912081,22.976067
16.859713,24.681527
13.456824,26.093621
12.318117,26.626442
18.591744,21.951674
18.142156,22.333641
19.367018,21.962094
18.792133,22.238055
19.045171,21.568965
21.130696,21.130870
19.099687,22.503847
19.788186,22.401954
20.317320,21.149085
19.748894,21.418273
18.838641,23.205397
18.102119,23.309840
14.093077,25.953279
13.684428,26.573244
13.869657,25.629666
12.566038,27.119422
10.862700,27.839455
12.634631,25.843454
13.168060,25.584155
12.811099,26.173866
12.105312,26.105001
12.954862,26.525293
20.340910,20.341825
19.924404,20.759293
21.113209,20.287975
20.563639,20.610241
20.760009,19.923221
22.803088,19.314215
20.892644,20.849152
21.570665,20.691392
21.993653,19.399456
21.449682,19.714596
20.690634,21.570857
19.966254,21.734629
11.263924,27.138727
11.891735,27.044952
11.444548,27.611299
10.085244,27.546820
11.672562,26.702373
10.714828,27.511836
10.283233,28.064046
21.951023,18.592930
21.569776,19.043774
22.716801,18.475289
22.195714,18.841817
22.334581,18.140600
24.320107,17.365508
22.542665,19.053050
23.205655,18.839662
23.520858,17.517093
23.004478,17.875699
22.401739,19.788550
21.691643,20.012483
10.457491,26.799405
11.008363,26.582062
10.630882,27.136576
9.907714,27.015136
11.122843,26.849402
8.525536,28.641507
23.411411,16.716100
23.069193,17.197276
24.164940,16.536409
23.675443,16.944526
23.756365,16.234979
25.670698,15.298142
24.038990,17.126682
24.681842,16.859410
24.886701,15.515055
24.401896,15.915049
23.958904,17.871572
23.270354,18.152824
8.983010,27.970959
9.618829,27.931485
9.124971,28.462478
7.774745,28.285959
9.435385,27.572645
8.408460,28.301109
7.930897,28.817206
24.711751,14.725861
24.410061,15.234234
25.447502,14.484827
24.993715,14.931441
25.015696,14.218258
26.846314,13.125637
25.371063,15.083039
25.989504,14.763652
26.082827,13.407331
25.632913,13.845640
25.352611,15.832186
24.690086,16.169162
8.208852,27.571550
8.776427,27.399770
7.642800,27.741255
6.130739,29.248118
25.843678,12.634961
25.584607,13.166966
26.556782,12.334034
26.141671,12.816707
26.103887,12.104150
27.838643,10.864047
26.529733,12.936692
27.119837,12.566897
27.100953,11.207837
26.688653,11.681632
26.573416,13.684319
25.940457,14.075494
8.348653,27.922823
8.868879,27.677616
6.642442,28.618198
7.278765,28.630823
6.743367,29.118999
5.412214,28.831794
7.125559,28.257715
6.042154,28.898861
5.524588,29.373944
26.798899,10.457760
26.584365,11.009344
27.484470,10.098930
27.111001,10.614164
27.014276,9.907548
28.640685,8.528011
27.507499,10.702001
28.064917,10.284372
27.933748,8.931701
27.562296,9.437604
27.612579,11.443292
27.014226,11.885328
5.903796,28.155501
6.483372,28.031082
5.325471,28.277274
3.693582,29.653670
27.570955,8.208218
27.402820,8.776884
28.225131,7.795015
27.894706,8.338628
27.740430,7.642628
29.247131,6.132702
28.297066,8.393789
28.818274,7.931822
28.575727,6.594061
28.247816,7.129406
28.463057,9.123500
27.903526,9.613913
6.014529,28.516696
6.552937,28.315608
4.256700,29.068827
4.889275,29.134461
4.315968,29.576911
3.012912,29.179333
4.768180,28.750012
3.635827,29.298849
3.081507,29.730635
28.155078,5.903803
28.033756,6.484054
28.772081,5.436363
28.489129,6.005927
28.275105,5.325850
29.654744,3.695733
28.893780,6.028868
29.374573,5.524595
29.023611,4.210804
28.739352,4.773146
29.119654,6.741770
28.602518,7.276310
3.559512,28.547740
4.145938,28.470711
2.972320,28.619274
1.234971,29.857158
28.547269,3.560543
28.473267,4.146313
29.121551,3.042668
28.888860,3.632456
28.618679,2.973060
29.859374,1.237007
29.293727,3.623231
29.729435,3.079875
29.270505,1.801814
29.036525,2.384191
29.576958,4.315210
29.104935,4.887898
3.639425,28.917247
4.192132,28.759208
1.841249,29.321444
2.466933,29.438367
1.855342,29.833390
0.000000,29.181388
1.188552,28.743854
0.718262,28.760392
2.379412,29.046856
1.779781,28.717758
0.864840,29.407651
1.395529,29.551122
0.613643,29.883005
-0.000000,29.536286
0.655160,29.093677
1.358711,29.080675
28.743614,1.189318
28.716398,1.781125
29.331993,0.000000
28.761207,0.718115
29.429413,0.906414
29.552991,1.466303
29.096137,1.211396
29.882597,0.611114
29.534076,0.000000
29.132720,0.000000
29.063827,0.609174
29.410138,2.467384
