27.677268,-0.000000
27.578989,2.285593
27.295360,4.554394
26.825599,6.793950
26.172325,8.986330
25.340942,11.117070
24.336249,13.171695
23.165206,15.136421
21.836599,16.997461
20.357759,18.743455
18.741670,20.359400
16.994809,21.838930
15.134312,23.167482
13.171771,24.337048
11.115323,25.341372
8.985104,26.173297
6.792594,26.826126
4.554730,27.295653
2.285485,27.580682
0.000000,27.678750
-0.000000,28.833204
2.383198,28.733419
4.746749,28.439878
7.078862,27.950758
9.363020,27.270582
11.582427,26.404439
13.723977,25.357832
15.771506,24.138235
17.710549,22.752991
19.528239,21.213281
21.213474,19.527406
22.753002,17.709868
24.137931,15.770707
25.357468,13.722998
26.404105,11.582544
27.270338,9.362511
27.950763,7.077957
28.439220,4.747340
28.734039,2.381595
28.831980,-0.000000
14.157255,23.759319
14.750032,24.754620
13.968781,24.538946
13.669281,24.048712
14.909464,23.921434
14.316407,24.082754
14.645960,23.465941
16.744153,23.451965
14.583395,24.409602
15.264354,24.446146
15.943430,23.305747
15.355079,23.458161
15.525061,23.818652
15.096963,24.178069
14.236444,25.060142
12.656002,25.887775
16.070208,22.509049
15.608516,22.838200
16.835618,22.611296
16.254560,22.820681
16.533804,22.177547
18.623360,21.989291
16.546447,23.123993
17.231997,23.103152
17.813925,21.909304
17.237875,22.111281
16.257491,23.799259
12.958100,25.126694
11.860908,25.638322
17.873978,21.104160
17.441321,21.471728
18.645513,21.143913
18.083957,21.399933
18.310161,20.736024
20.375492,20.375733
18.399466,21.678976
19.080686,21.601635
19.562716,20.363594
19.005519,20.612123
18.165746,22.375789
17.438422,22.455242
13.576958,25.002956
13.194901,25.623809
13.347775,24.665539
12.117319,26.150070
10.474377,26.844535
12.146782,24.845819
12.659939,24.596242
12.329097,25.189422
11.637469,25.097279
12.480043,25.553260
19.555602,19.556467
19.154845,19.958137
20.326596,19.532149
19.788707,19.833439
19.958820,19.153798
21.988181,18.623934
20.126744,20.084970
20.799514,19.952190
21.176821,18.678944
20.642307,18.972545
19.951510,20.799612
19.234220,20.937769
10.847192,26.134919
11.456660,26.055472
11.035010,26.624848
9.710807,26.524374
11.233595,25.697914
10.322153,26.503973
9.916139,27.060986
21.103569,17.875040
20.736739,18.308885
21.870515,17.786965
21.359279,18.131635
21.472594,17.439982
23.450979,16.744868
21.716294,18.354677
22.376073,18.166691
22.647303,16.866483
22.138608,17.202865
21.601413,19.080966
20.896363,19.278726
10.053625,25.764790
10.583756,25.555841
10.230930,26.116032
9.524752,25.972284
10.702132,25.833822
8.220859,27.617907
22.507595,16.070678
22.178301,16.533672
23.264698,15.920325
22.783277,16.305828
22.839454,15.607851
24.753329,14.751326
23.157807,16.498895
23.799573,16.257194
23.962438,14.938751
23.483429,15.315986
23.102917,17.232474
22.417232,17.487232
8.650516,26.935962
9.266921,26.909379
8.798295,27.445578
7.486127,27.236116
9.080543,26.535461
8.100249,27.264283
7.647808,27.787311
23.757734,14.157269
23.467449,14.646403
24.499475,13.945118
24.051857,14.368603
24.050151,13.668938
25.886907,12.656476
24.441057,14.530147
25.060528,14.236311
25.114141,12.909302
24.668107,13.324464
24.446809,15.265937
23.784905,15.576262
7.891797,26.507152
8.437927,26.342055
7.347288,26.670325
5.911692,28.202817
24.845940,12.147081
24.596687,12.658929
25.567449,11.874466
25.156524,12.333549
25.096349,11.636440
26.843763,10.475683
25.557246,12.462474
26.150490,12.118105
26.094434,10.791490
25.684119,11.241919
25.623924,13.194785
24.989427,13.559329
8.034479,26.872674
8.533557,26.630881
6.396563,27.559273
7.012536,27.583141
6.501777,28.078605
5.211276,27.761663
6.857604,27.194786
5.820677,27.840130
5.327460,28.324183
25.764263,10.053918
25.557887,10.584646
26.460581,9.722646
26.089312,10.213989
25.971553,9.524618
27.617146,8.223104
26.499170,10.309687
27.061811,9.917161
26.896321,8.599898
26.524866,9.082358
26.625918,11.033844
26.023843,11.449458
5.675757,27.068550
6.233375,26.949003
5.119427,27.185628
3.561790,28.593876
26.506554,7.891291
26.344756,8.438330
27.173604,7.504513
26.843521,8.024265
26.669586,7.347118
28.201882,5.913472
27.259812,8.086087
27.788285,7.648666
27.514467,6.349076
27.184602,6.861058
27.445970,8.796990
26.880509,9.261296
5.788172,27.444227
6.305166,27.244715
4.099159,27.993251
4.710554,28.068384
4.161035,28.520098
2.901051,28.096316
4.588829,27.668569
3.502470,28.225437
2.971554,28.668110
27.068080,5.675810
26.951359,6.234032
27.700228,5.233812
27.415464,5.779514
27.183665,5.119753
28.594825,3.563625
27.834614,5.807840
28.324727,5.327536
27.945610,4.054430
27.657674,4.593419
28.079073,6.500345
27.553848,7.009459
3.421940,27.445577
3.986223,27.371684
2.857129,27.514510
1.190853,28.790178
27.445098,3.422899
27.373921,3.986576
28.036635,2.929232
27.800078,3.495475
27.513861,2.857827
28.792066,1.192664
28.219844,3.490272
28.666949,2.970131
28.183504,1.734760
27.943645,2.294314
28.519975,4.160425
28.037921,4.708634
3.502432,27.829633
4.033644,27.671556
1.772952,28.236395
2.376834,28.361117
1.788709,28.767241
0.000000,28.086774
1.142553,27.634221
0.690414,27.650148
2.289801,27.954228
1.711508,27.609066
0.833156,28.322452
1.344367,28.473014
0.592102,28.815063
-0.000000,28.455374
0.629958,27.996161
1.307627,27.984498
27.633874,1.143268
27.607721,1.712684
28.243286,0.000000
27.650799,0.690287
28.344745,0.873022
28.475139,1.412502
28.000002,1.165899
28.814596,0.589858
28.453173,0.000000
28.036102,0.000000
27.964906,0.585619
28.331797,2.377003
