23.081926,-0.000000
23.000907,1.906070
22.764429,3.798579
22.372893,5.665932
21.828162,7.494265
21.134735,9.271321
20.296860,10.984872
19.320310,12.623490
18.212295,14.175599
16.978774,15.631882
15.630940,16.979675
14.174305,18.213535
12.622467,19.321581
10.984831,20.297442
9.270503,21.135023
7.493707,21.828835
5.665344,22.373407
3.798693,22.764883
1.905901,23.002191
0.000000,23.083220
-0.000000,24.456313
2.020583,24.371356
4.025896,24.122148
6.003908,23.707215
7.941193,23.130228
9.823798,22.395592
11.639829,21.507899
13.376499,20.473694
15.021363,19.298792
16.563151,17.992719
17.992651,16.562919
19.298646,15.021130
20.473302,13.376247
21.507583,11.639422
22.395399,9.823837
23.130051,7.940824
23.707063,6.003319
24.121687,4.025860
24.371218,2.019578
24.454872,-0.000000
11.805516,19.812621
12.509070,20.993572
11.750005,20.641704
11.397114,20.055293
12.532516,20.108268
12.003790,20.192279
12.214430,19.567972
14.200236,19.888950
12.301817,20.591122
12.944169,20.733584
13.411589,19.604823
12.878344,19.674877
13.095635,20.092212
12.747088,20.416901
12.074480,21.252213
10.732900,21.954658
13.400893,18.770072
13.014184,19.045897
14.151968,19.007603
13.629389,19.134385
13.788471,18.493176
15.793895,18.648408
13.957723,19.506898
14.612699,19.594240
14.984811,18.430226
14.457862,18.545376
13.788544,20.182831
10.905239,21.146892
9.978583,21.570671
14.905144,17.598650
14.542510,17.906397
15.673937,17.774109
15.163354,17.943155
15.269426,17.290869
17.279836,17.280180
15.520726,18.287800
16.180510,18.320823
16.455873,17.129676
15.940294,17.287928
15.407305,18.975269
14.710185,18.942052
11.455797,21.096721
11.188281,21.731799
11.196169,20.690064
10.277768,22.176668
8.882910,22.766013
10.129035,20.719154
10.557655,20.510113
10.341769,21.129944
9.702367,20.928786
10.528087,21.557106
16.307430,16.307925
15.971739,16.644110
17.086896,16.419053
16.592699,16.629580
16.644380,15.971401
18.647732,15.794315
16.978003,16.943298
17.638355,16.921908
17.813764,15.712564
17.313159,15.912693
16.921529,17.638316
16.225031,17.661922
9.132339,22.003777
9.668653,21.988947
9.356091,22.581091
8.169344,22.315235
9.423727,21.556383
8.707867,22.360655
8.411200,22.949416
17.598314,14.905666
17.291049,15.268902
18.384976,14.951958
17.909617,15.202575
17.906713,14.542135
19.888280,14.200708
18.318930,15.483600
18.975431,15.407838
19.050740,14.187925
18.568246,14.428474
18.320589,16.180594
17.627167,16.262307
8.383396,21.485186
8.827054,21.311201
8.581830,21.907879
7.940752,21.658484
8.966098,21.643424
6.972220,23.421888
18.769198,13.401103
18.493310,13.788518
19.556968,13.382797
19.103739,13.671661
19.046391,13.014018
20.992839,12.509790
19.535090,13.918033
20.182918,13.788413
20.157055,12.566111
19.696174,12.845838
19.593959,14.612835
18.910233,14.751058
7.282234,22.676350
7.820784,22.708594
7.459187,23.276881
6.297921,22.914216
7.617486,22.258912
6.833161,23.001892
6.487333,23.565715
19.811638,11.805513
19.568472,12.214655
20.594886,11.722154
20.167334,12.047292
20.055909,11.396956
21.954089,10.733269
20.617595,12.257186
21.252366,12.074444
21.125853,10.858924
20.689719,11.175483
20.733652,12.944886
20.063910,13.138924
6.580631,22.104336
7.037350,21.967178
6.125003,22.240441
5.014081,23.917920
20.718990,10.129199
20.510276,10.557192
21.492699,9.981562
21.093455,10.340882
20.928414,9.701983
22.765505,8.883717
21.559144,10.512951
22.176821,10.278196
21.950411,9.077413
21.541919,9.428872
21.731646,11.188236
21.079898,11.437408
6.739114,22.542346
7.149833,22.312155
5.384794,23.201197
5.918533,23.277351
5.511491,23.813609
4.384036,23.356263
5.752825,22.812170
4.910080,23.487780
4.519342,24.021163
21.484718,8.383689
21.311978,8.827555
22.243551,8.172710
21.875499,8.563652
21.658113,7.940780
23.421390,6.973287
22.353698,8.696877
22.949763,8.411691
22.625044,7.233850
22.247026,7.617679
22.581317,9.355559
21.952515,9.657647
4.732755,22.572451
5.198997,22.473407
4.267297,22.670107
3.021681,24.249803
22.103814,6.580587
21.968206,7.037566
22.842730,6.307945
22.508022,6.727818
22.239968,6.124980
23.917229,5.014916
22.995441,6.821172
23.566060,6.487760
23.145134,5.340608
22.800393,5.754626
23.276671,7.458665
22.675036,7.811764
4.854860,23.021927
5.282729,22.826358
3.450830,23.566790
3.976160,23.686968
3.526187,24.187715
2.440622,23.637976
3.849429,23.209515
2.954152,23.812880
2.520783,24.312589
22.571869,4.732916
22.474213,5.199420
23.285635,4.399507
22.987183,4.845845
22.668975,4.267459
24.249922,3.022314
23.480220,4.899113
24.021149,4.519484
23.507236,3.410597
23.197322,3.852372
23.813395,5.510853
23.242927,5.912490
2.853021,22.886630
3.325265,22.826005
2.380757,22.944858
1.009944,24.416588
22.886010,2.853583
22.826652,3.325516
23.568428,2.461961
23.309228,2.930776
22.944016,2.381188
24.416822,1.010702
23.804822,2.943661
24.311595,2.520157
23.708160,1.458841
23.436862,1.923850
24.187087,3.525982
23.651576,3.971901
2.937670,23.344811
3.379687,23.184132
1.492256,23.770839
2.006581,23.933818
1.515757,24.396574
0.000000,23.575197
0.952627,23.044237
0.575722,23.058231
1.920570,23.448907
1.428637,23.023480
0.702782,23.857553
1.134039,24.043203
0.503768,24.437557
0.000000,24.013092
0.525851,23.469140
1.096789,23.463425
23.043419,0.953000
23.022237,1.429176
23.761749,0.000000
23.057962,0.575649
23.882567,0.735541
24.046640,1.191391
23.479405,0.977997
24.436745,0.502780
24.011191,0.000000
23.513970,0.000000
23.430858,0.488256
23.898845,2.005614
