23.434875,-0.000000
23.352461,1.935208
23.112358,3.856609
22.714803,5.752545
22.161733,7.608830
21.457713,9.413049
20.607028,11.152790
19.615540,12.816447
18.490585,14.392281
17.238225,15.870815
15.869793,17.239199
14.390868,18.491929
12.815328,19.616913
11.152755,20.607643
9.412158,21.458017
7.608224,22.162444
5.751903,22.715327
3.856749,23.112801
1.935040,23.353789
0.000000,23.436198
-0.000000,24.789729
2.048220,24.703585
4.080827,24.451009
6.085801,24.030427
8.049502,23.445583
9.957751,22.700933
11.798578,21.801141
13.558914,20.752821
15.226187,19.561890
16.788989,18.238020
18.237965,16.788714
19.561750,15.225917
20.752421,13.558620
21.800815,11.798117
22.700730,9.957786
23.445402,8.049102
24.030288,6.085164
24.450540,4.080817
24.703513,2.047140
24.788267,-0.000000
11.986102,20.115713
12.679754,21.280059
11.919678,20.939726
11.571590,20.361960
12.714338,20.399969
12.180910,20.490271
12.401170,19.867294
14.393996,20.160356
12.476057,20.882738
13.120882,21.016379
13.605186,19.887823
13.067995,19.964589
13.281150,20.376784
12.926455,20.703991
12.239176,21.542255
10.879375,22.254256
13.605866,19.057201
13.213392,19.337124
14.357247,19.283265
13.830440,19.416729
13.999306,18.776097
16.009407,18.902891
14.155419,19.783129
14.812206,19.861522
15.201150,18.696253
14.670734,18.818431
13.976623,20.458284
11.062182,21.451145
10.122513,21.881681
15.133117,17.867837
14.765100,18.180197
15.901238,18.031876
15.387026,18.207910
15.502956,17.555417
17.515624,17.515976
15.740569,18.546781
16.401411,18.570733
16.693446,17.376963
16.175004,17.542479
15.617420,19.234270
14.918509,19.210335
11.617739,21.394989
11.341118,22.028265
11.360902,20.994482
10.417897,22.479316
9.004109,23.076687
10.283971,21.036057
10.719125,20.823882
10.493931,21.440807
9.850958,21.248907
10.677144,21.862288
16.556852,16.557386
16.216165,16.898613
17.334703,16.657191
16.837470,16.874963
16.898925,16.215770
18.902168,16.009850
17.218464,17.183225
17.879140,17.152734
18.070929,15.939393
17.568080,16.146999
17.152330,17.879097
16.454812,17.912081
9.263406,22.319566
9.805154,22.299408
9.483976,22.889114
8.287204,22.637076
9.562303,21.873501
8.831142,22.677065
8.525841,23.262586
17.867478,15.133683
17.555639,15.502364
18.651592,15.168818
18.173813,15.426909
18.180564,14.764654
20.159645,14.394501
18.578378,15.702857
19.234455,15.617993
19.325758,14.392742
18.841638,14.640918
18.570494,16.401501
17.876803,16.492653
8.511634,21.813832
8.961976,21.637146
8.708098,22.230114
8.062381,21.989763
9.099121,21.964488
7.067309,23.741507
19.056266,13.606094
18.776276,13.999341
19.840578,13.576905
19.385542,13.873405
19.337688,13.213188
21.279273,12.680531
19.811749,14.115126
20.458396,13.976472
20.448045,12.747535
19.986175,13.034982
19.861238,14.812359
19.178029,14.960002
7.386818,23.001967
7.931180,23.029320
7.561180,23.594431
6.388773,23.244677
7.729510,22.586376
6.929925,23.327394
6.575730,23.887266
20.114659,11.986097
19.867875,12.401411
20.893558,11.892200
20.464840,12.225076
20.362656,11.571411
22.253650,10.879763
20.909587,12.430765
21.542436,12.239126
21.430831,11.015707
20.994361,11.340034
21.016485,13.121669
20.348047,13.325047
6.681299,22.442444
7.144928,22.303119
6.218854,22.580629
5.082432,24.244303
21.035900,10.284145
20.824074,10.718609
21.804390,10.126361
21.404636,10.493495
21.248499,9.850521
23.076146,9.004977
21.864473,10.661830
22.479498,10.418356
22.267294,9.208479
21.859104,9.567698
22.028124,11.341062
21.378436,11.599446
6.838294,22.873944
7.255860,22.643035
5.462122,23.534340
6.002045,23.606085
5.586912,24.138493
4.447288,23.693107
5.837416,23.147748
4.979625,23.820146
4.580901,24.348915
21.813342,8.511936
21.638024,8.962511
22.566122,8.291277
22.198227,8.690042
21.989367,8.062395
23.740980,7.068482
22.670282,8.820042
23.262979,8.526376
22.951658,7.338306
22.574595,7.729827
22.889395,9.483381
22.263412,9.794475
4.805154,22.917724
5.278446,22.817079
4.332718,23.016868
3.062812,24.580680
22.441904,6.681226
22.304283,7.145156
23.174007,6.399476
22.840071,6.827107
22.580133,6.218814
24.243584,5.083353
23.321103,6.917765
23.887668,6.576198
23.479240,5.417712
23.136111,5.839345
23.594244,7.560594
22.996173,7.922452
4.926320,23.360564
5.361073,23.164868
3.500382,23.905152
4.032218,24.021477
3.574522,24.517738
2.475816,23.978858
3.906041,23.550953
2.996029,24.149835
2.555124,24.644352
22.917136,4.805313
22.818010,5.278895
23.623317,4.463326
23.326341,4.917346
23.015664,4.332888
24.580873,3.063532
23.812751,4.968513
24.348947,4.581052
23.846629,3.459829
23.538871,3.909116
24.138313,5.586207
23.572116,5.996257
2.896701,23.236726
3.376041,23.175058
2.417326,23.295768
1.023727,24.749720
23.236113,2.897302
23.175836,3.376302
23.910195,2.497704
23.653193,2.974012
23.294925,2.417784
24.750085,1.024572
24.141991,2.985404
24.643334,2.554438
24.050373,1.479933
23.781980,1.952211
24.517124,3.574298
23.986527,4.028147
2.980906,23.688242
3.429792,23.527930
1.513683,24.112200
2.034846,24.271828
1.536538,24.729513
0.000000,23.920539
0.967187,23.396726
0.584491,23.410826
1.948827,23.793896
1.450384,23.375591
0.712748,24.198775
1.150096,24.381340
0.510505,24.770982
0.000000,24.352248
0.533834,23.815902
1.112948,23.809695
23.395931,0.967593
23.374323,1.450972
24.104382,0.000000
23.410630,0.584413
24.223528,0.746054
24.384642,1.208264
23.825601,0.992407
24.770190,0.509414
24.350287,0.000000
23.860266,0.000000
23.778230,0.495725
24.237355,2.033967
