20.081878,0.000000
20.013511,1.658385
19.807696,3.305407
19.467320,4.929857
18.993406,6.520660
18.389961,8.066877
17.660987,9.557959
16.811506,10.983875
15.847561,12.334393
14.774183,13.601575
13.601403,14.774379
12.334235,15.847797
10.983749,16.811774
9.557879,17.661264
8.066788,18.390259
6.520592,18.993760
4.929801,19.467718
3.305380,19.808140
1.658362,20.014023
-0.000000,20.082409
0.000000,21.646469
1.787531,21.572153
3.562866,21.351358
5.313815,20.984040
7.028541,20.473218
8.695183,19.822905
10.302236,19.037109
11.839617,18.121850
13.295708,17.082148
14.660482,15.926060
15.925911,14.660594
17.081966,13.295793
18.121626,11.839679
19.036857,10.302274
19.822624,8.695214
20.472896,7.028538
20.983668,5.313789
21.350925,3.562844
21.571678,1.787482
21.645930,-0.000000
10.270869,17.236610
11.070951,18.579558
10.314490,18.120281
9.914426,17.448947
10.993704,17.639373
10.502816,17.666751
10.627328,17.024214
12.567700,17.602076
10.829748,18.127308
11.455320,18.350704
11.773831,17.210637
11.271526,17.220175
11.528426,17.688048
11.232506,17.992601
10.686600,18.808372
9.498739,19.430091
11.659064,16.329859
11.321472,16.570821
12.414747,16.674720
11.925741,16.741635
11.996680,16.088865
13.978140,16.504178
12.287516,17.173223
12.931755,17.342125
13.154635,16.179807
12.654397,16.232013
12.203669,17.861999
9.577818,18.573444
8.761023,18.939709
12.967892,15.311144
12.651136,15.579484
13.750395,15.592740
13.268135,15.699642
13.284694,15.042809
15.293250,15.293394
13.663480,16.099887
14.319364,16.215130
14.446105,15.037777
13.951846,15.131312
13.636918,16.793203
12.950437,16.675659
10.088020,18.577114
9.900538,19.233619
9.800640,18.110801
9.096950,19.626539
7.861869,20.148151
8.812373,18.025846
9.185155,17.843602
9.052713,18.496000
8.439651,18.208102
9.268876,18.978687
14.187868,14.188038
13.894705,14.481223
14.989822,14.403746
14.518612,14.550239
14.481068,13.894847
16.503995,13.978258
14.946563,14.916346
15.609638,14.977006
15.638240,13.793697
15.153436,13.927638
14.976869,15.609773
14.284020,15.548655
8.024062,19.333088
8.515821,19.366750
8.278599,19.985541
7.172367,19.592579
8.249738,18.869666
7.666416,19.687504
7.445186,20.310719
15.310952,12.968037
15.042635,13.284816
16.128686,13.116756
15.670890,13.301618
15.579302,12.651255
17.601861,12.567795
16.127060,13.631291
16.793041,13.637033
16.724126,12.455293
16.251982,12.628655
16.214968,14.319475
15.518419,14.316434
7.293724,18.692103
7.680267,18.541211
7.512131,19.177738
6.907217,18.842975
7.838250,18.921468
6.171164,20.728721
16.329617,11.659176
16.088659,11.996796
17.156781,11.740084
16.715757,11.962141
16.570614,11.321573
18.579310,11.071033
17.197761,12.252944
17.861800,12.203739
17.695195,11.031309
17.239095,11.243391
17.341929,12.931841
16.648034,12.985967
6.397850,19.922506
6.888485,19.999591
6.599916,20.600999
5.529417,20.118681
6.668409,19.484460
6.015681,20.251953
5.742472,20.856410
17.236336,10.270954
17.023990,10.627426
18.067083,10.283011
17.646128,10.540724
17.448714,9.914504
19.429816,9.498792
18.150571,10.790675
18.808144,10.686654
18.545515,9.532516
18.108448,9.781315
18.350485,11.455403
17.663572,11.566574
5.725226,19.230831
6.122921,19.112308
5.327566,19.349317
4.438313,21.167792
18.025566,8.812449
17.843342,9.185215
18.854612,8.756029
18.456255,9.047562
18.207812,8.439709
20.147840,7.861916
18.979340,9.255076
19.626276,9.096998
19.269358,7.968567
18.854316,8.252613
19.233361,9.900581
18.557736,10.068432
5.898943,19.732824
6.250922,19.507146
4.730962,20.383716
5.213300,20.500788
4.876127,21.075951
3.849023,20.506726
5.036178,19.969046
4.322513,20.679893
4.000574,21.259605
18.691777,7.293793
18.540932,7.680344
19.513421,7.169165
19.140438,7.492574
18.842645,6.907274
20.728364,6.171197
19.678782,7.656252
20.310424,7.445216
19.861699,6.350124
19.471513,6.667474
19.985258,8.278610
19.325861,8.501639
4.117610,19.638025
4.523709,19.552878
3.711534,19.723120
2.675152,21.461842
19.230458,5.725274
19.111993,6.122976
20.039041,5.533297
19.693991,5.886364
19.348936,5.327609
21.167376,4.438325
20.243914,6.005091
20.856067,5.742483
20.318544,4.688362
19.955875,5.036800
20.600657,6.599908
19.961922,6.876650
4.249527,20.152795
4.618517,19.956713
3.031883,20.705197
3.502794,20.861580
3.119067,21.406657
2.143064,20.754307
3.369833,20.316649
2.600337,20.966205
2.231333,21.517055
19.637600,4.117650
19.552508,4.523759
20.427799,3.859401
20.113019,4.239908
19.722670,3.711569
21.461398,2.675151
20.670831,4.312781
21.259195,4.000566
20.635965,2.994107
20.303468,3.371547
21.075557,4.876100
20.461877,5.204807
2.481891,19.911171
2.893625,19.859658
2.070158,19.962607
0.893756,21.609390
19.910699,2.481932
19.859235,2.893660
20.676328,2.159523
20.394273,2.564441
19.962116,2.070192
21.608907,0.893769
20.956268,2.591021
21.516565,2.231299
20.813224,1.280429
20.512837,1.683588
21.406198,3.119045
20.821903,3.496833
2.571499,20.434900
2.954941,20.269602
1.311331,20.883643
1.767862,21.078819
1.340654,21.590849
0.000000,20.650028
0.829165,20.048253
0.501591,20.061691
1.681297,20.525804
1.243752,20.031137
0.618467,20.972268
0.998456,21.187539
0.446851,21.627955
0.000000,21.148159
0.458149,20.529880
0.959770,20.528790
20.047739,0.829184
20.030615,1.243781
20.863670,0.000000
20.061192,0.501592
21.000371,0.646618
21.192854,1.049043
20.546150,0.855684
21.627439,0.446818
21.147599,0.000000
20.579802,0.000000
20.486193,0.424861
21.039275,1.766125
