27.963245,0.000000
27.863940,2.309225
27.577383,4.601450
27.102763,6.864169
26.442736,9.079211
25.602766,11.231962
24.587690,13.307817
23.404542,15.292842
22.062205,17.173109
20.568096,18.937133
18.935309,20.569768
17.170387,22.064586
15.290678,23.406860
13.307903,24.588489
11.230159,25.603200
9.077941,26.443716
6.862762,27.103285
4.601789,27.577666
2.309123,27.865651
-0.000000,27.964730
-0.000000,29.107783
2.405935,29.007109
4.791954,28.710778
7.146290,28.217003
9.452214,27.530351
11.692759,26.655956
13.854732,25.599374
15.921773,24.368142
17.879270,22.969705
19.714271,21.415338
21.415554,19.713398
22.969730,17.878565
24.367854,15.920940
25.599013,13.853725
26.655613,11.692891
27.530103,9.451714
28.217018,7.145385
28.710104,4.792601
29.007769,2.404317
29.106598,-0.000000
14.303643,24.004958
14.890634,24.990575
14.107445,24.782513
13.810712,24.297272
15.057972,24.159659
14.460720,24.325510
14.797290,23.708573
16.903763,23.675493
14.726172,24.648553
15.409931,24.679059
16.101672,23.537052
15.509666,23.694282
15.677103,24.051854
15.244082,24.413555
14.372067,25.299052
12.776662,26.134522
16.236361,22.741769
15.770004,23.074237
17.003290,22.836444
16.418384,23.050703
16.704665,22.406879
18.800882,22.198886
16.708446,23.350344
17.396331,23.323290
17.990738,22.126749
17.411392,22.333843
16.412373,24.026156
13.086427,25.375487
11.978556,25.892573
18.058774,21.322358
17.621759,21.693635
18.831177,21.354451
18.266221,21.615639
18.499402,20.950470
20.569715,20.569937
18.579614,21.891189
19.262641,21.807459
19.756889,20.565711
19.196838,20.819595
18.338802,22.589143
17.609170,22.675101
13.709736,25.247438
13.320797,25.867981
13.482087,24.913667
12.232721,26.399362
10.574242,27.100405
12.272383,25.102668
12.790764,24.850585
12.453146,25.442780
11.757921,25.356725
12.602200,25.803332
19.757788,19.758664
19.352977,20.164401
20.529014,19.726643
19.988152,20.033364
20.165099,19.351890
22.197760,18.801458
20.323789,20.281569
20.997840,20.142296
21.387007,18.864341
20.850098,19.163521
20.141600,20.997957
19.422550,21.142774
10.954418,26.393198
11.568587,26.310022
11.140337,26.878539
9.807155,26.787459
11.346568,25.956419
10.423177,26.763261
10.010549,27.318946
21.321755,18.059866
20.951214,18.498089
22.088290,17.964089
21.574554,18.314414
21.694526,17.620360
23.674502,16.904482
21.928897,18.534345
22.589426,18.339765
22.872085,17.033894
22.361454,17.376026
21.807242,19.262939
21.100965,19.467497
10.157603,26.031159
10.693079,25.820048
10.333863,26.378679
9.623350,26.240775
10.810418,26.095212
8.299213,27.881152
22.740293,16.236847
22.407673,16.704524
23.496356,16.078860
23.012896,16.470209
23.075528,15.769309
24.989259,14.891954
23.384511,16.660404
24.026477,16.412072
24.200268,15.087042
23.719812,15.470161
23.323061,17.396835
22.636715,17.658466
8.736068,27.202267
9.357452,27.172323
8.882310,27.707101
7.560393,27.506250
9.171866,26.802388
8.179543,27.531023
7.720613,28.052173
24.003357,14.303657
23.710137,14.797747
24.743430,14.084000
24.294265,14.513460
24.298746,13.810363
26.133649,12.777133
24.680323,14.672388
25.299444,14.371932
25.363402,13.037452
24.916416,13.458594
24.679765,15.411563
24.017781,15.728795
7.973424,26.781189
8.525081,26.614370
7.423371,26.946044
5.968024,28.471642
25.102819,12.272689
24.851040,12.789730
25.822034,11.992725
25.410074,12.457898
25.355756,11.756855
27.099628,10.575561
25.807441,12.584475
26.399789,12.233526
26.353431,10.898622
25.942653,11.355084
25.868117,13.320681
25.234099,13.692121
8.115336,27.142941
8.619865,26.900288
6.459828,27.831734
7.081026,27.852664
6.563909,28.346169
5.262981,28.037017
6.926565,27.468338
5.877657,28.112504
5.378157,28.594154
26.030643,10.157889
25.822167,10.693991
26.724059,9.819475
26.352268,10.316981
26.240018,9.623206
27.880382,8.301519
26.758587,10.410616
27.319792,10.011601
27.163271,8.685276
26.791867,9.173784
26.879669,11.139144
26.278640,11.561593
5.734466,27.348394
6.297742,27.227590
5.172475,27.466680
3.595684,28.866426
26.780598,7.972884
26.617169,8.525497
27.444194,7.579268
27.114068,8.105171
26.945290,7.423199
28.470701,5.969852
27.526671,8.165248
28.053180,7.721489
27.787549,6.412113
27.458239,6.930119
27.707547,8.880960
27.143702,9.352013
5.846428,27.720238
6.368940,27.520340
4.139695,28.269996
4.756531,28.342639
4.200879,28.791885
2.929834,28.374985
4.634986,27.946887
3.536779,28.501587
2.999832,28.941364
27.347942,5.734507
27.230037,6.298406
27.976049,5.285934
27.691798,5.837784
27.464672,5.172814
28.867418,3.597598
28.107110,5.864704
28.594729,5.378217
28.223001,4.094668
27.936063,4.639673
28.346693,6.562434
27.823641,7.078111
3.457358,27.729336
4.027346,27.654634
2.886787,27.798939
1.202200,29.064576
27.728867,3.458336
27.656962,4.027704
28.315816,2.958423
28.080305,3.530727
27.798311,2.887496
29.066560,1.204070
28.496127,3.524478
28.940201,2.998356
28.463211,1.752013
28.224919,2.317443
28.791812,4.200233
28.312433,4.754752
3.537688,28.109542
4.074436,27.951493
1.790522,28.515578
2.400013,28.638247
1.805844,29.041430
0.000000,28.368468
1.154394,27.919905
0.697581,27.935984
2.312861,28.235426
1.729090,27.894504
0.841308,28.601664
1.357530,28.750356
0.597641,29.089709
0.000000,28.733445
0.636446,28.278629
1.320776,28.266618
27.919593,1.155122
27.893163,1.730308
28.523425,0.000000
27.936687,0.697449
28.623824,0.881615
28.752421,1.426343
28.282117,1.177610
29.089266,0.595323
28.731247,0.000000
28.318337,0.000000
28.247752,0.591683
28.609224,2.400254
