28.692721,-0.000000
28.590817,2.369519
28.296793,4.721493
27.809783,7.043298
27.132533,9.316149
26.270657,11.525049
25.229097,13.655058
24.015072,15.691866
22.637709,17.621181
21.104654,19.431194
19.429271,21.106407
17.618278,22.640225
15.689564,24.017499
13.655167,25.229904
11.523099,26.271118
9.314765,27.133546
7.041755,27.810308
4.721834,28.297073
2.369430,28.592591
-0.000000,28.694233
-0.000000,29.809167
2.464005,29.706234
4.907416,29.402773
7.318521,28.897108
9.680046,28.193910
11.974587,27.298435
14.188728,26.216373
16.305612,24.955417
18.310246,23.523282
20.189467,21.931477
21.931740,20.188499
23.523333,18.309488
24.955161,16.304699
26.216006,14.187657
27.298054,11.974763
28.193636,9.679575
28.897127,7.317625
29.402037,4.908211
29.706974,2.462363
29.808071,-0.000000
14.677072,24.631565
15.249789,25.593300
14.461404,25.404273
14.171489,24.931341
15.437045,24.767744
14.829011,24.945028
15.183309,24.327519
17.311470,24.246470
15.090714,25.258663
15.781793,25.274010
16.505616,24.127511
15.904190,24.296891
16.065308,24.647288
15.619742,25.014869
14.718492,25.909328
13.084876,26.764810
16.660206,23.335425
16.181946,23.676356
17.431277,23.411153
16.836470,23.637725
17.140508,22.991898
19.254340,22.734276
17.122068,23.928282
17.816099,23.885609
18.442083,22.681828
17.854225,22.901852
16.807991,24.605745
13.414016,26.010617
12.278873,26.541620
18.530178,21.878973
18.082042,22.259706
19.305093,21.891866
18.731364,22.166130
18.982128,21.497514
21.065833,21.066009
19.039573,22.433026
19.727421,22.333212
20.252551,21.081660
19.685102,21.349090
18.780848,23.134138
18.045140,23.236466
14.048766,25.871684
13.642384,26.491693
13.824871,25.546924
12.527499,27.036159
10.829346,27.753997
12.592785,25.757875
13.124477,25.499409
12.769736,26.089381
12.065183,26.018558
12.914098,26.441836
20.273551,20.274456
19.858396,20.690569
21.045696,20.223100
20.497142,20.543579
20.691290,19.857218
22.733099,19.254924
20.826891,20.783542
21.504433,20.627900
21.923544,19.337608
21.380399,19.650914
20.627154,21.504612
19.903407,21.666213
11.228152,27.052555
11.854381,26.959993
11.409375,27.526568
10.053105,27.459052
11.634892,26.616169
10.681116,27.425302
10.251704,27.977887
21.878333,18.531349
21.498323,18.980735
22.644167,18.416208
22.123940,18.780872
22.260647,18.080500
24.245461,17.312199
22.471722,18.993089
23.134405,18.781859
23.445879,17.461246
22.930176,17.817957
22.333002,19.727773
21.623367,19.949485
10.422848,26.710654
10.971944,26.494030
10.596560,27.048992
9.874865,26.925679
11.086744,26.762253
8.499367,28.553585
23.333887,16.660735
22.992778,17.140353
24.087675,16.483529
23.598886,16.889715
23.677720,16.181183
25.591909,15.251175
23.963341,17.072782
24.606067,16.807684
24.807371,15.465586
24.323081,15.863638
23.885387,17.816678
23.197113,18.095678
8.954469,27.882110
9.588615,27.843725
9.096914,28.375132
7.749972,28.195839
9.404934,27.483632
8.381999,28.212088
7.906583,28.728743
24.629922,14.677087
24.329210,15.183811
25.366136,14.438503
24.912895,14.883141
24.932879,14.171137
26.763915,13.085339
25.291223,15.035570
25.909719,14.718358
25.999684,13.364581
25.550122,13.800913
25.274816,15.783549
24.612376,16.118258
8.181656,27.480243
8.747394,27.309037
7.617453,27.649388
6.111924,29.158331
25.758098,12.593110
25.499870,13.123387
26.471871,12.294588
26.057137,12.775244
26.017469,12.064030
27.753198,10.830689
26.446247,12.895978
27.036584,12.528350
27.014563,11.172098
26.602453,11.643896
26.491869,13.642271
25.858811,14.031178
8.321692,27.832699
8.840107,27.587792
6.621336,28.527294
7.255907,28.540866
6.722618,29.029634
5.394967,28.739932
7.102564,28.166492
6.023140,28.807959
5.507656,29.283774
26.710155,10.423118
26.496322,10.972915
27.396594,10.066633
27.023331,10.579822
26.924840,9.874700
28.552778,8.501822
27.420935,10.668318
27.978765,10.252832
27.844705,8.903220
27.473273,9.407117
27.527839,11.408123
26.929202,11.847905
5.884235,28.062260
6.461930,27.938258
5.307797,28.183630
3.682262,29.562638
27.479658,8.181032
27.312067,8.747844
28.134883,7.770081
27.804506,8.311650
27.648582,7.617279
29.157360,6.113872
28.208020,8.367371
28.729814,7.907502
28.484639,6.573032
28.156581,7.106377
28.375705,9.095455
27.815701,9.583639
5.995104,28.424656
6.531677,28.223711
4.243177,28.976494
4.873930,29.042925
4.302660,29.486136
3.003310,29.086365
4.752788,28.657201
3.624378,29.206686
3.072064,29.639369
28.061844,5.884245
27.940916,6.462608
28.680089,5.418978
28.397000,5.986497
28.181490,5.308171
29.563713,3.684385
28.802853,6.009892
29.284407,5.507670
28.931086,4.197381
28.646533,4.757722
29.030284,6.721033
28.512491,7.253399
3.547711,28.453194
4.132239,28.376433
2.962440,28.524505
1.231182,29.765508
28.452734,3.548736
28.378974,4.132612
29.028437,3.032932
28.795435,3.620700
28.523916,2.963176
29.767709,1.233199
29.201536,3.611816
29.638184,3.070449
29.177208,1.796058
28.942745,2.376477
29.486180,4.301915
29.013333,4.872507
3.627669,28.823907
4.178533,28.665872
1.835386,29.228298
2.459198,29.345871
1.849618,29.741813
-0.000000,29.087441
1.184606,28.648668
0.715872,28.665151
2.371721,28.953086
1.773927,28.622651
0.862120,29.314488
1.391137,29.458550
0.611792,29.791273
-0.000000,29.443475
0.652998,28.999491
1.354328,28.986603
28.648430,1.185367
28.621304,1.775255
29.238547,0.000000
28.665964,0.715727
29.336306,0.903548
29.460451,1.461684
29.002079,1.207492
29.790872,0.609287
29.441277,0.000000
29.038619,0.000000
28.969535,0.607154
29.317563,2.459624
