25.513969,-0.000000
25.423604,2.106880
25.162153,4.198508
24.729180,6.262837
24.126994,8.283810
23.360564,10.248043
22.434408,12.142084
21.354928,13.953268
20.130176,15.668866
18.766830,17.278472
17.277042,18.768168
15.666809,20.132044
13.951630,21.356795
12.142101,22.435141
10.246731,23.360923
8.282911,24.127850
6.261862,24.729704
4.198779,25.162495
2.106735,25.425111
-0.000000,25.515374
-0.000000,26.763730
2.211795,26.670780
4.405985,26.398232
6.570636,25.944196
8.690764,25.312822
10.750887,24.508869
12.738521,23.537421
14.639028,22.405503
16.438981,21.119699
18.126211,19.690456
19.690517,18.125662
21.119632,16.438493
22.405129,14.638481
23.537076,12.737776
24.508624,10.750929
25.312633,8.690252
25.944154,6.569800
26.397714,4.406210
26.671098,2.210379
26.762318,-0.000000
13.050010,21.901234
13.690395,22.976284
12.921863,22.700011
12.599508,22.168581
13.788082,22.122527
13.226092,22.248604
13.501244,21.630700
15.541270,21.767278
13.506074,22.606581
14.167242,22.690738
14.748738,21.559417
14.187257,21.674322
14.377876,22.059046
13.987108,22.401622
13.214256,23.259585
11.746665,24.028093
14.813452,20.748723
14.387045,21.052775
15.569536,20.911166
15.016860,21.082765
15.241345,20.442882
17.285470,20.409626
15.324094,21.416051
15.993490,21.444035
16.478998,20.267632
15.927050,20.429903
15.090154,22.089246
11.989330,23.248533
10.972697,23.718840
16.476203,19.453710
16.076502,19.793177
17.243584,19.554118
16.706956,19.770196
16.878656,19.113974
18.911739,18.912070
17.040172,20.077719
17.709372,20.050382
18.096729,18.837627
17.560210,19.044732
16.861480,20.767850
16.150111,20.796321
12.575224,23.158338
12.246083,23.783555
12.333186,22.791036
11.247550,24.271273
9.721799,24.916099
11.196775,22.902973
11.670276,22.672408
11.391999,23.275359
10.726385,23.134759
11.558332,23.666335
18.026308,18.027026
17.656189,18.397904
18.798164,18.063487
18.281882,18.322941
18.398443,17.655453
20.408691,17.285998
18.639957,18.601524
19.304814,18.519396
19.589939,17.279217
19.072561,17.529787
18.518861,19.304791
17.813253,19.390924
10.037819,24.185232
10.612242,24.135010
10.241175,24.712841
8.983418,24.538168
10.380176,23.745060
9.559898,24.547526
9.204583,25.116853
19.453240,16.477014
19.114459,16.877686
20.226116,16.449481
19.732862,16.750688
19.793829,16.075613
21.766399,15.541909
20.112114,16.998991
20.768129,16.862253
20.950234,15.602559
20.455128,15.894694
20.050150,17.709525
19.352622,17.854377
9.267198,23.749932
9.756765,23.557391
9.453332,24.131824
8.778967,23.941353
9.883853,23.858597
7.630393,25.633898
20.747502,14.813789
20.443356,15.241288
21.515467,14.723196
21.048486,15.063898
21.053731,14.386605
22.975237,13.691456
21.447221,15.280239
22.089498,15.089905
22.166846,13.819179
21.697684,14.151259
21.443776,15.993774
20.761203,16.195210
8.004734,24.925668
8.583938,24.925555
8.165104,25.474524
6.925440,25.196693
8.390667,24.518966
7.501946,25.251610
7.099106,25.791157
21.899866,13.050007
21.631771,13.501575
22.657382,12.896392
22.220432,13.274178
22.169714,12.599221
24.027336,11.747123
22.635691,13.456877
23.259914,13.214145
23.232248,11.941794
22.792253,12.311173
22.691114,14.168428
22.027826,14.425348
7.274427,24.434289
7.778612,24.282277
6.771800,24.584724
5.487202,26.176765
22.902927,11.197008
22.672769,11.669483
23.645088,10.981457
23.240923,11.394065
23.134135,10.725640
24.915429,9.722944
23.669417,11.541928
24.271621,11.248180
24.139047,9.982668
23.731024,10.387023
23.783542,12.245977
23.143335,12.557362
7.423665,24.830881
7.881343,24.595115
5.919024,25.502506
6.495850,25.549702
6.033513,26.062014
4.820920,25.682832
6.336663,25.128256
5.390722,25.784959
4.945368,26.289526
23.749400,9.267516
23.558878,9.757480
24.471085,8.991452
24.102648,9.435886
23.940825,8.778903
25.633258,7.632134
24.541759,9.548133
25.117509,9.205364
24.880889,7.955306
24.507811,8.391710
24.713503,10.240254
24.101357,10.603363
5.231730,24.951769
5.746444,24.841792
4.718194,25.059697
3.306377,26.539795
24.433706,7.274157
24.284237,7.778918
25.130397,6.940012
24.799493,7.413018
24.584127,6.771675
26.175938,5.488580
25.246253,7.488794
25.791885,7.099790
25.452750,5.873184
25.117406,6.339342
25.474586,8.164151
24.894674,8.576817
5.348083,25.359055
5.823244,25.161974
3.793166,25.904180
4.363702,25.999235
3.860792,26.471663
2.683756,25.992475
4.240165,25.566018
3.243574,26.141806
2.758429,26.608666
24.951224,5.231854
24.843466,5.747018
25.617527,4.840214
25.327704,5.339295
25.058126,4.718428
26.540416,3.307627
25.778532,5.378761
26.289844,4.945522
25.851342,3.750632
25.554578,4.243998
26.062133,6.032434
25.518219,6.491464
3.154060,25.299193
3.675108,25.231475
2.632816,25.363066
1.105324,26.722158
25.298664,3.154858
25.233017,3.675416
25.928594,2.708789
25.682870,3.229189
25.362310,2.633408
26.723318,1.106663
26.135162,3.232168
26.607577,2.757392
26.071769,1.604537
25.818707,2.119610
26.471252,3.860415
25.966683,4.360705
3.236109,25.715001
3.725390,25.556244
1.640386,26.128900
2.201972,26.270290
1.659609,26.700705
0.000000,25.959063
1.053057,25.473254
0.636297,25.488135
2.115647,25.829892
1.578422,25.450048
0.771626,26.214981
1.245042,26.380783
0.550354,26.745178
-0.000000,26.357469
0.580907,25.861946
1.208258,25.852980
25.472680,1.053635
25.448732,1.579291
26.128448,0.000000
25.488397,0.636195
26.238425,0.808151
26.383454,1.308064
25.868626,1.077369
26.744562,0.548682
26.355330,0.000000
25.903923,0.000000
25.827646,0.539757
26.238557,2.201605
