24.577881,0.000000
24.491045,2.029578
24.239203,4.044554
23.822169,6.033062
23.242094,7.979879
22.503766,9.872065
21.611591,11.696627
20.571728,13.441383
19.391910,15.094050
18.078536,16.644640
16.643391,18.079712
15.092278,19.393545
13.439974,20.573377
11.696623,21.612268
9.870943,22.504086
7.979116,23.242878
6.032242,23.822681
4.044774,24.239571
2.029420,24.492460
0.000000,24.579238
0.000000,25.872935
2.137991,25.783015
4.259268,25.519487
6.351856,25.080549
8.401390,24.470176
10.392970,23.692987
12.314355,22.753880
14.151599,21.659692
15.891679,20.416698
17.522759,19.035006
19.035019,17.522329
20.416605,15.891282
21.659308,14.151163
22.753553,12.313729
23.692778,10.393000
24.470008,8.400912
25.080483,6.351092
25.519016,4.259372
25.783183,2.136705
25.871495,0.000000
12.570965,21.097281
13.234319,22.210830
12.470098,21.906494
12.136668,21.355118
13.304099,21.346097
12.755143,21.456323
13.005934,20.836683
15.023537,21.042126
13.041591,21.829213
13.695043,21.935152
14.233235,20.805875
13.682900,20.903889
13.883300,21.300419
13.508745,21.635967
12.774248,22.484595
11.355280,23.227618
14.269715,19.987087
13.858580,20.280276
15.023102,20.177391
14.482264,20.332066
14.682112,19.692373
16.709620,19.729685
14.797084,20.679681
15.460412,20.729897
15.902965,19.559261
15.360933,19.703740
14.587668,21.353231
11.571358,22.438231
10.589439,22.890638
15.871455,18.739634
15.486014,19.066911
16.638526,18.867967
16.112198,19.066239
16.259248,18.412195
18.281715,18.282060
16.454120,19.387341
17.119129,19.382665
17.464149,18.179170
16.936013,18.367790
16.300081,20.075777
15.594706,20.081108
12.143414,22.363118
11.837697,22.991448
11.895043,21.981471
10.873162,23.462607
9.397912,24.086031
10.785764,22.062363
11.242030,21.840062
10.987305,22.448681
10.332205,22.285626
11.160956,22.852796
17.364659,17.365292
17.007791,17.722829
18.138513,17.429605
17.631039,17.670491
17.723282,17.007199
19.728846,16.710112
17.998940,17.961942
18.661456,17.902668
18.905191,16.675234
18.394618,16.906677
17.902198,18.661405
17.200652,18.724029
9.688678,23.344124
10.248254,23.307173
9.899477,23.889850
8.669565,23.681153
10.011620,22.901684
9.231264,23.704030
8.898295,24.280065
18.739224,15.872150
18.412572,16.258433
19.516406,15.872224
19.030364,16.154200
19.067451,15.485321
21.041323,15.024120
19.420482,16.414497
20.076032,16.300765
20.217944,15.057180
19.728064,15.329716
19.382436,17.119242
18.687089,17.240297
8.926979,22.878169
9.398915,22.692755
9.117511,23.274873
8.456306,23.062620
9.530304,23.005208
7.376277,24.779918
19.985994,14.269995
19.692725,14.682091
20.760518,14.206509
20.299175,14.527465
20.281077,13.858242
22.209906,13.235258
20.709712,14.754829
21.353438,14.587454
21.392038,13.336088
20.926453,13.648239
20.729634,15.460625
20.047258,15.638182
7.726152,24.058400
8.289547,24.070382
7.892567,24.626102
6.683512,24.316720
8.092734,23.648093
7.243993,24.383872
6.862926,24.931975
21.096051,12.570954
20.837551,13.006219
21.862349,12.443756
21.429378,12.801456
21.356080,12.136419
23.226934,11.355712
21.857315,12.994149
22.484879,12.774157
22.420200,11.524320
21.982100,11.873556
21.935414,13.696048
21.270317,13.929157
7.007350,23.537426
7.493305,23.391110
6.522820,23.682345
5.304527,25.304697
22.062272,10.785966
21.840369,11.241350
22.815407,10.596027
22.413510,10.988271
22.285121,10.331592
24.085427,9.398947
22.855489,11.145046
23.462902,10.873716
23.295291,9.633667
22.887514,10.017816
22.991387,11.837606
22.347445,12.125383
7.159880,23.949048
7.599541,23.715596
5.713030,24.615191
6.273144,24.673154
5.831969,25.193994
4.652487,24.785858
6.111689,24.235785
5.205341,24.898909
4.780900,25.413773
22.877661,8.927294
22.693988,9.399551
23.612435,8.675854
23.244536,9.099807
23.062172,8.456275
24.779342,7.377772
23.697829,9.219799
24.280628,8.898966
24.011223,7.677167
23.636679,8.093447
23.890349,9.898690
23.272529,10.238589
5.039647,24.035905
5.535734,23.930109
4.544616,24.139874
3.196457,25.655689
23.536871,7.007171
23.392735,7.493572
24.248566,6.696368
23.916600,7.149007
23.681811,6.522727
25.303931,5.305709
24.378119,7.231285
24.932582,6.863518
24.563120,5.667854
24.224612,6.114032
24.626055,7.891776
24.038537,8.281724
5.158024,24.458494
5.615020,24.262165
3.661165,25.002944
4.214201,25.107291
3.731592,25.589926
2.590009,25.084723
4.089598,24.657978
3.131946,25.243503
2.666687,25.722225
24.035350,5.039790
23.931474,5.536256
24.718650,4.670333
24.425915,5.149162
24.138483,4.544816
25.656146,3.197465
24.892071,5.193761
25.413983,4.781062
24.947653,3.619540
24.646279,4.093094
25.193985,5.831054
24.640616,6.268146
3.038174,24.370528
3.540463,24.305517
2.535779,24.432220
1.068504,25.832045
24.369979,3.038890
24.306742,3.540751
25.018802,2.613642
24.768335,3.114198
24.431435,2.536315
25.832871,1.069625
25.236357,3.120889
25.721180,2.665810
25.160553,1.548361
24.900946,2.044173
25.589426,3.731292
25.073725,4.210726
3.121103,24.801706
3.592210,24.642371
1.583242,25.219704
2.126600,25.369006
1.604063,25.811176
-0.000000,25.040366
1.014375,24.538265
0.612942,24.552764
2.040463,24.912427
1.520789,24.515962
0.745082,25.305944
1.202222,25.479010
0.532378,25.854268
-0.000000,25.453139
0.559702,24.940034
1.165320,24.932285
24.537602,1.014880
24.514677,1.521531
25.215990,0.000000
24.552842,0.612850
25.329961,0.780158
25.481962,1.263049
24.948042,1.039099
25.853588,0.530963
25.451074,0.000000
24.983041,0.000000
24.904287,0.519925
25.336109,2.126002
