24.480815,-0.000000
24.394350,2.021564
24.143505,4.028594
23.728124,6.009241
23.150343,7.948371
22.414928,9.833087
21.526277,11.650447
20.490523,13.388316
19.315365,15.034460
18.007173,16.578932
16.577694,18.008342
15.032711,19.316987
13.386927,20.492162
11.650436,21.526964
9.831982,22.415263
7.947619,23.151138
6.008435,23.728655
4.028807,24.143897
2.021404,24.395776
0.000000,24.482189
-0.000000,25.780769
2.130352,25.691166
4.244085,25.428570
6.329216,24.991193
8.371446,24.382993
10.355933,23.608572
12.270462,22.672811
14.101160,21.582525
15.835044,20.343960
17.460313,18.967188
18.967186,17.459902
20.343853,15.834663
21.582127,14.100740
22.672469,12.269852
23.608349,10.355964
24.382807,8.370974
24.991104,6.328462
25.428081,4.244177
25.691295,2.129083
25.779304,-0.000000
12.521297,21.013936
13.187125,22.131631
12.423305,21.824315
12.088680,21.270789
13.253965,21.265680
12.706345,21.374240
12.954578,20.754371
14.969962,20.967096
12.993496,21.748732
13.646180,21.856973
14.179841,20.727836
13.630642,20.824073
13.832090,21.221878
13.459219,21.556708
12.728715,22.404410
11.314780,23.144796
14.213339,19.908130
13.803788,20.200193
14.966499,20.101393
14.426872,20.254290
14.624128,19.614570
16.650031,19.659332
14.742514,20.603443
15.405249,20.656006
15.843300,19.485899
15.302276,19.628511
14.535669,21.277078
11.528069,22.354319
10.549744,22.804870
15.808753,18.665607
15.424792,18.991619
16.575850,18.796901
16.050572,18.993307
16.195024,18.339444
18.216518,18.216872
16.393436,19.315865
17.058050,19.313577
17.398627,18.110977
16.871338,18.297659
16.241986,20.004170
15.537197,20.007061
12.098705,22.280792
11.795437,22.909492
11.849648,21.897603
10.834420,23.378938
9.364398,24.000147
10.743151,21.975219
11.197627,21.753777
10.945375,22.363039
10.291336,22.197599
11.119810,22.768570
17.296058,17.296691
16.940563,17.652844
18.070181,17.363951
17.563600,17.602894
17.653277,16.939996
19.658493,16.650525
17.932564,17.895724
18.594879,17.838855
18.834265,16.612683
18.324374,16.842122
17.838383,18.594835
17.137220,18.654985
9.652519,23.257025
10.210568,23.221473
9.864118,23.804698
8.637058,23.592401
9.973435,22.814315
9.197236,23.616704
8.866601,24.193488
18.665192,15.809444
18.339798,16.194234
19.442888,15.812435
18.957572,16.092401
18.992135,15.424126
20.966288,14.970543
19.348865,16.353982
20.004411,16.242666
20.142093,15.000697
19.652730,15.271185
19.313338,17.058166
18.618176,17.176720
8.891706,22.787796
9.361812,22.603122
9.082717,23.186097
8.422853,22.971525
9.493667,22.916788
7.349983,24.691561
19.907038,14.213620
19.614896,14.624118
20.682313,14.152993
20.221531,14.471887
20.200962,13.803467
22.130706,13.188054
20.633344,14.700430
21.277266,14.535464
21.311782,13.286056
20.846541,13.596126
20.655731,15.405461
19.973332,15.580512
7.697301,23.968592
8.259067,23.981852
7.864366,24.538319
6.658454,24.225591
8.061866,23.557875
7.217284,24.294037
6.838487,24.843081
21.012706,12.521291
20.755201,12.954864
21.779992,12.396874
21.347409,12.752479
21.271716,12.088441
23.144103,11.315211
21.776714,12.946240
22.404673,12.728630
22.336086,11.481083
21.898155,11.828218
21.857210,13.647171
21.191880,13.877785
6.979660,23.444452
7.463722,23.298728
6.497006,23.588799
5.285626,25.214470
21.975107,10.743354
21.754060,11.196964
22.729459,10.556105
22.327772,10.946228
22.197087,10.290741
23.999532,9.365422
22.771206,11.103954
23.379210,10.834968
23.207892,9.597522
22.800111,9.979566
22.909409,11.795351
22.265032,12.080658
7.132550,23.857694
7.570339,23.624470
5.691696,24.523308
6.250086,24.582413
5.811114,25.104184
4.635042,24.692968
6.088381,24.143330
5.186146,24.807178
4.763881,25.323164
22.787273,8.892023
22.604310,9.362441
23.523486,8.643165
23.155616,9.064987
22.971065,8.422828
24.690971,7.351453
23.610439,9.185804
24.194020,8.867261
23.921140,7.648360
23.546414,8.062547
23.805163,9.863348
23.186705,10.200822
5.019733,23.940961
5.513886,23.835601
4.526620,24.044521
3.185083,25.564217
23.443880,6.979493
23.300297,7.463988
24.157215,6.671131
23.825112,7.121653
23.588251,6.496919
25.213689,5.286787
24.288222,7.204623
24.843654,6.839069
24.470968,5.646588
24.132102,6.090689
24.538242,7.863593
23.949884,8.251171
5.138333,24.365200
5.593443,24.168938
3.647495,24.909620
4.198723,25.014956
3.718224,25.498696
2.580301,24.990718
4.073999,24.563911
3.120388,25.150505
2.657194,25.630510
23.940384,5.019878
23.836912,5.514404
24.625533,4.652737
24.332468,5.129463
24.043127,4.526819
25.564633,3.186067
24.800276,5.174606
25.323342,4.764043
24.854044,3.605963
24.552162,4.077459
25.104141,5.810217
24.549740,6.245024
3.026160,24.274258
3.526502,24.209529
2.525719,24.335724
1.064693,25.739952
24.273685,3.026867
24.210698,3.526788
24.924555,2.603787
24.673566,3.102285
24.334915,2.526249
25.740719,1.065792
25.143282,3.109367
25.629448,2.656333
25.066165,1.542544
24.805847,2.036358
25.498167,3.717931
24.981258,4.195198
3.109188,24.707093
3.578410,24.547687
1.577326,25.125555
2.118796,25.275705
1.598316,25.719140
0.000000,24.945203
1.010366,24.441338
0.610524,24.455801
2.032675,24.817383
1.514812,24.419132
0.742333,25.211817
1.197789,25.385662
0.530517,25.762092
0.000000,25.359522
0.557505,24.844522
1.160870,24.836901
24.440645,1.010864
24.417828,1.515541
25.121477,0.000000
24.455836,0.610432
25.235874,0.777259
25.388622,1.258389
24.852649,1.035133
25.761383,0.529129
25.357444,0.000000
24.887619,0.000000
24.808597,0.517869
25.242659,2.118175
