28.886173,-0.000000
28.783583,2.385512
28.487581,4.753331
27.997286,7.090806
27.315469,9.378989
26.447784,11.602780
25.399200,13.747151
24.176987,15.797693
22.790336,17.740016
21.246952,19.562227
19.560273,21.248732
17.737063,22.792893
15.795352,24.179449
13.747263,25.400018
11.600789,26.448262
9.377573,27.316501
7.089226,27.997823
4.753670,28.487873
2.385425,28.785386
0.000000,28.887704
-0.000000,29.995405
2.479423,29.891875
4.938071,29.586520
7.364250,29.077697
9.740539,28.370106
12.049418,27.469033
14.277409,26.380204
16.407529,25.111355
18.424678,23.670272
20.315640,22.068526
22.068796,20.314652
23.670323,18.423910
25.111100,16.406598
26.379827,14.276325
27.468632,12.049608
28.369813,9.740079
29.077706,7.363359
29.585755,4.938907
29.892622,2.477776
29.994322,-0.000000
14.776107,24.797749
15.345151,25.753340
14.555331,25.569273
14.267168,25.099507
15.537633,24.929106
14.926720,25.109394
15.285680,24.491675
17.419724,24.398080
15.187469,25.420602
15.880529,25.431986
16.612808,24.284206
16.008863,24.456776
16.168345,24.805333
15.719454,25.174487
14.810472,26.071375
13.166713,26.932170
16.772612,23.492871
16.291195,23.836047
17.544844,23.563659
16.947391,23.793469
17.256094,23.147054
19.374742,22.876436
17.231849,24.081682
17.927555,24.034920
18.561853,22.829133
17.971714,23.052557
16.913032,24.759643
13.500949,26.179172
12.358567,26.713866
18.655196,22.026596
18.204111,22.409836
19.430848,22.034475
18.854769,22.312183
19.110146,21.642599
21.197561,21.197729
19.161652,22.576844
19.850827,22.472814
20.384081,21.218580
19.814644,21.489576
18.898218,23.278851
18.160854,23.385468
14.138753,26.037380
13.727771,26.657306
13.915818,25.714942
12.605767,27.205249
10.897083,27.927544
12.677758,25.931646
13.212976,25.671489
12.853732,26.260939
12.146670,26.194085
12.996881,26.611313
20.410333,20.411251
19.992435,20.830116
21.182798,20.354840
20.632179,20.678945
20.830834,19.991240
22.875240,19.375332
20.960422,20.916778
21.638942,20.756840
22.065920,19.463201
21.521094,19.780229
20.756075,21.639143
20.031036,21.805147
11.300796,27.227542
11.930239,27.132521
11.480808,27.698638
10.118372,27.637279
11.711389,26.791218
10.749578,27.601027
10.315734,28.152857
22.025940,18.656393
21.643417,19.108739
22.791669,18.536183
22.269694,18.904630
22.410781,18.202536
24.397060,17.420459
22.615795,19.114852
23.279106,18.899245
23.598143,17.574654
23.081064,17.935210
22.472599,19.851200
21.762022,20.077417
10.493195,26.890867
11.045897,26.672783
10.666257,27.226842
9.941568,27.107326
11.160050,26.939219
8.552513,28.732136
23.491311,16.773157
23.147949,17.255939
24.244582,16.590912
23.754351,17.001016
23.837420,16.290419
25.751922,15.346557
24.116969,17.182238
24.759957,16.912729
24.968472,15.566043
24.483133,15.968036
24.034692,17.928157
23.345852,18.211726
9.012428,28.062534
9.649973,28.021941
9.153895,28.552514
7.800280,28.378842
9.466771,27.664383
8.435735,28.392863
7.955962,28.908393
24.796088,14.776126
24.493390,15.286198
25.531371,14.532573
25.077019,14.981222
25.101050,14.266819
26.931260,13.167176
25.453363,15.131967
26.071755,14.810342
26.168529,13.451393
25.718249,13.891738
25.432810,15.882322
24.770191,16.221631
8.236882,27.665644
8.806349,27.493275
7.668924,27.835926
6.150134,29.340668
25.931880,12.678091
25.671941,13.211876
26.644305,12.374690
26.228803,12.859440
26.192954,12.145497
27.926729,10.898433
26.615793,12.978658
27.205662,12.606632
27.190002,11.244672
26.777503,11.720524
26.657483,13.727662
26.024619,14.121172
8.376442,28.015707
8.898534,27.770189
6.664197,28.711889
7.302326,28.723542
6.764757,29.211114
5.429991,28.926472
7.149260,28.351731
6.061753,28.992553
5.542041,29.466890
26.890363,10.493461
26.675108,11.046886
27.575050,10.132218
27.201365,10.649558
27.106453,9.941400
28.731308,8.555008
27.596730,10.736719
28.153731,10.316883
28.025531,8.961056
27.654056,9.469026
27.699937,11.479544
27.101871,11.923900
5.923956,28.251589
6.505471,28.126741
5.343686,28.373777
3.705251,29.747505
27.665050,8.236236
27.496355,8.806811
28.318156,7.820714
27.987679,8.366433
27.835094,7.668752
29.339677,6.152113
28.388858,8.421019
28.909469,7.956891
28.669620,6.615736
28.341856,7.153142
28.553110,9.152409
27.994059,9.645118
6.034550,28.611555
6.574849,28.410318
4.270638,29.163993
4.905092,29.228808
4.329686,29.670480
3.022808,29.275153
4.784044,28.845666
3.647627,29.393842
3.091243,29.824710
28.251171,5.923959
28.129442,6.506154
28.866905,5.454282
28.584090,6.025953
28.371590,5.344069
29.748588,3.707430
28.987510,6.048428
29.467525,5.542042
29.118984,4.224638
28.835025,4.789043
29.211786,6.763146
28.695321,7.299926
3.571674,28.645173
4.160055,28.567868
2.982503,28.716938
1.238877,29.951629
28.644703,3.572711
28.570452,4.160433
29.217530,3.052703
28.985157,3.644573
28.716347,2.983246
29.953872,1.240933
29.388759,3.634997
29.823507,3.089591
29.366674,1.807748
29.133188,2.392141
29.670543,4.328914
29.199361,4.903763
3.651542,29.013445
4.206149,28.855400
1.847293,29.417448
2.474907,29.533703
1.861242,29.927785
0.000000,29.278213
1.192620,28.841947
0.720726,28.858541
2.387339,29.143498
1.785815,28.815770
0.867644,29.503673
1.400057,29.646538
0.615550,29.977560
-0.000000,29.631946
0.657388,29.190746
1.363228,29.177627
28.841716,1.193390
28.814409,1.787173
29.428316,0.000000
28.859370,0.720577
29.525389,0.909369
29.648385,1.471063
29.193086,1.215419
29.977157,0.612996
29.629737,0.000000
29.229714,0.000000
29.161015,0.611256
29.505566,2.475383
