28.115305,-0.000000
28.015456,2.321793
27.727342,4.626472
27.250139,6.901508
26.586522,9.128600
25.741986,11.293056
24.721389,13.380199
23.531806,15.376018
22.182167,17.266510
20.679940,19.040120
19.038274,20.681632
17.263749,22.184579
15.373824,23.534149
13.380290,24.722193
11.291222,25.742428
9.127306,26.587512
6.900072,27.250664
4.626812,27.727628
2.321693,28.017184
-0.000000,28.116799
-0.000000,29.253878
2.418031,29.152732
4.816005,28.854916
7.182165,28.358665
9.499670,27.668566
11.751462,26.789780
13.924301,25.727891
16.001723,24.490468
17.969039,23.085012
19.813250,21.522847
21.523070,19.812359
23.085040,17.968323
24.490184,16.000874
25.727526,13.923281
26.789427,11.751603
27.668310,9.499175
28.358677,7.181261
28.854226,4.816682
29.153406,2.416407
29.252708,-0.000000
14.381483,24.135576
14.965443,25.116119
14.181199,24.912070
13.885915,24.429445
15.136961,24.286371
14.537472,24.454619
14.877756,23.837592
16.988684,23.794424
14.802122,24.775666
15.487386,24.802984
16.185841,23.660086
15.591883,23.819865
15.757982,24.175910
15.322345,24.538830
14.444225,25.426169
12.840860,26.265807
16.324711,22.865518
15.855873,23.199750
17.092471,22.956201
16.505512,23.173039
16.795517,22.528827
18.895333,22.310405
16.794621,23.470754
17.483765,23.440418
18.084784,22.242411
17.503676,22.452215
16.494777,24.146880
13.154685,25.507826
12.041132,26.027814
18.157037,21.438385
17.717705,21.811634
18.929929,21.466436
18.363155,21.730362
18.600027,21.064501
20.673052,20.673266
18.675443,22.004078
19.359450,21.916970
19.860169,20.673220
19.298589,20.929941
18.430876,22.702662
17.700000,22.792058
13.780368,25.377495
13.387781,25.997896
13.553520,25.045636
12.294121,26.532003
10.627377,27.236545
12.339170,25.239247
12.860328,24.985833
12.519121,25.577531
11.821969,25.494686
12.667182,25.936361
19.865297,19.866181
19.458331,20.274082
20.636677,19.830094
20.094224,20.139693
20.274784,19.457226
22.309265,18.895912
20.428606,20.386153
21.103359,20.243445
21.498804,18.962955
20.960610,19.265093
20.242737,21.103489
19.522732,21.251830
11.011453,26.530584
11.628129,26.445437
11.196376,27.013520
9.858403,26.927398
11.406653,26.093909
10.476916,26.901194
10.060780,27.456199
21.437773,18.158147
21.065258,18.598698
22.204120,18.058300
21.689044,18.411624
21.812534,17.716276
23.793427,16.989407
22.041990,18.629922
22.702940,18.431851
22.991645,17.122941
22.479972,17.468123
21.916753,19.359761
21.209802,19.567916
10.212892,26.172801
10.751209,25.960540
10.388608,26.518371
9.675778,26.383545
10.868006,26.234229
8.340903,28.021216
22.864026,16.325206
22.529637,16.795374
23.619571,16.163184
23.135015,16.557634
23.201055,15.855164
25.114785,14.966777
23.505106,16.746321
24.147200,16.494475
24.326768,15.165919
23.845529,15.552161
23.440188,17.484285
22.753468,17.749557
8.781574,27.343922
9.405611,27.312203
8.927010,27.846248
7.599895,27.649939
9.220436,26.944357
8.221723,27.672919
7.759349,28.193098
24.133963,14.381498
23.839181,14.878223
24.873186,14.157870
24.423186,14.590502
24.430931,13.885566
26.264927,12.841330
24.807599,14.748055
25.426559,14.444091
25.495982,13.105615
25.048476,13.529932
24.803708,15.489045
24.141659,15.809937
8.016829,26.926908
8.571423,26.759174
7.463828,27.092658
5.997996,28.614675
25.239411,12.339480
24.986287,12.859282
25.957443,12.055627
25.544920,12.524033
25.493689,11.820886
27.235760,10.628702
25.940531,12.649375
26.532427,12.294936
26.491189,10.955606
26.080151,11.415271
25.998038,13.387665
25.364252,13.762762
8.158339,27.286686
8.665766,27.043570
6.493480,27.976664
7.117459,27.996044
6.596967,28.488532
5.290482,28.183483
6.963242,27.613831
5.907968,28.257399
5.405131,28.737797
26.172286,10.213176
25.962693,10.752134
26.864197,9.870978
26.492116,10.371757
26.382769,9.675630
28.020435,8.343241
26.896581,10.464307
27.457050,10.061848
27.305259,8.730689
26.933868,9.222409
27.014676,11.195170
26.414178,11.621244
5.765684,27.497201
6.331968,27.375729
5.200683,27.616130
3.613717,29.011442
26.926315,8.016272
26.762019,8.571847
27.588115,7.619029
27.257953,8.148201
27.091890,7.463655
28.613725,5.999850
27.668624,8.207359
28.194116,7.760235
27.932800,6.445643
27.603769,6.966851
27.846717,8.925638
27.283706,9.400270
5.877411,27.867037
6.402855,27.666928
4.161257,28.417204
4.780990,28.488537
4.222079,28.936495
2.945144,28.523215
4.659535,28.094914
3.555030,28.648490
3.014877,29.086755
27.496753,5.765720
27.378218,6.332636
28.122752,5.313658
27.838761,5.868775
27.614091,5.201029
29.012449,3.615674
28.252061,5.894954
28.738382,5.405182
28.370543,4.116071
28.084121,4.664274
28.489078,6.595469
27.967156,7.114631
3.476192,27.880225
4.049212,27.805094
2.902556,27.950185
1.208237,29.210576
27.879755,3.477180
27.807464,4.049573
28.464307,2.973949
28.229337,3.549476
27.949561,2.903271
29.212602,1.210138
28.643093,3.542674
29.085584,3.013373
28.611984,1.761190
28.374510,2.329745
28.936442,4.221413
28.458458,4.779285
3.556439,28.258414
4.096131,28.100375
1.799869,28.664083
2.412343,28.785673
1.814961,29.187317
0.000000,28.518295
1.160690,28.071817
0.701392,28.087979
2.325127,28.384985
1.738438,28.046287
0.845645,28.750188
1.364532,28.897898
0.600588,29.235840
0.000000,28.881372
0.639896,28.428859
1.327768,28.416665
28.071518,1.161426
28.044941,1.739678
28.672430,0.000000
28.088703,0.701258
28.772272,0.886185
28.899925,1.433706
28.432155,1.183839
29.235403,0.598232
28.879171,0.000000
28.468440,0.000000
28.398174,0.594908
28.756799,2.412622
