27.621966,0.000000
27.523886,2.281022
27.240823,4.545295
26.772002,6.780371
26.120034,8.968368
25.290311,11.094851
24.287626,13.145371
23.118924,15.106171
21.792972,16.963493
20.317084,18.706000
18.704224,20.318717
16.960856,21.795290
15.104074,23.121189
13.145446,24.288421
11.093116,25.290737
8.967151,26.121001
6.779025,26.772526
4.545630,27.241114
2.280914,27.525571
0.000000,27.623443
-0.000000,28.780127
2.378803,28.680514
4.738011,28.387512
7.065829,27.899292
9.345779,27.220368
11.561100,26.355821
13.698703,25.311142
15.742460,24.093794
17.677937,22.711100
19.492281,21.174223
21.174415,19.491454
22.711111,17.677259
24.093489,15.741667
25.310780,13.697729
26.355492,11.561215
27.220129,9.345269
27.899300,7.064923
28.386862,4.738591
28.681131,2.377203
28.778900,-0.000000
14.128947,23.711815
14.722854,24.709009
13.941973,24.491853
13.641931,24.000642
14.880751,23.875373
14.288504,24.035814
14.616696,23.419019
16.713302,23.408756
14.555793,24.363405
15.236216,24.401124
15.912836,23.261025
15.325189,23.412504
15.495668,23.773567
15.068522,24.132544
14.210229,25.013961
12.632679,25.840078
16.038078,22.464043
15.577288,22.792552
16.803201,22.567763
16.222884,22.776204
16.500762,22.133196
18.589047,21.948776
16.515130,23.080232
17.200233,23.060600
17.779741,21.867263
17.204325,22.068246
16.227553,23.755400
12.933290,25.078591
11.838163,25.589164
17.838242,21.061963
17.406428,21.428814
18.609618,21.103205
18.048716,21.358224
18.273565,20.694553
20.337951,20.338194
18.364640,21.637949
19.045515,21.561849
19.525175,20.324516
18.968528,20.572006
18.132296,22.334548
17.405413,22.412737
13.551290,24.955691
13.170566,25.576611
13.321806,24.617561
12.095012,26.101882
10.455074,26.795075
12.122493,24.796147
12.634639,24.547054
12.305112,25.140432
11.614176,25.047104
12.456428,25.504914
19.516504,19.517364
19.116530,19.918247
20.287461,19.494544
19.750144,19.794782
19.918929,19.115489
21.947672,18.589619
20.088651,20.046961
20.761180,19.915443
21.136185,18.643099
20.602131,18.935619
19.914768,20.761272
19.197813,20.898136
10.826462,26.084983
11.435023,26.006260
11.014651,26.575809
9.692179,26.473508
11.211752,25.647929
10.302623,26.453844
9.897890,27.011122
21.061376,17.839297
20.695263,18.272294
21.828412,17.752719
21.317655,18.096293
21.429676,17.405098
23.407774,16.714015
21.675194,18.319942
22.334835,18.133236
22.603845,16.834116
22.095522,17.169382
21.561629,19.045791
20.856810,19.242231
10.033518,25.713276
10.562615,25.504746
10.211028,26.065246
9.505685,25.920360
10.681194,25.783277
8.205714,27.567022
22.462596,16.038543
22.133946,16.500631
23.219910,15.889673
22.738880,16.274044
22.793803,15.576626
24.707726,14.724142
23.113980,16.467671
23.755716,16.227257
23.916457,14.910080
23.437725,15.286174
23.060366,17.200704
22.374802,17.454128
8.633976,26.884474
9.249419,26.858544
8.782056,27.395025
7.471769,27.183887
9.062886,26.483848
8.084920,27.212714
7.633736,27.736113
23.710235,14.128959
23.420518,14.617135
24.452309,13.918266
24.004987,14.340594
24.002077,13.641588
25.839215,12.633153
24.394803,14.502648
25.014349,14.210095
25.065950,12.884525
24.620097,13.298528
24.401781,15.237788
23.739886,15.546773
7.876012,26.454155
8.421072,26.289392
7.332575,26.617003
5.900804,28.150852
24.796264,12.122790
24.547500,12.633633
25.518229,11.851601
25.107500,12.309505
25.046185,11.613153
26.794308,10.456377
25.508879,12.438888
26.102303,12.095795
26.044362,10.770777
25.634132,11.220038
25.576725,13.170449
24.942127,13.533657
8.018845,26.820415
8.516869,26.578786
6.384332,27.506594
6.999296,27.531034
6.489767,28.026884
5.201280,27.708424
6.844270,27.141891
5.809662,27.787472
5.317660,28.271997
25.712751,10.033812
25.506780,10.563500
26.409642,9.703925
26.038470,10.194075
25.919637,9.505552
27.566266,8.207947
26.449020,10.290174
27.011946,9.898906
26.844711,8.583391
26.473243,9.064681
26.576871,11.013489
25.974587,11.427779
5.664403,27.014431
6.220927,26.895127
5.109168,27.131274
3.555239,28.541191
26.453560,7.875512
26.292077,8.421473
27.121289,7.490059
26.791210,8.008621
26.616270,7.332405
28.149923,5.902574
27.208224,8.070783
27.737085,7.634590
27.461672,6.336889
27.131696,6.847704
27.395411,8.780759
26.829629,9.243758
5.776908,27.390857
6.292835,27.191418
4.091322,27.939745
4.701666,28.015362
4.153333,28.467560
2.895486,28.042437
4.579905,27.614753
3.495837,28.172049
2.966088,28.615289
27.013961,5.664459
26.897469,6.221583
27.646903,5.223734
27.362035,5.768247
27.129324,5.109492
28.542136,3.557058
27.781936,5.796847
28.272539,5.317739
27.891981,4.046651
27.603849,4.584476
28.027346,6.488344
27.501693,6.996187
3.415091,27.390700
3.978270,27.316964
2.851394,27.459504
1.188660,28.737136
27.390223,3.416046
27.319187,3.978622
27.982660,2.923588
27.745897,3.488659
27.458854,2.852089
28.739010,1.190459
28.166434,3.483659
28.614133,2.964676
28.129428,1.731425
27.889262,2.289842
28.467432,4.152731
27.984853,4.699719
3.495615,27.775509
4.025756,27.617425
1.769555,28.182417
2.372354,28.307540
1.785397,28.714240
0.000000,28.032306
1.140264,27.578972
0.689028,27.594869
2.285343,27.899855
1.708107,27.553864
0.831580,28.268470
1.341822,28.419397
0.591031,28.761973
0.000000,28.401615
0.628703,27.941542
1.305085,27.929946
27.578622,1.140975
27.552524,1.709275
28.189127,0.000000
27.595514,0.688902
28.290793,0.871361
28.421537,1.409826
27.945456,1.163635
28.761506,0.588802
28.399417,0.000000
27.981533,0.000000
27.910217,0.584446
28.278166,2.372508
