20.782131,-0.000000
20.710662,1.716221
20.497755,3.420546
20.145472,5.101693
19.655066,6.747935
19.030638,8.348025
18.276230,9.890998
17.397041,11.366522
16.399422,12.764073
15.288640,14.075388
14.074994,15.289040
12.763602,16.399941
11.366148,17.397591
9.890895,18.276596
8.347708,19.030918
6.747695,19.655523
5.101455,20.145967
3.420494,20.498343
1.716112,20.711609
-0.000000,20.783140
0.000000,22.298231
1.841616,22.221311
3.670273,21.993892
5.473843,21.615511
7.240167,21.089344
8.956865,20.419485
10.612389,19.610057
12.195952,18.667192
13.695789,17.596086
15.101582,16.405207
16.405045,15.101644
17.595883,13.695826
18.666883,12.195978
19.609776,10.612362
20.419245,8.956944
21.089071,7.240083
21.615156,5.473659
21.993350,3.670187
22.220696,1.841266
22.297145,-0.000000
10.629033,17.837938
11.404406,19.139356
10.648383,18.706814
10.260459,18.057354
11.351711,18.213845
10.852367,18.255012
10.997755,17.617976
12.946218,18.132356
11.171773,18.699826
11.800522,18.903274
12.154725,17.767524
11.645662,17.791811
11.892531,18.246670
11.584263,18.555706
11.008444,19.375073
9.784910,20.015558
12.065554,16.899444
11.716480,17.148556
12.818877,17.217471
12.322458,17.298916
12.414849,16.650041
14.399111,17.001352
12.675560,17.715446
13.321491,17.864338
13.580268,16.703195
13.074289,16.770673
12.571174,18.400135
9.886502,19.171963
9.044195,19.551671
13.419977,15.845022
13.092490,16.122598
14.197852,16.100207
13.709428,16.222109
13.747902,15.567474
15.753819,15.754060
14.094952,16.608216
14.750853,16.703368
14.913494,15.524287
14.414795,15.633461
14.047391,17.299112
13.359231,17.202215
10.405751,19.162534
10.199125,19.812967
10.125558,18.711460
9.370770,20.217916
8.098592,20.755254
9.119671,18.654550
9.505534,18.466024
9.352844,19.109404
8.734352,18.843202
9.561429,19.577850
14.682512,14.682783
14.379410,14.986033
15.477648,14.872585
15.001573,15.034461
14.985961,14.379470
17.001010,14.399346
15.418501,15.387275
16.079980,15.427961
16.144188,14.239972
15.656277,14.389829
15.427733,16.080078
14.734915,16.039617
8.281735,19.954165
8.783609,19.975942
8.528428,20.587474
7.404228,20.225883
8.523086,19.495329
7.908386,20.308658
7.669189,20.922619
15.844778,13.420239
15.567352,13.747892
16.653571,13.543694
16.192208,13.744297
16.122517,13.092543
18.131988,12.946448
16.636282,14.061644
17.299023,14.047646
17.265242,12.858263
16.791299,13.047720
16.703153,14.750971
16.008286,14.768503
7.548027,19.344097
7.947949,19.187791
7.761188,19.813520
7.148421,19.500210
8.101015,19.555658
6.356885,21.353279
16.899009,12.065705
16.649876,12.414984
17.715185,12.122266
17.271866,12.360249
17.148503,11.716555
19.138967,11.404698
17.740813,12.639821
18.399984,12.571224
18.267822,11.388296
17.811247,11.616522
17.864079,13.321597
17.173573,13.396049
6.603476,20.562931
7.105033,20.628974
6.799138,21.221577
5.708140,20.768934
6.889393,20.130571
6.205614,20.890948
5.915195,21.484687
17.837461,10.629109
17.617900,10.997906
18.655236,10.617862
18.233323,10.891601
18.057327,10.260501
20.015205,9.785099
18.723816,11.131447
19.374935,11.008519
19.145755,9.841062
18.709578,10.105980
18.903087,11.800792
18.221250,11.931904
5.924855,19.901602
6.336374,19.778689
5.513655,20.024190
4.571802,21.805565
18.654298,9.119801
18.465877,9.505490
19.468464,9.041202
19.070509,9.348802
18.842922,8.734347
20.754900,8.098889
19.578837,9.547389
20.217764,9.370964
19.893032,8.226512
19.480232,8.526553
19.812714,10.199188
19.143780,10.386542
6.094549,20.387107
6.460336,20.160658
4.882971,21.038947
5.377104,21.145857
5.023433,21.710860
3.973442,21.169557
5.203039,20.631141
4.459037,21.332358
4.120886,21.900013
19.343728,7.548215
19.187776,7.948189
20.148679,7.402692
19.777487,7.742056
19.499878,7.148527
21.352873,6.357191
20.300387,7.898082
20.922502,7.669369
20.504494,6.555702
20.117876,6.888773
20.587305,8.528346
19.936219,8.770273
4.261156,20.323037
4.681327,20.234590
3.841201,20.411051
2.755510,22.108409
19.901154,5.924951
19.778686,6.336520
20.691365,5.713544
20.349409,6.082371
20.023753,5.513742
21.804999,4.572011
20.883286,6.194728
21.484498,5.915319
20.975993,4.840075
20.618271,5.203980
21.221224,6.799032
20.592349,7.093944
4.390454,20.820967
4.773254,20.625285
3.129278,21.370705
3.612739,21.518019
3.213454,22.051670
2.212237,21.425097
3.481499,20.990366
2.682552,21.627712
2.298480,22.165401
20.322466,4.261287
20.234434,4.681531
21.092676,3.985069
20.782387,4.381049
20.410323,3.841316
22.107938,2.755616
21.323580,4.449022
21.899602,4.120911
21.303757,3.090982
20.977304,3.483536
21.710416,5.023251
21.108047,5.369247
2.568492,20.605795
2.994380,20.552101
2.142610,20.658794
0.920715,22.260491
20.605098,2.568719
20.551786,2.994525
21.349078,2.229879
21.073112,2.649759
20.657991,2.142796
22.259901,0.920890
21.618074,2.672953
22.164579,2.298267
21.486456,1.321927
21.193644,1.739536
22.050990,3.213361
21.479325,3.607196
2.656731,21.112622
3.053880,20.948665
1.353351,21.555183
1.823318,21.742173
1.381274,22.241627
0.000000,21.331185
0.857922,20.747729
0.518818,20.761237
1.736989,21.206613
1.286899,20.729673
0.638079,21.643239
1.029948,21.850995
0.460083,22.279605
0.000000,21.813896
0.473926,21.214679
0.991696,21.212416
20.746849,0.858048
20.728696,1.287086
21.537561,0.000000
20.760513,0.518801
21.670253,0.667296
21.855532,1.082076
21.229111,0.884210
22.278730,0.459808
21.812655,0.000000
21.263005,0.000000
21.172082,0.439647
21.703570,1.821761
