23.602341,-0.000000
23.519270,1.949032
23.277447,3.884141
22.877037,5.793639
22.320009,7.663186
21.610963,9.480292
20.754199,11.232458
19.755623,12.907995
18.622630,14.495085
17.361331,15.984174
15.983124,17.362328
14.493623,18.624008
12.906837,19.757027
11.232431,20.754812
9.479369,21.611254
7.662558,22.320717
5.792972,22.877543
3.884294,23.277861
1.948865,23.520594
0.000000,23.603652
-0.000000,24.948087
2.061346,24.861385
4.106918,24.607209
6.124700,24.183944
8.100950,23.595369
10.021380,22.845963
11.873985,21.940424
13.645564,20.885399
15.323483,19.686857
16.896268,18.354534
18.354496,16.895964
19.686733,15.323189
20.885011,13.645247
21.940109,11.873497
22.845773,10.021412
23.595205,8.100535
24.183833,6.124042
24.606758,4.106922
24.861367,2.060233
24.946642,0.000000
12.071785,20.259507
12.760831,21.416133
12.000230,21.081200
11.654374,20.507451
12.800655,20.538436
12.264980,20.631699
12.489771,20.009301
14.486036,20.289267
12.558793,21.021197
13.204824,21.150699
13.697097,20.022168
13.158015,20.102092
13.369241,20.511900
13.011632,20.840312
12.317407,21.680018
10.948952,22.396557
13.703121,19.193424
13.307911,19.475290
14.454700,19.414120
13.925869,19.550731
14.099341,18.910324
16.111780,19.023765
14.249293,19.914284
14.906975,19.988474
15.303858,18.822542
14.771777,18.948029
14.065961,20.589119
11.136693,21.595583
10.190844,22.029323
15.241285,17.995548
14.870714,18.310096
16.009146,18.154238
15.493193,18.333566
15.613758,17.680928
17.627629,17.627975
15.844960,18.669746
16.506343,18.689434
16.806236,17.494356
16.286414,17.663296
15.717228,19.357292
15.017432,19.337718
11.694638,21.536609
11.413718,22.169077
11.439096,21.138964
10.484459,22.623065
9.061681,23.224247
10.357483,21.186404
10.795735,20.972742
10.566157,21.588348
9.921460,21.400779
10.747923,22.007187
16.675198,16.675739
16.332139,17.019357
17.452348,16.770235
16.953652,16.991426
17.019699,16.331708
19.023032,16.112226
17.332647,17.297144
17.993518,17.262372
18.193021,16.047074
17.689084,16.258208
17.261964,17.993465
16.563925,18.030860
9.325635,22.469482
9.869972,22.446821
9.544723,23.035416
8.343159,22.789859
9.628080,22.024011
8.889678,22.827296
8.580295,23.411333
17.995191,15.241864
17.681181,15.613125
18.778165,15.271763
18.299216,15.533382
18.310499,14.870227
20.288550,14.486549
18.701578,15.806963
19.357497,15.717814
19.456328,14.489974
18.971409,14.741750
18.689205,16.506430
17.995344,16.602025
8.572480,21.969749
9.025990,21.791782
8.768033,22.383053
8.120090,22.146929
9.162255,22.116858
7.112478,23.893315
19.192474,13.703351
18.910538,14.099362
19.975221,13.669049
19.519302,13.969157
19.475901,13.307684
21.415337,12.761631
19.943121,14.208709
20.589256,14.065797
20.586197,12.833663
20.123831,13.124756
19.988203,14.907131
19.305194,15.059212
7.436472,23.156548
7.983602,23.181604
7.609628,23.745255
6.431905,23.401551
7.782684,22.741796
6.975872,23.481942
6.617719,24.039993
20.258437,12.071775
20.009936,12.490015
21.035351,11.972921
20.606055,12.309456
20.508200,11.654180
22.395951,10.949346
21.048241,12.513183
21.680227,12.317348
21.575625,11.090137
21.138966,11.418136
21.150838,13.205640
20.482973,13.413422
6.729064,22.602850
7.195968,22.462498
6.263384,22.742021
5.114900,24.399324
21.186268,10.357658
20.972966,10.795191
21.952364,10.195098
21.552342,10.565929
21.400372,9.920994
23.223710,9.062575
22.009461,10.732520
22.623279,10.484931
22.417741,9.270700
22.009664,9.633591
22.168960,11.413654
21.520201,11.676386
6.885371,23.031325
7.306181,22.800065
5.498836,23.692493
6.041701,23.762172
5.622738,24.292801
4.477316,23.853010
5.877567,23.307019
5.012646,23.977953
4.610142,24.504587
21.969270,8.572783
21.792728,9.026539
22.719262,8.347562
22.351415,8.750030
22.146542,8.120096
23.892797,7.113699
22.820615,8.878523
23.411767,8.580849
23.106725,7.387894
22.730085,7.783057
23.035742,9.544097
22.411045,9.859445
4.839506,23.081528
5.316141,22.980125
4.363759,23.181378
3.082350,24.737836
22.602323,6.728975
22.463747,7.196200
23.331282,6.442927
22.997684,6.874232
22.741537,6.263334
24.398614,5.115860
23.475747,6.963631
24.040443,6.618205
23.637865,5.454317
23.295469,5.879557
23.745103,7.609011
23.148670,7.975010
4.960239,23.521285
5.398256,23.325518
3.523909,24.065782
4.058838,24.180306
3.597483,24.674485
2.492526,24.140679
3.932912,23.713004
3.015913,24.309821
2.571435,24.801928
23.080961,4.839662
22.981138,5.316601
23.783633,4.493622
23.487328,4.951283
23.180164,4.363932
24.738086,3.083112
23.970657,5.001465
24.504663,4.610296
24.007765,3.483201
23.700998,3.936049
24.292661,5.622001
23.728437,6.036031
2.917426,23.402818
3.400132,23.340658
2.434678,23.462247
1.030274,24.907946
23.402232,2.918045
23.341520,3.400396
24.072451,2.514672
23.816462,2.994534
23.461429,2.435148
24.908397,1.031160
24.302100,3.005224
24.800923,2.570721
24.212848,1.489946
23.945800,1.965673
24.673903,3.597249
24.145584,4.054855
3.001429,23.851238
3.453573,23.691090
1.523858,24.274252
2.048268,24.432318
1.546409,24.887646
-0.000000,24.084450
0.974097,23.563952
0.588654,23.578106
1.962240,23.957633
1.460701,23.542642
0.717480,24.360768
1.157721,24.541895
0.513704,24.929348
-0.000000,24.513283
0.537622,23.980472
1.120616,23.974035
23.563193,0.974518
23.541387,1.461311
24.267059,0.000000
23.577968,0.588574
24.385426,0.751044
24.545160,1.216277
23.989933,0.999245
24.928590,0.512565
24.511320,0.000000
24.024645,0.000000
23.943108,0.499269
24.398103,2.047430
