20.840238,-0.000000
20.768516,1.721019
20.555016,3.430098
20.201742,5.115949
19.709965,6.766792
19.083794,8.371352
18.327278,9.918633
17.445627,11.398277
16.445217,12.799732
15.331334,14.114711
14.114298,15.331752
12.799237,16.445761
11.397884,17.446202
9.918531,18.327655
8.371020,19.084079
6.766541,19.710433
5.115701,20.202245
3.430047,20.555610
1.720905,20.769486
0.000000,20.841271
0.000000,22.352430
1.846113,22.275299
3.679205,22.047332
5.487153,21.668033
7.257769,21.140590
8.978631,20.469106
10.638187,19.657713
12.225592,18.712553
13.729069,17.638838
15.138276,16.445066
16.444902,15.138334
17.638632,13.729101
18.712235,12.225613
19.657426,10.638151
20.468863,8.978711
21.140315,7.257677
21.667677,5.486957
22.046784,3.679117
22.274683,1.845741
22.351315,-0.000000
10.658755,17.887835
11.432142,19.185918
10.676125,18.755545
10.289175,18.107838
11.381454,18.261570
10.881397,18.303863
11.028495,17.667246
12.977703,18.176465
11.200202,18.747411
11.829236,18.949236
12.186374,17.813794
11.676736,17.839286
11.922796,18.293101
11.613505,18.602515
11.035213,19.422209
9.808712,20.064253
12.099288,16.946709
11.749262,17.196497
12.852454,17.262564
12.355407,17.345197
12.449553,16.696610
14.434129,17.042709
12.707815,17.760516
13.353910,17.907777
13.615635,16.746685
13.109165,16.815413
12.601743,18.444897
9.912151,19.221692
9.067724,19.602514
13.457496,15.889327
13.129119,16.167669
14.235030,16.142370
13.746081,16.265502
13.786343,15.611015
15.792133,15.792381
14.130818,16.650471
14.786747,16.743982
14.952331,15.564713
14.453247,15.675169
14.081536,17.341196
13.393213,17.245984
10.432162,19.211192
10.223960,19.861153
10.152544,18.761344
9.393546,20.267103
8.118283,20.805747
9.145172,18.706717
9.532119,18.517671
9.377771,19.160345
8.758808,18.895900
9.585746,19.627648
14.723561,14.723842
14.419635,15.027926
15.518179,14.911539
15.041685,15.074678
15.027860,14.419689
17.042354,14.434373
15.457731,15.426421
16.119106,15.465474
16.186228,14.277055
15.698042,14.428219
15.465239,16.119202
14.772397,16.080429
8.303148,20.005769
8.805869,20.026577
8.549209,20.637538
7.423494,20.278499
8.545789,19.547289
7.928498,20.360284
7.687821,20.973513
15.889077,13.457767
15.610896,13.786322
16.697180,13.579166
16.235504,13.781064
16.167594,13.129165
18.176083,12.977942
16.678610,14.097417
17.341112,14.081800
17.310201,12.891746
16.836091,13.082527
16.743763,14.786865
16.049007,14.806081
7.569130,19.398196
7.970162,19.241442
7.781874,19.866320
7.168437,19.554744
8.122834,19.608316
6.372333,21.405225
16.946256,12.099442
16.696446,12.449688
17.761574,12.154017
17.318049,12.393313
17.196453,11.749334
19.185514,11.432448
17.785949,12.671978
18.444749,12.601789
18.315396,11.417956
17.858762,11.647512
17.907512,13.354017
17.217256,13.430136
6.620563,20.616142
7.123034,20.681286
6.815709,21.273191
5.722990,20.822958
6.907746,20.184229
6.221401,20.944057
5.929561,21.536942
17.887337,10.658829
17.667179,11.028649
18.704093,10.645679
18.282084,10.920740
18.107823,10.289213
20.063889,9.808910
18.771458,11.159768
19.422075,11.035286
19.195619,9.866695
18.759496,10.132942
18.949049,11.829519
18.267601,11.962269
5.941422,19.957259
6.354087,19.833983
5.529098,20.080188
4.582905,21.858608
18.706463,9.145303
18.517528,9.532064
19.519452,9.064890
19.121513,9.373816
18.895614,8.758794
20.805385,8.118597
19.628657,9.571682
20.266955,9.393747
19.944841,8.247941
19.532206,8.549301
19.860896,10.224022
19.192485,10.412979
6.110796,20.441443
6.477726,20.214921
4.895602,21.093388
5.390721,21.199473
5.035686,21.763664
3.983781,21.224624
5.216898,20.686125
4.470384,21.386585
4.130892,21.953276
19.397819,7.569324
19.241443,7.970411
20.201446,7.422090
19.830384,7.762772
19.554407,7.168544
21.404810,6.372661
20.352043,7.918179
20.973404,7.688011
20.557893,6.572780
20.171549,6.907149
20.637373,8.549116
19.986942,8.792598
4.273069,20.379874
4.694406,20.291155
3.851963,20.468130
2.762193,22.162182
19.956802,5.941517
19.834002,6.354236
20.745552,5.728517
20.403832,6.098646
20.079744,5.529185
21.858031,4.583131
20.936422,6.210488
21.536763,5.929693
21.030613,4.852679
20.673279,5.217863
21.272833,6.815593
20.644741,7.112002
4.402160,20.876455
4.786103,20.680797
3.137371,21.425998
3.621878,21.572578
3.221304,22.105313
2.217986,21.480824
3.490773,21.046313
2.689385,21.682688
2.304064,22.219320
20.379294,4.273203
20.291017,4.694619
21.147910,3.995508
20.837972,4.392769
20.467383,3.852080
22.161716,2.762310
21.377832,4.460346
21.952868,4.130921
21.359241,3.099031
21.033266,3.492835
21.763218,5.035492
21.161750,5.382914
2.575679,20.663427
3.002741,20.609554
2.148624,20.716556
0.922956,22.314637
20.662720,2.575918
20.609255,3.002891
21.404972,2.235724
21.129487,2.656844
20.715738,2.148819
22.314052,0.923146
21.673082,2.679763
22.218481,2.303839
21.542396,1.325374
21.250188,1.744182
22.104621,3.221208
21.533967,3.616369
2.663811,21.168900
3.062097,21.005047
1.356844,21.610973
1.827928,21.797304
1.384652,22.295746
0.000000,21.387750
0.860310,20.805760
0.520250,20.819275
1.741615,21.263145
1.290481,20.787629
0.639709,21.698985
1.032566,21.906135
0.461182,22.333797
0.000000,21.869222
0.475236,21.271535
0.994347,21.269178
20.804864,0.860444
20.786628,1.290678
21.593557,0.000000
20.818548,0.520231
21.725926,0.669014
21.910624,1.084823
21.285835,0.886578
22.332907,0.460888
21.867942,0.000000
21.319747,0.000000
21.229040,0.440874
21.758788,1.826386
