28.786463,-0.000000
28.684227,2.377269
28.389245,4.736921
27.900642,7.066319
27.221180,9.346601
26.356489,11.562716
25.311525,13.699685
24.093533,15.743148
22.711669,17.678767
21.173609,19.494691
19.492752,21.175376
17.675839,22.714206
15.740827,24.095978
13.699795,25.312339
11.560746,26.356960
9.345200,27.222204
7.064758,27.901176
4.737261,28.389533
2.377181,28.686017
0.000000,28.787987
-0.000000,29.899405
2.471476,29.796183
4.922269,29.491804
7.340678,28.984609
9.709356,28.279282
12.010844,27.381094
14.231696,26.295754
16.354993,25.030973
18.365691,23.594503
20.250600,21.997881
21.998146,20.249623
23.594552,18.364929
25.030717,16.354071
26.295380,14.230619
27.380702,12.011027
28.278996,9.708891
28.984621,7.339784
29.491051,4.923084
29.796923,2.469831
29.898313,-0.000000
14.725062,24.712096
15.295994,25.670844
14.506917,25.484225
14.217853,25.012832
15.485785,24.845934
14.876357,25.024675
15.232916,24.407067
17.363921,24.319929
15.137596,25.337130
15.829633,25.350554
16.557556,24.203439
15.954910,24.374366
16.115233,24.723868
15.668056,25.092211
14.763058,25.987844
13.124527,26.845901
16.714676,23.411722
16.234886,23.753740
17.486306,23.485051
16.890218,23.713194
17.196519,23.067084
19.312677,22.803156
17.175261,24.002611
17.870101,23.957954
18.500117,22.753206
17.911155,22.974878
16.858886,24.680313
13.456139,26.092291
12.317489,26.625083
18.590759,21.950510
18.141194,22.332457
19.366028,21.960969
18.791161,22.236903
19.044163,21.567820
21.129658,21.129831
19.098725,22.502712
19.787214,22.400853
20.316284,21.148005
19.747873,21.417165
18.837716,23.204255
18.101208,23.308664
14.092368,25.951971
13.683755,26.571937
13.868940,25.628340
12.565422,27.118088
10.862166,27.838085
12.633961,25.842083
13.167362,25.582797
12.810437,26.172512
12.104670,26.103616
12.954210,26.523956
20.339833,20.340746
19.923348,20.758192
21.112129,20.286936
20.562575,20.609173
20.758910,19.922163
22.801969,19.313265
20.891592,20.848101
21.569605,20.690375
21.992532,19.398465
21.448574,19.713576
20.689619,21.569796
19.965248,21.733533
11.263351,27.137346
11.891137,27.043591
11.443985,27.609941
10.084730,27.545413
11.671959,26.700992
10.714289,27.510449
10.282728,28.062665
21.949860,18.591944
21.568633,19.042764
22.715639,18.474343
22.194566,18.840841
22.333399,18.139637
24.318913,17.364654
22.541530,19.052089
23.204515,18.838736
23.519658,17.516199
23.003290,17.874774
22.400639,19.787577
21.690551,20.011474
10.456937,26.797983
11.007780,26.580652
10.630332,27.135173
9.907188,27.013703
11.122266,26.848006
8.525117,28.640098
23.410171,16.715213
23.067971,17.196365
24.163704,16.535562
23.674218,16.943648
23.755107,16.234117
25.669438,15.297390
24.037780,17.125818
24.680630,16.858581
24.885432,15.514263
24.400635,15.914226
23.957728,17.870693
23.269183,18.151909
8.982553,27.969536
9.618345,27.930079
9.124522,28.461079
7.774349,28.284514
9.434898,27.571218
8.408036,28.299682
7.930508,28.815788
24.710442,14.725080
24.408768,15.233426
25.446201,14.484085
24.992423,14.930668
25.014371,14.217503
26.844996,13.124991
25.369786,15.082279
25.988228,14.762926
26.081497,13.406646
25.631589,13.844924
25.351367,15.831407
24.688843,16.168347
8.208417,27.570086
8.775963,27.398317
7.642395,27.739782
6.130438,29.246679
25.842309,12.634291
25.583252,13.166268
26.555424,12.333402
26.140319,12.816043
26.102505,12.103508
27.837277,10.863513
26.528398,12.936040
27.118505,12.566280
27.099571,11.207264
26.687275,11.681027
26.572112,13.683645
25.939151,14.074785
8.348222,27.921379
8.868419,27.676176
6.642104,28.616741
7.278399,28.629381
6.743035,29.117567
5.411938,28.830321
7.125191,28.256253
6.041850,28.897404
5.524317,29.372499
26.797480,10.457205
26.582957,11.008760
27.483064,10.098413
27.109599,10.613614
27.012846,9.907022
28.639279,8.527592
27.506115,10.701461
28.063539,10.283866
27.932324,8.931245
27.560873,9.437116
27.611223,11.442729
27.012867,11.884728
5.903483,28.154007
6.483029,28.029595
5.325188,28.275773
3.693401,29.652211
27.569495,8.207783
27.401369,8.776419
28.223688,7.794616
27.893264,8.338196
27.738961,7.642222
29.245696,6.132400
28.295642,8.393366
28.816859,7.931432
28.574271,6.593724
28.246357,7.129038
28.461660,9.123051
27.902122,9.613428
6.014218,28.515221
6.552597,28.314135
4.256483,29.067347
4.889029,29.132994
4.315755,29.575456
3.012758,29.177844
4.767933,28.748525
3.635643,29.297372
3.081356,29.729172
28.153587,5.903490
28.032272,6.483710
28.770610,5.436085
28.487656,6.005616
28.273608,5.325567
29.653288,3.695551
28.892326,6.028564
29.373131,5.524324
29.022131,4.210589
28.737868,4.772899
29.118225,6.741438
28.601078,7.275943
3.559323,28.546225
4.145719,28.469201
2.972162,28.617756
1.234911,29.855689
28.545757,3.560354
28.471760,4.146094
29.120062,3.042512
28.887366,3.632268
28.617164,2.972902
29.857908,1.236946
29.292253,3.623048
29.727976,3.079724
29.269013,1.801722
29.035025,2.384067
29.575507,4.314997
29.103470,4.887652
3.639237,28.915751
4.191915,28.757712
1.841155,29.319951
2.466810,29.436885
1.855250,29.831922
0.000000,29.179883
1.188489,28.742329
0.718224,28.758866
2.379289,29.045354
1.779688,28.716234
0.864797,29.406158
1.395459,29.549639
0.613613,29.881534
0.000000,29.534798
0.655125,29.092168
1.358641,29.079168
28.742092,1.189255
28.714878,1.781031
29.330498,0.000000
28.759684,0.718077
29.427924,0.906368
29.551511,1.466229
29.094633,1.211333
29.881130,0.611084
29.532592,0.000000
29.131215,0.000000
29.062319,0.609142
29.408657,2.467260
