27.337044,-0.000000
27.239991,2.257479
26.959846,4.498414
26.495867,6.710411
25.850627,8.875831
25.029460,10.980383
24.037119,13.009751
22.880476,14.950327
21.568204,16.788492
20.107527,18.513035
18.511304,20.109124
16.785931,21.570464
14.948289,22.882691
13.009819,24.037906
10.978706,25.029873
8.874658,25.851577
6.709118,26.496388
4.498745,26.960138
2.257365,27.241648
-0.000000,27.338507
-0.000000,28.506814
2.356171,28.408092
4.693014,28.117865
6.998712,27.634279
9.256997,26.961801
11.451280,26.105468
13.568555,25.070717
15.592892,23.864951
17.510000,22.495388
19.307113,20.973101
20.973275,19.306323
22.495390,17.509345
23.864636,15.592130
25.070360,13.567607
26.105155,11.451380
26.961574,9.256480
27.634285,6.997808
28.117240,4.693540
28.408676,2.354587
28.505560,-0.000000
13.983102,23.467078
14.582906,24.474144
13.803889,24.249300
13.501024,23.752996
14.732859,23.638129
14.144768,23.794023
14.465925,23.177282
16.554435,23.186261
14.413636,24.125485
15.091316,24.169287
15.755257,23.030684
15.171224,23.177328
15.344287,23.541373
14.922049,23.898090
14.075234,24.776157
12.512581,25.594471
15.872541,22.232180
15.416398,22.557383
16.636225,22.343543
16.059716,22.547097
16.330531,21.904709
18.412350,21.740150
16.353834,22.854858
17.036663,22.841480
17.603668,21.650725
17.031508,21.846575
16.073389,23.529554
12.805502,24.830842
11.721008,25.335975
17.654130,20.844569
17.226658,21.207723
18.424725,20.893536
17.867184,21.143376
18.085022,20.480898
20.144632,20.144888
18.185274,21.426653
18.864406,21.356976
19.331815,20.123242
18.777980,20.365364
17.960043,22.122182
17.235407,22.193829
13.419093,24.712269
13.045254,25.333568
13.188038,24.370427
11.980145,25.853744
10.355674,26.540388
11.997359,24.540243
12.504294,24.293648
12.181563,24.888087
11.494171,24.788610
12.334801,25.255921
19.315068,19.315911
18.919132,19.712741
20.085884,19.300852
19.551498,19.595653
19.713410,18.918128
21.739068,18.412917
19.892462,19.851212
20.563776,19.726215
20.926879,18.458475
20.395178,18.745408
19.725561,20.563847
19.010302,20.694017
10.719691,25.827789
11.323585,25.752817
10.909812,26.323290
9.596235,26.211521
11.099235,25.390461
10.202038,26.195676
9.803917,26.754355
20.843999,17.655152
20.481582,18.083785
21.611542,17.576326
21.103243,17.914242
21.208563,17.225385
23.185291,16.555140
21.463514,18.141050
22.122474,17.960962
22.380006,16.667404
21.873574,16.996914
21.356756,18.864661
20.653099,19.054276
9.929927,25.447886
10.453694,25.241513
10.108509,25.803650
9.407452,25.652855
10.573337,25.522915
8.127726,27.304993
22.230761,15.872988
21.905425,16.330407
22.989213,15.731792
22.510182,16.110319
22.558601,15.415764
24.472894,14.584165
22.888260,16.306861
23.529867,16.073095
23.679623,14.762408
23.202296,15.132617
22.841245,17.037105
22.156274,17.283634
8.548787,26.619288
9.159285,26.596743
8.698430,27.134710
7.397814,26.914880
8.971931,26.217990
8.005970,26.947126
7.561269,27.472476
23.465523,13.983112
23.178730,14.466347
24.209367,13.779957
23.763550,14.196315
23.754401,13.500684
25.593622,12.513054
24.156576,14.361022
24.776543,14.075101
24.817733,12.756911
24.372789,13.164936
24.169908,15.092837
23.508024,15.394900
7.794688,26.181125
8.334238,26.018080
7.256773,26.342296
5.844736,27.883269
24.540337,11.997646
24.294090,12.503312
25.264701,11.733829
24.854967,12.185651
24.787737,11.493183
26.539634,10.356962
25.259771,12.317415
25.854164,11.980907
25.786451,10.664093
25.376641,11.107328
25.333668,13.045137
24.698520,13.401439
7.938314,26.551228
8.430901,26.310440
6.321336,27.235278
6.931107,27.262683
6.427923,27.760554
5.149792,27.434219
6.775588,26.869435
5.752928,27.516274
5.267198,28.003275
25.447360,9.930225
25.243480,10.454556
26.147259,9.607495
25.776569,10.091495
25.652164,9.407327
27.304255,8.129896
26.190731,10.189682
26.755165,9.804902
26.578880,8.498370
26.207319,8.973623
26.324300,10.908677
25.720899,11.316130
5.605913,26.735616
6.156796,26.617566
5.056317,26.851255
3.521504,28.269902
26.180533,7.794221
26.020674,8.334625
26.851824,7.415612
26.521748,7.928038
26.341586,7.256606
27.882357,5.846456
26.942526,7.991965
27.473422,7.562103
27.189735,6.274116
26.859162,6.778920
27.135051,8.697177
26.567582,9.153435
5.718886,27.115950
6.229314,26.916879
4.050957,27.664164
4.655891,27.742299
4.113676,28.197027
2.866823,27.764931
4.533935,27.337550
3.461675,27.897093
2.937942,28.343296
26.735137,5.605979
26.619825,6.157443
27.372228,5.171826
27.086809,5.710210
26.849359,5.056628
28.270813,3.523244
27.510626,5.740228
28.003794,5.267291
27.615753,4.006581
27.326583,4.538407
27.760972,6.426544
27.233075,6.927832
3.379804,27.107985
3.937298,27.035056
2.821847,27.176121
1.177365,28.464007
27.107505,3.380740
27.037195,3.937643
27.704641,2.894516
27.466792,3.453549
27.175460,2.822530
28.465794,1.179105
27.891352,3.449600
28.342152,2.936581
27.850895,1.714245
27.609121,2.266806
28.196859,4.113107
27.711537,4.653803
3.460501,27.496719
3.985124,27.338591
1.752061,27.904407
2.349277,28.031615
1.768343,28.441316
0.000000,27.751753
1.128470,27.294338
0.681891,27.310087
2.262377,27.619783
1.690587,27.269478
0.823463,27.990440
1.328716,28.143267
0.585517,28.488597
0.000000,28.124755
0.622240,27.660196
1.291988,27.648948
27.293962,1.129165
27.268143,1.691713
27.910169,0.000000
27.310688,0.681769
28.012908,0.862805
28.145478,1.396044
27.664474,1.151968
28.488115,0.583362
28.122563,0.000000
27.700436,0.000000
27.628495,0.578404
28.001947,2.349360
