26.619833,0.000000
26.525386,2.198223
26.252592,4.380417
25.800806,6.534320
25.172502,8.642909
24.372870,10.692258
23.406567,12.668385
22.280281,14.558054
21.002441,16.347998
19.580056,18.027324
18.025707,19.581555
16.345631,21.004552
14.556168,22.282365
12.668433,23.407334
10.690725,24.373257
8.641846,25.173414
6.533155,25.801323
4.380731,26.252895
2.198097,26.526980
0.000000,26.621269
-0.000000,27.819857
2.299279,27.723387
4.579905,27.440133
6.830011,26.968193
9.033845,26.311917
11.175251,25.476228
13.241433,24.466428
15.216963,23.289768
17.087901,21.953214
18.841708,20.467596
20.467726,18.841010
21.953192,17.087307
23.289430,15.216284
24.466078,13.240560
25.475948,11.175322
26.311711,9.033320
26.968189,6.829123
27.439560,4.580303
27.723880,2.297748
27.818535,-0.000000
13.615996,22.851042
14.231156,23.883826
13.456572,23.639225
13.146345,23.129646
14.360855,23.041367
13.783137,23.185685
14.086406,22.568810
16.155134,22.627031
14.056160,23.527207
14.727125,23.586580
15.358911,22.451329
14.783874,22.585656
14.963624,22.957497
14.553751,23.308583
13.735925,24.178457
12.210723,24.977151
15.455867,21.648552
15.011422,21.965434
16.216218,21.779546
15.649199,21.970675
15.902029,21.329584
17.968235,21.215781
15.948234,22.288128
16.625540,22.290736
17.160802,21.106088
16.596725,21.288885
15.685898,22.961910
12.484099,24.207728
11.426339,24.699165
17.190702,20.297366
16.774156,20.651209
17.959651,20.366140
17.410462,20.602832
17.610423,19.943109
19.658737,19.659026
17.734234,20.895324
18.409198,20.842040
18.845468,19.616994
18.298591,19.845484
17.527094,21.588421
16.807914,21.643361
13.086683,24.100173
12.730293,24.722696
12.851506,23.748679
11.691428,25.230072
10.105848,25.900244
11.682384,23.896101
12.176187,23.655803
11.870737,24.253223
11.192103,24.137948
12.028958,24.629801
18.808035,18.808831
18.422258,19.195455
19.578844,18.813643
19.051719,19.094658
19.196084,18.421353
21.214756,17.968788
19.399117,19.358975
20.067611,19.250601
20.400425,17.994107
19.874516,18.266866
19.249996,20.067635
18.538791,20.180739
10.451159,25.180936
11.043376,25.115540
10.646301,25.688599
9.354918,25.552579
10.816164,24.742720
9.949106,25.546484
9.567719,26.108994
20.296838,17.191640
19.943722,17.609282
21.066032,17.132632
20.563799,17.456215
20.651985,16.773031
22.626094,16.155817
20.931216,17.691205
21.588717,17.527958
21.816996,16.248089
21.315188,16.563012
20.841816,18.409407
20.140849,18.581645
9.669184,24.779869
10.179517,24.578930
9.850589,25.145515
9.160189,24.979511
10.301951,24.867817
7.931714,26.646401
21.647208,15.456269
21.330210,15.901927
22.408926,15.334660
21.934793,15.698399
21.966562,15.010861
23.882656,14.232341
22.320656,15.902485
22.962209,15.685617
23.083929,14.390983
22.609990,14.746292
22.290495,16.625915
21.606765,16.854912
8.334532,25.952328
8.932644,25.938443
8.488242,26.480421
7.211802,26.238282
8.743107,25.549141
7.807441,26.279277
7.379128,26.809847
22.849554,13.616000
22.570120,14.086789
23.598275,13.432056
23.156111,13.833319
23.130960,13.146019
24.976337,12.211195
23.557522,14.004888
24.178832,13.735796
24.193409,12.435934
23.750597,12.828840
23.587107,14.728515
22.924983,15.013000
7.589996,25.493877
8.115654,25.335164
7.065971,25.650826
5.703819,27.210719
23.896140,11.682650
23.656225,12.175273
24.626982,11.437586
24.219608,11.874046
24.137182,11.191207
25.899524,10.107089
24.633354,12.011959
25.230475,11.692140
25.137744,10.395761
24.728829,10.823769
24.722755,12.730176
24.085945,13.068964
7.735714,25.873996
8.214593,25.635259
6.162898,26.552900
6.759650,26.587917
6.272481,27.091150
5.020289,26.744546
6.602796,26.183989
5.610262,26.834322
5.140364,27.327865
24.779340,9.669492
24.580718,10.180320
25.487268,9.364933
25.117641,9.833414
24.978894,9.160087
26.645705,7.933722
25.541226,9.936982
26.109756,9.568625
25.910253,8.284523
25.538292,8.744541
25.689475,10.645242
25.082975,11.035376
5.458693,26.033807
5.995363,25.918922
4.923287,26.146412
3.436717,27.588043
25.493290,7.589608
25.337519,8.116007
26.174015,7.228348
25.843795,7.725300
25.650167,7.065816
27.209843,5.705411
26.274389,7.793769
26.810719,7.379907
26.505751,6.116233
26.173505,6.605872
26.480651,8.487104
25.908637,8.926308
5.572914,26.424328
6.069483,26.226117
3.949436,26.971065
4.540791,27.055684
4.014005,27.517053
2.794732,27.066958
4.418285,26.640158
3.375770,27.205693
2.867196,27.659662
26.033303,5.458784
25.920962,5.995985
26.681318,5.041256
26.394353,5.564197
26.144649,4.923565
27.588853,3.438261
26.828378,5.597852
27.328315,5.140487
26.920974,3.905795
26.629019,4.422508
27.091451,6.271217
26.557607,6.755949
3.290987,26.396359
3.834155,26.325472
2.747475,26.462817
1.148974,27.777522
26.395868,3.291872
26.327388,3.834486
27.005320,2.821388
26.764573,3.365223
26.462122,2.748124
27.779076,1.150561
27.199617,3.363956
27.658544,2.865965
27.150319,1.671040
26.904317,2.208857
27.516788,4.013518
27.024253,4.538348
3.372163,26.795327
3.882890,26.637025
1.708071,27.205198
2.291250,27.337806
1.725484,27.755334
0.000000,27.045977
1.098790,26.577881
0.663938,26.593270
2.204607,26.915168
1.646473,26.553656
0.803049,27.291211
1.295758,27.448970
0.571660,27.801492
-0.000000,27.428595
0.605975,26.952337
1.259033,26.941975
26.577432,1.099444
26.552332,1.647496
27.208545,0.000000
26.593749,0.663825
27.314052,0.841283
27.451359,1.361388
26.957543,1.122611
27.800965,0.569692
27.426421,0.000000
26.993229,0.000000
26.919654,0.563198
27.307364,2.291155
