21.627102,-0.000000
21.552019,1.785975
21.330471,3.559429
20.963763,5.308981
20.453404,7.022117
19.803632,8.687220
19.018557,10.292847
18.103585,11.828278
17.065398,13.282607
15.909521,14.647182
14.646577,15.910113
13.281822,17.066196
11.827660,18.104418
10.292770,19.019005
8.686710,19.803894
7.021754,20.453935
5.308608,20.964260
3.559427,21.331009
1.785825,21.553126
0.000000,21.628266
-0.000000,23.088043
1.907134,23.008099
3.800438,22.772703
5.667829,22.380946
7.496715,21.836188
9.274113,21.142634
10.988385,20.304573
12.627964,19.328282
14.180869,18.219173
15.636425,16.986136
16.986007,15.636378
18.218990,14.180803
19.327929,12.627889
20.304282,10.988215
21.142434,9.274182
21.835977,7.496513
22.380688,5.667478
22.772209,3.800341
23.007646,1.906502
23.086751,0.000000
11.061247,18.563421
11.808658,19.817926
11.052277,19.416213
10.678035,18.791375
11.784703,18.908528
11.274833,18.965838
11.444753,18.334365
13.405125,18.775194
11.585822,19.392807
12.219032,19.573095
12.615517,18.441125
12.097901,18.482667
12.333335,18.922868
12.010221,19.237495
11.398588,20.062016
10.131829,20.725200
12.556118,17.586683
12.193203,17.845614
13.307696,17.873879
12.801967,17.972370
12.919495,17.327163
14.909525,17.604098
13.145343,18.371824
13.794007,18.497408
14.095205,17.336346
13.581874,17.421749
13.016696,19.052507
10.259958,19.895951
9.386755,20.291859
13.965581,16.489250
13.625165,16.777935
14.739099,16.713986
14.242855,16.853559
14.306894,16.200593
16.312257,16.312550
14.617345,17.223604
15.274028,17.295282
15.478960,16.112845
14.974442,16.240429
14.545057,17.912477
13.854187,17.839665
10.790440,19.871177
10.561105,20.515194
10.518314,19.437361
9.702704,20.934733
8.385595,21.491113
9.490489,19.413056
9.892098,19.216974
9.715635,19.850695
9.089974,19.609419
9.915599,20.303056
15.279460,15.279812
14.964377,15.595180
16.067721,15.439644
15.585348,15.619707
15.595244,14.964290
17.603623,14.909838
15.989892,15.957393
16.650264,15.974677
16.756288,14.779848
16.264129,14.948511
15.974391,16.650291
15.280858,16.634003
8.593518,20.705484
9.107839,20.713407
8.831307,21.317064
7.684724,20.991869
8.853495,20.251457
8.201310,21.060496
7.940739,21.664323
16.488979,13.965935
16.200582,14.306685
17.288441,14.060070
16.822318,14.279334
16.778009,13.625071
18.774703,13.405453
17.252794,14.582636
17.912500,14.545421
17.919844,13.345735
17.443203,13.554264
17.295057,15.274119
16.601407,15.315806
7.854908,20.130697
8.270936,19.967880
8.062243,20.581872
7.439494,20.293128
8.418494,20.321814
6.582049,22.110299
17.586073,12.556281
17.327101,12.919600
18.390537,12.584478
17.943978,12.841398
17.845773,12.193192
19.817407,11.809123
18.398231,13.108149
19.052452,13.016672
18.960472,11.820105
18.502776,12.067512
18.497133,13.794108
17.809850,13.892501
6.852275,21.337642
7.367235,21.390856
7.040670,21.973748
5.924355,21.555417
7.156503,20.911392
6.435543,21.664378
6.124575,22.246232
18.562745,11.061279
18.334503,11.444926
19.366490,11.022791
18.942928,11.315626
18.791605,10.677994
20.724771,10.132101
19.417709,11.543918
20.062003,11.398621
19.871735,10.214237
19.436057,10.498348
19.572995,12.219467
18.896373,12.374140
6.165761,20.710847
6.593922,20.582673
5.738234,20.838393
4.733637,22.578586
19.412845,9.490626
19.216963,9.891886
20.210746,9.386026
19.812757,9.712804
19.609135,9.089828
21.490716,8.386108
20.304446,9.901176
20.934714,9.702994
20.647342,8.538475
20.236634,8.857591
20.514976,10.561127
19.853164,10.771574
6.331004,21.177799
6.713369,20.950177
5.066905,21.831555
5.575443,21.926728
5.202023,22.480388
4.123964,21.971225
5.404734,21.431278
4.624300,22.122076
4.266711,22.676238
20.130300,7.855149
19.968182,8.271284
20.916858,7.685056
20.547277,8.043504
20.292807,7.439578
22.109876,6.582652
21.052746,8.190766
21.664410,7.941044
21.281961,6.804330
20.899019,7.156190
21.317047,8.831057
20.674990,9.095405
4.434397,21.149434
4.871520,21.057057
3.997713,21.240978
2.852911,22.892052
20.710381,6.165820
20.583080,6.594098
21.480245,5.931501
21.141432,6.319194
20.837963,5.738288
22.577981,4.734088
21.657196,6.424256
22.246273,6.124818
21.771259,5.023575
21.418845,5.406000
21.973442,7.040415
21.355438,7.356946
4.560816,21.628427
4.960222,21.432988
3.247132,22.175711
3.745864,22.312616
3.327879,22.833394
2.295944,22.236355
3.616476,21.804499
2.782068,22.428330
2.379846,22.951176
21.148857,4.434553
21.057278,4.871820
21.896804,4.137035
21.591343,4.551586
21.240105,3.997850
22.891804,2.853198
22.113770,4.613935
22.675987,4.266790
22.111608,3.208159
21.791775,3.618859
22.480022,5.201669
21.890250,5.568287
2.673013,21.443741
3.115955,21.387467
2.230077,21.498642
0.953376,23.049545
21.443060,2.673385
21.387516,3.116155
22.162844,2.314972
21.893568,2.752858
21.497795,2.230373
23.049223,0.953765
22.419295,2.772137
22.950269,2.379469
22.300967,1.372121
22.016618,1.807151
22.832709,3.327744
22.275217,3.740807
2.759780,21.931557
3.173439,21.768996
1.404232,22.367395
1.890455,22.545090
1.430491,23.030279
0.000000,22.154343
0.892678,21.591456
0.539672,21.605098
1.804322,22.029253
1.338977,21.572351
0.661800,22.454864
1.068077,22.654067
0.476090,23.069330
0.000000,22.619614
0.492985,22.041931
1.030267,22.038341
21.590550,0.892904
21.571226,1.339306
22.352932,0.000000
21.604507,0.539630
22.481047,0.692314
22.658121,1.122102
22.054692,0.918647
23.068434,0.475543
22.618039,0.000000
22.088846,0.000000
22.000964,0.457495
22.507876,1.889118
