21.650031,-0.000000
21.574851,1.787868
21.353068,3.563199
20.985969,5.314608
20.475069,7.029559
19.824609,8.696428
19.038703,10.303756
18.122760,11.840813
17.083472,13.296684
15.926372,14.662705
14.662090,15.926974
13.295887,17.084284
11.840186,18.123607
10.303678,19.039160
8.695911,19.824880
7.029192,20.475612
5.314231,20.986477
3.563198,21.353616
1.787717,21.575973
0.000000,21.651209
-0.000000,23.109539
1.908916,23.029513
3.803979,22.793900
5.673108,22.401779
7.503695,21.856515
9.282746,21.162316
10.998616,20.323474
12.639719,19.346274
14.194068,18.236131
15.650976,17.001946
17.001813,15.650931
18.235943,14.194001
19.345914,12.639642
20.323176,10.998443
21.162107,9.282814
21.856296,7.503490
22.401513,5.672752
22.793397,3.803883
23.029055,1.908278
23.108231,0.000000
11.072977,18.583117
11.819657,19.836394
11.063254,19.435497
10.689369,18.811303
11.796469,18.927410
11.286309,18.985151
11.456885,18.353813
13.417611,18.792689
11.597079,19.411652
12.230419,19.591324
12.628039,18.459436
12.110186,18.501438
12.345319,18.941257
12.021803,19.256038
11.409203,20.080712
10.141269,20.744513
12.569432,17.605341
12.206142,17.864537
13.320979,17.891721
12.814992,17.990668
12.933192,17.345546
14.923412,17.620501
13.158115,18.389674
13.806864,18.514636
14.109199,17.353558
13.595662,17.439440
13.028818,19.070261
10.270108,19.915633
9.396065,20.311981
13.980389,16.506740
13.639622,16.795726
14.753806,16.730669
14.257344,16.870716
14.322065,16.217781
16.327451,16.327748
14.631548,17.240339
15.288262,17.311390
15.494327,16.128844
14.989645,16.256921
14.558597,17.929170
13.867643,17.857000
10.800900,19.890449
10.570954,20.534305
10.528984,19.457086
9.711735,20.954242
8.393404,21.511141
9.500553,19.433649
9.902589,19.237362
9.725491,19.870838
9.099627,19.630221
9.925229,20.322778
15.295661,15.296020
14.980254,15.611716
16.083755,15.455056
15.601205,15.635608
15.611779,14.980167
17.620018,14.923730
16.005426,15.972897
16.665779,15.989555
16.772922,14.794523
16.280641,14.963691
15.989264,16.665809
15.295701,16.650167
8.601993,20.725911
9.116655,20.733464
8.839548,21.336920
7.692347,21.012693
8.862471,20.272003
8.209274,21.080943
7.948127,21.684509
16.506463,13.980750
16.217767,14.321855
17.305692,14.074105
16.839433,14.293870
16.795798,13.639528
18.792188,13.417944
17.269554,14.596803
17.929190,14.558966
17.937633,13.358986
17.460911,13.568028
17.311161,15.288356
16.617532,15.330689
7.863237,20.152052
8.279702,19.989059
8.070422,20.602751
7.447395,20.314655
8.427117,20.342629
6.588176,22.130902
17.604719,12.569599
17.345480,12.933298
18.408887,12.597040
17.962233,12.854471
17.864696,12.206132
19.835864,11.820128
18.416103,13.120884
19.070202,13.028793
18.979293,11.831842
18.521559,12.079765
18.514355,13.806966
17.827147,13.906001
6.859038,21.358705
7.374365,21.411577
7.047242,21.994219
5.930231,21.576799
7.163760,20.932610
6.441794,21.685412
6.130272,22.266959
18.582427,11.073011
18.353950,11.457061
19.385815,11.033796
18.962201,11.327146
18.811531,10.689327
20.744073,10.141543
19.436571,11.555133
20.080694,11.409236
19.891461,10.224380
19.455788,10.509009
19.591220,12.230860
18.914726,12.386165
6.172300,20.732817
6.600912,20.604502
5.744329,20.860498
4.738041,22.599625
19.433430,9.500693
19.237345,9.902374
20.230913,9.395397
19.832916,9.722693
19.629927,9.099477
21.510733,8.393923
20.324170,9.910796
20.954218,9.712029
20.667838,8.546954
20.257178,8.866585
20.534080,10.570976
19.872448,10.782044
6.337428,21.199285
6.720241,20.971628
5.071905,21.853104
5.580836,21.947967
5.206882,22.501332
4.128055,21.993019
5.410213,21.453021
4.628794,22.143554
4.270679,22.697365
20.151645,7.863481
19.989359,8.280054
20.937729,7.692730
20.568184,8.051693
20.314324,7.447479
22.130469,6.588787
21.073196,8.198724
21.684592,7.948436
21.303086,6.811088
20.920235,7.163455
21.336898,8.839294
20.695072,9.104245
4.439099,21.171870
4.876682,21.079387
4.001962,21.263510
2.855562,22.913381
20.732340,6.172359
20.604908,6.601089
21.501678,5.937425
21.162942,6.325627
20.860058,5.744383
22.599008,4.738499
21.678233,6.430496
22.266996,6.130519
21.792868,5.028563
21.440589,5.411488
21.993904,7.046983
21.376181,7.364098
4.565444,21.650369
4.965300,21.454934
3.250336,22.197598
3.749484,22.334228
3.330993,22.854670
2.298219,22.258410
3.620143,21.826622
2.784774,22.450104
2.382059,22.972563
21.171282,4.439256
21.079607,4.876985
21.918651,4.141165
21.613313,4.556219
21.262622,4.002100
22.913128,2.855854
22.135249,4.618419
22.697107,4.270759
22.133559,3.211344
21.813897,3.622535
22.500957,5.206524
21.911512,5.573699
2.675850,21.466491
3.119255,21.410148
2.232452,21.521445
0.954264,23.071021
21.465799,2.676226
21.410195,3.119456
22.184954,2.317285
21.915851,2.755659
21.520586,2.232750
23.070695,0.954660
22.441074,2.774834
22.971642,2.381679
22.323100,1.373485
22.038970,1.808988
22.853974,3.330857
22.296852,3.744440
2.762580,21.953811
3.176686,21.791284
1.405615,22.389477
1.892281,22.566928
1.431830,23.051743
0.000000,22.176713
0.893622,21.614363
0.540239,21.628009
1.806152,22.051608
1.340391,21.595230
0.662445,22.476932
1.069114,22.675910
0.476525,23.090823
0.000000,22.641527
0.493503,22.064408
1.031315,22.060783
21.613446,0.893850
21.594091,1.340723
22.375089,0.000000
21.627411,0.540197
22.503083,0.692994
22.679941,1.123191
22.077115,0.919582
23.089917,0.475971
22.639934,0.000000
22.111276,0.000000
22.023474,0.457980
22.529740,1.890950
