28.226010,-0.000000
28.125766,2.330942
27.836519,4.644689
27.357435,6.928691
26.691204,9.164556
25.843343,11.337533
24.818727,13.432894
23.624458,15.436571
22.269504,17.334506
20.761366,19.115096
19.113236,20.763068
17.331719,22.271934
15.434358,23.626815
13.432989,24.819529
11.335677,25.843786
9.163246,26.692195
6.927236,27.357956
4.645030,27.836799
2.330845,28.127498
0.000000,28.227504
-0.000000,29.360271
2.426840,29.258781
4.833520,28.959885
7.208292,28.461829
9.534231,27.769221
11.794214,26.887238
13.974966,25.821484
16.059949,24.579552
18.034415,23.168984
19.885335,21.601140
21.601373,19.884427
23.169019,18.033690
24.579276,16.059087
25.821121,13.973935
26.886883,11.794360
27.768965,9.533740
28.461847,7.207388
28.959190,4.834219
29.259472,2.425212
29.359119,0.000000
14.438153,24.230665
15.019924,25.207547
14.234903,25.006404
13.940665,24.525666
15.194476,24.378632
14.593355,24.548621
14.936337,23.931519
17.050531,23.881036
14.857428,24.868226
15.543795,24.893232
16.247129,23.749671
15.651746,23.911300
15.816878,24.266243
15.379337,24.630053
14.496776,25.518741
12.887614,26.361416
16.389032,22.955607
15.918388,23.291123
17.157409,23.043398
16.568951,23.262110
16.861659,22.617604
18.964120,22.391618
16.857374,23.558434
17.547441,23.525716
18.153264,22.326628
17.570869,22.538400
16.554791,24.234798
13.204388,25.604187
12.086698,26.126287
18.228576,21.522853
17.787556,21.897537
19.001835,21.547974
18.433734,21.813890
18.673284,21.147517
20.748310,20.748515
18.745225,22.086280
19.429955,21.996723
19.935374,20.751500
19.372676,21.010282
18.497932,22.785332
17.766143,22.877223
13.831803,25.472199
13.436563,26.092507
13.605532,25.141721
12.338838,26.628598
10.666075,27.335688
12.387793,25.338676
12.910972,25.084293
12.567159,25.675641
11.868598,25.595121
12.714501,26.033229
19.943568,19.944454
19.535032,20.353930
20.715072,19.905418
20.171457,20.217110
20.354638,19.533911
22.390474,18.964699
20.504934,20.462307
21.180206,20.317107
21.580210,19.034760
21.041075,19.339046
20.316393,21.180344
19.595685,21.331241
11.052984,26.630620
11.671487,26.544042
11.237188,27.111819
9.895719,27.029292
11.450401,26.194013
10.516049,27.001632
10.097362,27.556154
21.522237,18.229696
21.148286,18.671941
22.288462,18.126897
21.772407,18.482401
21.898447,17.786104
23.880039,17.051254
22.124345,18.699519
22.785611,18.498913
23.078704,17.187779
22.566268,17.535178
21.996509,19.430272
21.289058,19.641039
10.253144,26.275916
10.793529,26.062818
10.428468,26.620078
9.713947,26.487481
10.909936,26.335443
8.371264,28.123218
22.954108,16.389533
22.618430,16.861512
23.709291,16.224582
23.223931,16.621287
23.292442,15.917667
25.206204,15.021268
23.592923,16.808883
24.235121,16.554487
24.418882,15.223352
23.937067,15.611864
23.525491,17.547971
22.838489,17.815887
8.814710,27.447066
9.440681,27.414061
8.959565,27.947582
7.628659,27.754563
9.255800,27.047723
8.252438,27.776244
7.787559,28.295727
24.229048,14.438167
23.933130,14.936810
24.967668,14.211657
24.517056,14.646595
24.527166,13.940315
26.360535,12.888083
24.900282,14.803154
25.519135,14.496641
25.592523,13.155248
25.144633,13.581873
24.893975,15.545472
24.231868,15.869023
8.048429,27.032991
8.605161,26.864591
7.493281,27.199392
6.019825,28.718839
25.338854,12.388105
25.084752,12.909916
26.056042,12.101427
25.643104,12.572185
25.594110,11.867500
27.334904,10.667403
26.037448,12.696633
26.629027,12.339659
26.591500,10.997098
26.180267,11.459093
26.092659,13.436448
25.459030,13.814201
8.189650,27.391343
8.699185,27.147888
6.517984,28.082193
7.143991,28.100450
6.621042,28.592207
5.310508,28.290128
6.989947,27.719762
5.930040,28.362906
5.424775,28.842405
26.275407,10.253425
26.065001,10.794462
26.966240,9.908478
26.593941,10.411639
26.486696,9.713795
28.122435,8.373625
26.997070,10.503403
27.557014,10.098441
27.408651,8.763756
27.037262,9.257813
27.113001,11.235972
26.512879,11.664681
5.788412,27.605531
6.356885,27.483574
5.221218,27.724929
3.626850,29.117050
27.032403,8.047859
26.867475,8.605589
27.692912,7.647980
27.362719,8.179531
27.198621,7.493107
28.717888,6.021696
27.771996,8.238023
28.296759,7.788452
28.038567,6.470058
27.709734,6.993594
27.948074,8.958175
27.385659,9.435411
5.899970,27.973919
6.427549,27.773654
4.176957,28.524392
4.798800,28.594776
4.237518,29.041806
2.956292,28.631145
4.677410,28.202690
3.568320,28.755460
3.025835,29.192635
27.605093,5.788443
27.486099,6.357554
28.229575,5.333844
27.945767,5.891340
27.722874,5.221570
29.118074,3.628839
28.357617,5.916980
28.843004,5.424819
28.477978,4.131655
28.191925,4.682186
28.592777,6.619527
28.071665,7.141224
3.489903,27.990072
4.065130,27.914628
2.914037,28.060291
1.212633,29.316900
27.989608,3.490898
27.917035,4.065494
28.572432,2.985254
28.337850,3.563128
28.059678,2.914756
29.318964,1.214557
28.750115,3.555924
29.191465,3.024309
28.720316,1.767872
28.483431,2.338702
29.041775,4.236837
28.564796,4.797149
3.570092,28.366805
4.111926,28.208771
1.806676,28.772215
2.421322,28.893025
1.821601,29.293558
0.000000,28.627383
1.165275,28.182408
0.704168,28.198631
2.334057,28.493876
1.745242,28.156784
0.848802,28.858334
1.369631,29.005336
0.602735,29.342260
0.000000,28.989089
0.642407,28.538237
1.332860,28.525910
28.182125,1.166016
28.155442,1.746500
28.780932,0.000000
28.199376,0.704031
28.880370,0.889513
29.007342,1.439068
28.541401,1.188373
29.341834,0.600350
28.986892,0.000000
28.577733,0.000000
28.507698,0.597256
28.864266,2.421629
