28.936463,0.000000
28.833696,2.389669
28.537179,4.761606
28.046030,7.103153
27.363026,9.395321
26.493830,11.622981
25.443420,13.771085
24.219078,15.825196
22.830011,17.770900
21.283943,19.596280
19.594327,21.285719
17.767940,22.832568
15.822852,24.221536
13.771203,25.444226
11.620984,26.494296
9.393899,27.364045
7.101565,28.046553
4.761946,28.537456
2.389583,28.835487
-0.000000,28.937981
0.000000,30.043816
2.483431,29.940132
4.946041,29.634285
7.376140,29.124641
9.756268,28.415907
12.068875,27.513380
14.300468,26.422792
16.434029,25.151892
18.454433,23.708484
20.348448,22.104154
22.104435,20.347447
23.708545,18.453657
25.151650,16.433088
26.422426,14.299377
27.512989,12.069066
28.415626,9.755809
29.124664,7.375249
29.633530,4.946888
29.940900,2.481784
30.042755,-0.000000
14.801851,24.840936
15.369947,25.794943
14.579751,25.612159
14.292039,25.143209
15.563784,24.971046
14.952121,25.152113
15.312291,24.534335
17.447872,24.437492
15.212625,25.462695
15.906203,25.473053
16.640677,24.324933
16.036074,24.498330
16.195134,24.846414
15.745379,25.215977
14.834389,26.113500
13.187992,26.975675
16.801832,23.533788
16.319594,23.877547
17.574369,23.603297
16.976227,23.833947
17.286139,23.187376
19.406049,22.913392
17.260392,24.121555
17.956535,24.073734
18.592992,22.867421
18.002258,23.091726
16.940345,24.799650
13.523550,26.222982
12.379286,26.758635
18.687695,22.064961
18.235843,22.448851
19.463542,22.071542
18.886851,22.350143
19.143423,21.680304
21.231814,21.231972
19.193393,22.614227
19.882916,22.509105
20.418278,21.254168
19.848322,21.526089
18.928737,23.316470
18.190939,23.424198
14.162150,26.080449
13.749973,26.700358
13.939461,25.758610
12.626118,27.249204
10.914696,27.972657
12.699846,25.976805
13.235981,25.716208
12.875569,26.305526
12.167852,26.239700
13.018404,26.655364
20.445890,20.446802
20.027278,20.866381
21.218443,20.389082
20.667285,20.714128
20.867109,20.026070
22.912201,19.406634
20.995140,20.951411
21.673918,20.790360
22.102937,19.495846
21.557671,19.813840
20.789598,21.674117
20.064219,21.841261
11.319682,27.273024
11.949962,27.177366
11.499381,27.743368
10.135340,27.683603
11.731275,26.836713
10.767377,27.646702
10.332383,28.198340
22.064311,18.688890
21.681135,19.142005
22.830018,18.567367
22.307587,18.936796
22.449809,18.234252
24.436481,17.448603
22.653254,19.146503
23.316732,18.929762
23.637730,17.604132
23.120292,17.965686
22.508898,19.883286
21.798073,20.110672
10.511480,26.937699
11.065121,26.719235
10.684376,27.273065
9.958907,27.154530
11.179107,26.985211
8.566331,28.778549
23.532234,16.802374
23.188287,17.285979
24.285377,16.618823
23.794769,17.029945
23.878935,16.318808
25.793531,15.371354
24.156914,17.210690
24.799974,16.940037
25.010358,15.592154
24.524744,15.995171
24.073517,17.957139
23.384525,18.241892
9.027497,28.109428
9.665925,28.068264
9.168710,28.598623
7.813359,28.426407
9.482847,27.711360
8.449705,28.439850
7.968801,28.955093
24.839285,14.801865
24.536069,15.312808
25.574331,14.557024
25.119688,15.006715
25.144768,14.291687
26.974776,13.188452
25.495521,15.157026
26.113890,14.834255
26.212428,13.473958
25.761960,13.915345
25.473894,15.908000
24.811224,16.248502
8.251237,27.713824
8.821674,27.541153
7.682303,27.884401
6.160069,29.388066
25.977056,12.700177
25.716672,13.234873
26.689137,12.395511
26.273434,12.881324
26.238573,12.166670
27.971855,10.916044
26.659878,13.000151
27.249629,12.626983
27.235616,11.263536
26.823014,11.740442
26.700549,13.749862
26.067732,14.144566
8.390674,28.063271
8.913723,27.817592
6.675341,28.759868
7.314395,28.771024
6.775714,29.258289
5.439097,28.974956
7.161399,28.399874
6.071792,29.040533
5.550981,29.514490
26.937210,10.511743
26.721585,11.066111
27.621448,10.149265
27.247651,10.667683
27.153666,9.958735
28.777734,8.568835
27.642440,10.754499
28.199229,10.333535
28.072547,8.976090
27.701057,9.485117
27.744689,11.498112
27.146767,11.943655
5.934281,28.300790
6.516789,28.175722
5.353014,28.423190
3.711228,29.795560
27.713245,8.250584
27.544263,8.822136
28.365807,7.833876
28.035302,8.380672
27.883580,7.682129
29.387088,6.162055
28.435879,8.434965
28.956187,7.969732
28.717715,6.626836
28.390026,7.165297
28.599242,9.167216
28.040435,9.661100
6.044804,28.660129
6.586072,28.458815
4.277778,29.212726
4.913193,29.277123
4.336713,29.718398
3.027877,29.324220
4.792169,28.894647
3.653672,29.442487
3.096229,29.872888
28.300389,5.934280
28.178452,6.517471
28.915477,5.463458
28.632731,6.036208
28.421009,5.353399
29.796664,3.713422
29.035525,6.058445
29.515144,5.550978
29.167838,4.231723
28.884032,4.797185
29.258985,6.774094
28.742860,7.312020
3.577903,28.695062
4.167286,28.617616
2.987718,28.766945
1.240878,30.000010
28.694608,3.578942
28.620229,4.167663
29.266695,3.057842
29.034483,3.650778
28.766372,2.988463
30.002284,1.242943
29.437441,3.641023
29.871700,3.094567
29.415937,1.810786
29.182701,2.396212
29.718486,4.335934
29.247732,4.911889
3.657748,29.062705
4.213328,28.904657
1.850389,29.466610
2.478992,29.582524
1.864265,29.976127
0.000000,29.327795
1.194703,28.892175
0.721988,28.908797
2.391399,29.192986
1.788905,28.865956
0.869080,29.552844
1.402376,29.695401
0.616527,30.025985
-0.000000,29.680934
0.658529,29.240451
1.365542,29.227272
28.891964,1.195475
28.864609,1.790271
29.477658,0.000000
28.909649,0.721837
29.574554,0.910882
29.697253,1.473502
29.242746,1.217479
30.025600,0.613960
29.678741,0.000000
29.279397,0.000000
29.210798,0.612323
29.554450,2.479480
