24.042941,0.000000
23.958158,1.985409
23.711810,3.956588
23.303889,5.901770
22.736452,7.806215
22.014181,9.657230
21.141424,11.442092
20.124202,13.148890
18.970061,14.765598
17.685243,16.282464
16.281321,17.686324
14.763993,18.971559
13.147617,20.125721
11.442075,21.142070
9.656216,22.014488
7.805526,22.737198
5.901035,23.304401
3.956773,23.712204
1.985245,23.959526
0.000000,24.044278
-0.000000,25.365332
2.095927,25.277168
4.175654,25.018774
6.227182,24.588439
8.236493,23.990030
10.189020,23.228091
12.072655,22.307409
13.873856,21.234717
15.579819,20.016119
17.178903,18.661523
18.661507,17.178543
20.016007,15.579479
21.234327,13.873485
22.307086,12.072103
23.227891,10.189050
23.989863,8.236047
24.588347,6.226472
25.018314,4.175699
25.277234,2.094731
25.363881,0.000000
12.297232,20.637880
12.974440,21.774658
12.212320,21.453723
11.872194,20.890291
13.027910,20.903018
12.486277,21.004002
12.722892,20.382976
14.728525,20.628917
12.776680,21.385857
13.425980,21.504602
13.939098,20.375918
13.394981,20.464077
13.601234,20.867758
13.235965,21.199368
12.523511,22.042997
11.132263,22.771488
13.959014,19.551873
13.556610,19.838854
14.711276,19.758661
14.177066,19.903488
14.362545,19.263526
16.381490,19.342238
14.496511,20.259708
15.156653,20.322964
15.574283,19.155080
15.037759,19.289206
14.301329,20.933842
11.332886,21.975925
10.370760,22.418099
15.525891,18.331604
15.148603,18.651905
16.293247,18.476415
15.772656,18.664351
15.905289,18.011194
17.922714,17.923063
16.119874,18.993598
16.782797,19.002183
17.103204,17.803467
16.579683,17.981351
15.980179,19.681429
15.277952,19.673208
11.897162,21.909607
11.604992,22.540087
11.644936,21.519326
10.659821,23.001819
9.213366,23.613038
10.550909,21.582022
10.997304,21.364455
10.756287,21.976760
10.106966,21.800412
10.934323,22.388812
16.986582,16.987167
16.637286,17.337074
17.762081,17.067876
17.259474,17.298008
17.337466,16.636783
19.341454,16.381959
17.633345,17.597168
18.294853,17.551239
18.514480,16.330613
18.007606,16.550969
17.550802,18.294799
16.851276,18.343686
9.489494,22.864260
10.040683,22.835083
9.704768,23.420891
8.490490,23.192168
9.801232,22.420247
9.043835,23.222966
8.723760,23.803255
18.331222,15.526524
18.011502,15.904573
19.111406,15.542811
18.629310,15.813667
18.652369,15.148025
20.628157,14.729072
19.026019,16.081144
19.681659,15.980811
19.800105,14.745998
19.313011,15.007196
19.001952,16.782894
18.307524,16.890075
8.732581,22.380027
9.194421,22.198694
8.925808,22.785678
8.271935,22.560493
9.328431,22.517948
7.231486,24.293302
19.550855,13.959267
19.263800,14.362548
20.329702,13.911659
19.871394,14.221219
19.839551,13.556334
21.773801,12.975306
20.289084,14.455173
20.934011,14.301141
20.949937,13.060447
20.486185,13.361089
20.322694,15.156834
19.640083,15.320500
7.567220,23.563609
8.121668,23.582697
7.737273,24.142648
6.545474,23.814636
7.922659,23.150956
7.096875,23.888983
6.728344,24.442404
20.636733,12.297221
20.383716,12.723155
21.408657,12.185457
20.977764,12.531582
20.891138,11.871975
22.770843,11.132676
21.413377,12.730243
22.043241,12.523437
21.956849,11.286117
21.519610,11.623741
21.504794,13.426883
20.838297,13.646172
6.854745,23.024942
7.330260,22.881892
6.380553,23.166709
5.200445,24.807778
21.581903,10.551096
21.364716,10.996697
22.341941,10.376078
21.941138,10.756606
21.799961,10.106433
23.612468,9.214327
22.391274,10.918693
23.002069,10.660332
22.813849,9.434535
22.405981,9.807054
22.539993,11.604915
21.893532,11.879017
7.009300,23.445646
7.438634,23.213425
5.595512,24.108963
6.146145,24.173285
5.717130,24.699372
4.556384,24.274075
5.983264,23.726322
5.099610,24.393579
4.687179,24.914759
22.379531,8.732891
22.199770,9.195009
23.122439,8.495754
22.754636,8.907945
22.560076,8.271925
24.292755,7.232834
23.216502,9.032541
23.803748,8.724368
23.514997,7.518465
23.139378,7.923186
23.421292,9.704067
22.799829,10.030551
4.929894,23.512562
5.415320,23.409171
4.445438,23.614272
3.133827,25.151918
23.024398,6.854617
22.883311,7.330508
23.745342,6.557330
23.412552,6.998286
23.166200,6.380483
24.807040,5.201508
23.882987,7.084422
24.442925,6.728879
24.055505,5.550701
23.714943,5.985413
24.142538,7.736577
23.550263,8.113428
5.049531,23.944402
5.496126,23.748411
3.585859,24.488779
4.128949,24.598640
3.657982,25.087485
2.536525,24.566796
4.003649,24.139625
3.068279,24.731189
2.614408,25.217115
23.511997,4.930045
23.410343,5.415809
24.205698,4.573390
23.911077,5.040620
23.612976,4.445622
25.152262,3.134699
24.386490,5.088249
24.914895,4.687339
24.432011,3.544742
24.127758,4.006949
24.699287,5.716311
24.140099,6.140784
2.971959,23.839874
3.463514,23.776422
2.480336,23.900323
1.047521,25.324848
23.839302,2.972623
23.777448,3.463789
24.499630,2.559347
24.246212,3.048558
23.899516,2.480837
25.325467,1.048515
24.723731,3.057424
25.216088,2.613621
24.640621,1.516312
24.377016,2.001112
25.086935,3.657720
24.564449,4.125197
3.055456,24.280343
3.516168,24.120590
1.550657,24.700992
2.083617,24.855031
1.572418,25.304295
0.000000,24.515992
0.992284,24.003991
0.599617,24.018294
1.997552,24.388689
1.487843,23.982226
0.729939,24.787369
1.177804,24.964790
0.522130,25.346619
0.000000,24.937426
0.547592,24.413699
1.140800,24.406663
24.003272,0.992744
23.980953,1.488513
24.695377,0.000000
24.018252,0.599531
24.811727,0.764186
24.967906,1.237383
24.422489,1.017241
25.345893,0.520865
24.935409,0.000000
24.457329,0.000000
24.377076,0.508596
24.821420,2.082888
