20.006206,0.000000
19.938177,1.652116
19.733116,3.292928
19.394014,4.911234
18.921869,6.496029
18.320685,8.036410
17.594460,9.521873
16.748196,10.942416
15.787898,12.287837
14.718566,13.550232
13.550204,14.718599
12.287813,15.787938
10.942397,16.748242
9.521860,17.594511
8.036398,18.320740
6.496020,18.921933
4.911227,19.394083
3.292924,19.733192
1.652114,19.938260
0.000000,20.006290
-0.000000,21.575837
1.781682,21.501813
3.551256,21.281750
5.296523,20.915649
7.005681,20.406508
8.666925,19.758331
10.268753,18.975115
11.801161,18.062866
13.252546,17.026581
14.612907,15.874268
15.874242,14.612927
17.026548,13.252560
18.062825,11.801171
18.975068,10.268759
19.758278,8.666928
20.406448,7.005681
20.915582,5.296521
21.281676,3.551253
21.501733,1.781677
21.575752,-0.000000
10.232132,17.171383
11.034958,18.518996
10.278415,18.056744
9.877001,17.382948
10.955025,17.577144
10.465037,17.602997
10.587266,16.959815
12.526856,17.544730
10.792808,18.065320
11.418062,18.290930
11.732689,17.150333
11.231096,17.158239
11.489108,17.627576
11.194522,17.931647
10.651856,18.747059
9.467841,19.366729
11.615110,16.268096
11.278759,16.508169
12.371098,16.615950
11.882875,16.681261
11.951464,16.028020
13.932730,16.450430
12.245618,17.114537
12.889704,17.285656
13.108672,16.123151
12.609035,16.173671
12.164010,17.803800
9.544465,18.508602
8.730421,18.873398
12.919014,15.253273
12.603419,15.520606
13.702075,15.537808
13.220463,15.643058
13.234613,14.985940
15.243578,15.243603
13.616905,16.044888
14.272822,16.162351
14.395641,14.985125
13.901839,15.076940
13.592637,16.738508
12.906307,16.618680
10.053702,18.513721
9.868301,19.170924
9.765523,18.045698
9.067382,19.562532
7.836303,20.082426
8.779132,17.957631
9.150498,17.776074
9.020271,18.429506
8.407771,18.139189
9.237272,18.913792
14.134391,14.134421
13.842303,14.426511
14.937148,14.353006
14.466443,14.497809
14.426482,13.842330
16.450398,13.932749
14.895628,14.865404
15.558915,14.928266
15.583615,13.745407
15.099123,13.877601
14.928243,15.558940
14.235354,15.495541
7.996215,19.265784
8.486890,19.300764
8.251619,19.920380
7.147305,19.523935
8.220187,18.801834
7.640269,19.620207
7.420991,20.244470
15.253238,12.919039
14.985907,13.234637
16.072010,13.070555
15.614578,13.253693
15.520571,12.603441
17.544692,12.526871
16.072104,13.584744
16.738478,13.592655
16.665703,12.411691
16.193727,12.583291
16.162323,14.272842
15.465552,14.267537
7.266212,18.621343
7.651306,18.471044
7.485204,19.108800
6.881120,18.771642
7.809836,18.852694
6.151101,20.661086
16.268054,11.615130
16.027981,11.951484
17.096482,11.698726
16.655683,11.919043
16.508129,11.278777
18.518952,11.034969
17.139152,12.211100
17.803762,12.164021
17.633364,10.992681
17.177289,11.202999
17.285621,12.889719
16.591317,12.941614
6.375623,19.853086
6.865084,19.931397
6.578396,20.533799
5.510095,20.048182
6.644514,19.414392
5.995152,20.182704
5.723811,20.788369
17.171335,10.232147
16.959771,10.587282
18.003566,10.246772
17.582690,10.502737
17.382901,9.877014
19.366679,9.467847
18.088697,10.753816
18.747015,10.651864
18.480698,9.499127
18.043506,9.746167
18.290889,11.418074
17.603383,11.527060
5.703626,19.158015
6.099824,19.039975
5.307431,19.276052
4.423887,21.098708
17.957578,8.779143
17.776024,9.150509
18.788317,8.725165
18.389890,9.014947
18.139134,8.407781
20.082369,7.836307
18.914629,9.223456
19.562482,9.067387
19.202012,7.940654
18.786696,8.222955
19.170876,9.868307
18.494480,10.034023
5.877791,19.661861
6.228274,19.436259
4.714528,20.312674
5.195595,20.430877
4.860210,21.007180
3.835570,20.434844
5.018133,19.897227
4.307754,20.609166
3.987570,21.190231
18.621283,7.266221
18.470989,7.651316
19.444821,7.143891
19.071615,7.465562
18.771581,6.881128
20.661022,6.151103
19.611689,7.630094
20.244414,7.420993
19.792298,6.327879
19.401693,6.643515
19.920326,8.251621
19.259980,8.472582
4.102077,19.563646
4.506653,19.478864
3.697504,19.648422
2.666465,21.391788
19.157948,5.703632
19.039913,6.099831
19.968611,5.513793
19.623194,5.865143
19.275985,5.307437
21.098636,4.423888
20.174915,5.984582
20.788305,5.723811
20.247576,4.671948
19.884336,5.018701
20.533737,6.578395
19.893882,6.853149
4.234286,20.080308
4.601780,19.884176
3.021352,20.633023
3.490909,20.790418
3.108865,21.336774
2.135584,20.681547
3.357755,20.243552
2.591446,20.894482
2.224073,21.446805
19.563573,4.102082
19.478796,4.506658
20.356028,3.845804
20.040731,4.224627
19.648346,3.697508
21.391712,2.666464
20.600404,4.298050
21.190159,3.987569
20.563896,2.983628
20.230709,3.359424
21.007111,4.860207
20.392152,5.187025
2.472521,19.835734
2.882722,19.784463
2.062320,19.886998
0.890840,21.538832
19.835655,2.472525
19.784388,2.882725
20.603725,2.151913
20.320976,2.555206
19.886918,2.062323
21.538751,0.890841
20.884879,2.582164
21.446725,2.224070
20.740580,1.275941
20.439340,1.677533
21.336696,3.108863
20.750980,3.484903
2.562281,20.361360
2.944239,20.195910
1.306789,20.810800
1.761866,21.006893
1.336262,21.520327
0.000000,20.576108
0.826056,19.972278
0.499730,19.985710
1.675273,20.451923
1.239084,19.955269
0.616346,20.899489
0.995051,21.115600
0.445418,21.557336
0.000000,21.075966
0.456441,20.455552
0.956315,20.454595
19.972195,0.826057
19.955185,1.239087
20.790961,0.000000
19.985628,0.499730
20.928108,0.644382
21.121394,1.045474
20.472422,0.852594
21.557253,0.445415
21.075879,0.000000
20.506047,0.000000
20.412137,0.423259
20.967626,1.760112
