20.973043,-0.000000
20.900745,1.731983
20.685890,3.451927
20.330349,5.148529
19.835438,6.809885
19.205285,8.424664
18.443948,9.981791
17.556671,11.470849
16.549884,12.881227
15.428913,14.204576
14.204129,15.429363
12.880680,16.550474
11.470416,17.557294
9.981692,18.444340
8.424300,19.205566
6.809614,19.835919
5.148258,20.330855
3.451882,20.686481
1.731861,20.901750
-0.000000,20.974112
-0.000000,22.476357
1.856394,22.398745
3.699629,22.169525
5.517589,21.788127
7.298021,21.257768
9.028406,20.582567
10.697180,19.766682
12.293372,18.816277
13.805175,17.736598
15.222188,16.536210
16.536050,15.222230
17.736393,13.805191
18.815949,12.293378
19.766391,10.697122
20.582330,9.028485
21.257503,7.297910
21.787786,5.517366
22.168982,3.699537
22.398148,1.855975
22.475197,0.000000
10.726685,18.001862
11.495568,19.292387
10.739547,18.866941
10.354804,18.223206
11.449450,18.370663
10.947757,18.415523
11.098749,17.779842
13.049704,18.277325
11.265200,18.856199
11.894899,19.054331
12.258728,17.919567
11.747770,17.947802
11.991993,18.399253
11.680366,18.709535
11.096427,19.529990
9.863143,20.175597
12.176387,17.054724
11.824185,17.306055
12.929215,17.365644
12.430725,17.450984
12.528866,16.803033
14.514210,17.137279
12.781562,17.863556
13.428046,18.007105
13.696492,16.846104
13.188891,16.917678
12.671645,18.547253
9.970790,19.335373
9.121513,19.718742
13.543245,15.990579
13.212835,16.270668
14.320023,16.238754
13.829867,16.364688
13.874198,15.710520
15.879748,15.880006
14.212822,16.747075
14.868830,16.836851
15.041121,15.657130
14.541150,15.770506
14.159617,17.437430
13.470909,17.346051
10.492548,19.322435
10.280754,19.971334
10.214234,18.875365
9.445626,20.379572
8.163311,20.921205
9.203453,18.825934
9.592877,18.635699
9.434754,19.276784
8.814700,19.016328
9.641344,19.741495
14.817381,14.817675
14.511571,15.123665
15.610839,15.000586
15.133381,15.166607
15.123619,14.511603
17.136900,14.514467
15.547427,15.515919
16.208580,15.551252
16.282340,14.361827
15.793516,14.515971
15.551006,16.208664
14.858096,16.173735
8.352100,20.123739
8.856763,20.142341
8.596729,20.752012
7.467537,20.398778
8.597686,19.666056
7.974481,20.478310
7.730427,21.089885
15.990323,13.543532
15.710417,13.874147
16.796875,13.660254
16.334478,13.865105
16.270616,13.212861
18.276922,13.049960
16.775389,14.179202
17.437363,14.159901
17.412988,12.968290
16.938485,13.162089
16.836629,14.868943
16.142112,14.891996
7.617361,19.521828
8.020927,19.364049
7.829160,19.987008
7.214184,19.679369
8.172709,19.728674
6.407659,21.524001
17.054240,12.176544
16.802882,12.528998
17.867628,12.226601
17.423621,12.468890
17.306043,11.824244
19.291960,11.495903
17.889150,12.745496
18.547118,12.671680
18.424159,11.485760
17.967381,11.718349
18.006835,13.428152
17.317136,13.508069
6.659627,20.737785
7.164192,20.800884
6.853603,21.391208
5.756940,20.946455
6.949701,20.306875
6.257495,21.065471
5.962412,21.656427
18.001330,10.726752
17.779806,11.098908
18.815786,10.709268
18.393547,10.987345
18.223231,10.354829
20.175220,9.863355
18.880387,11.224520
19.529874,11.096495
19.309618,9.925294
18.873607,10.194572
19.054155,11.895208
18.373580,12.031691
5.979284,20.084449
6.394567,19.960345
5.564393,20.208157
4.608296,21.979895
18.825684,9.203586
18.635577,9.592796
19.636019,9.119042
19.238105,9.430994
19.016042,8.814665
20.920835,8.163662
19.742566,9.627221
20.379444,9.445844
20.063289,8.296928
19.651017,8.601298
19.971081,10.280810
19.303845,10.473423
6.147935,20.565639
6.517475,20.338947
4.924481,21.217840
5.421853,21.322050
5.063705,21.884404
4.007415,21.350506
5.248578,20.811804
4.496327,21.510556
4.153772,22.075064
19.521445,7.617565
19.364100,8.021195
20.322079,7.466432
19.951302,7.810124
19.679033,7.214288
21.523584,6.408035
20.470152,7.964126
21.089810,7.730638
20.679976,6.611822
20.294246,6.949154
20.751870,8.596611
20.102916,8.843639
4.300295,20.509761
4.724299,20.420421
3.876560,20.598571
2.777475,22.285136
20.083988,5.979375
19.960427,6.394722
20.869435,5.762744
20.528242,6.135846
20.207713,5.564476
21.979309,4.608560
21.057912,6.246520
21.656284,5.962564
21.155489,4.881493
20.799026,5.249595
21.390855,6.853465
20.764532,7.153289
4.428917,21.003285
4.815474,20.807680
3.155875,21.552397
3.642774,21.697310
3.239256,22.227968
2.231128,21.608211
3.511974,21.174192
2.705008,21.808371
2.316831,22.342610
20.509175,4.300436
20.420341,4.724529
21.274186,4.019372
20.965040,4.419557
20.597797,3.876682
22.284700,2.777619
21.501875,4.486234
22.074678,4.153810
21.486091,3.117430
21.161195,3.514092
21.883966,5.063484
21.284539,5.414159
2.592106,20.795130
3.021849,20.740849
2.162369,20.848557
0.928081,22.438443
20.794419,2.592370
20.740602,3.022010
21.532757,2.249086
21.258361,2.673038
20.847724,2.162584
22.437891,0.928305
21.798856,2.695333
22.341750,2.316579
21.670289,1.333256
21.379451,1.754802
22.227269,3.239153
21.658905,3.637343
2.679995,21.297534
3.080878,21.133914
1.364830,21.738507
1.838466,21.923344
1.392374,22.419490
0.000000,21.517042
0.865770,20.938374
0.523524,20.951907
1.752190,21.392363
1.298665,20.920074
0.643433,21.826420
1.038551,22.032196
0.463695,22.457707
0.000000,21.995705
0.478230,21.401488
1.000406,21.398918
20.937464,0.865920
20.919039,1.298886
21.721582,0.000000
20.951191,0.523501
21.853216,0.672943
22.036596,1.091104
21.415507,0.891989
22.456804,0.463358
21.994358,0.000000
21.449462,0.000000
21.359245,0.443679
21.885043,1.836959
