20.028096,0.000000
19.959970,1.653935
19.754692,3.296549
19.415223,4.916638
18.942569,6.503177
18.340732,8.045253
17.613715,9.532348
16.766522,10.954453
15.805170,12.301356
14.734670,13.565144
13.565031,14.734803
12.301259,15.805331
10.954377,16.766707
9.532297,17.613916
8.045205,18.340954
6.503142,18.942821
4.916612,19.415501
3.296535,19.754994
1.653925,19.960301
-0.000000,20.028435
-0.000000,21.596387
1.783379,21.522277
3.554624,21.301999
5.301539,20.935541
7.012310,20.425907
8.675118,19.777104
10.278458,18.993133
11.812304,18.080004
13.265049,17.042721
14.626685,15.889308
15.889202,14.626765
17.042590,13.265108
18.079843,11.812346
18.992948,10.278482
19.776894,8.675133
20.425669,7.012310
20.935274,5.301528
21.301702,3.554614
21.521959,1.783360
21.596044,0.000000
10.243355,17.190342
11.045390,18.536595
10.288869,18.075211
9.887844,17.402133
10.966232,17.595229
10.475983,17.621527
10.598873,16.978532
12.538690,17.561390
10.803513,18.083335
11.428859,18.308299
11.744609,17.167856
11.242810,17.176238
11.500500,17.645148
11.205529,17.949360
10.661926,18.764878
9.476798,19.385148
11.627843,16.286044
11.291133,16.526377
12.383742,16.633025
11.895293,16.698804
11.964561,16.045700
13.945883,16.466040
12.257756,17.131588
12.901887,17.302060
13.121985,16.139609
12.622174,16.190621
12.175501,17.820709
9.554132,18.527451
8.739291,18.892676
12.933170,15.270086
12.617239,15.537713
13.716069,15.553764
13.234270,15.659496
13.249117,15.002461
15.257962,15.258060
13.630395,16.060863
14.286302,16.177679
14.410255,15.000416
13.916321,15.092733
13.605464,16.754394
12.919090,16.635232
10.063648,18.532147
9.877646,19.189147
9.775699,18.064622
9.075954,19.581139
7.843716,20.101536
8.788764,17.977463
9.160540,17.795706
9.029673,18.448837
8.417009,18.159225
9.246433,18.932657
14.149876,14.149995
13.857478,14.442404
14.952400,14.367740
14.481549,14.513036
14.442287,13.857583
16.465915,13.945959
14.910377,14.880197
15.573602,14.942416
15.599430,13.759428
15.114848,13.892131
14.942324,15.573700
14.249448,15.510967
8.004287,19.285353
8.495277,19.319948
8.259442,19.939325
7.154571,19.543896
8.228752,18.821556
7.647849,19.639775
7.428007,20.263734
15.269947,12.933268
15.002332,13.249210
16.088417,13.083969
15.630881,13.267609
15.537575,12.617326
17.561239,12.538747
16.088014,13.598257
16.754273,13.605536
16.682614,12.424349
16.210591,12.596461
16.177564,14.286379
15.480859,14.281735
7.274186,18.641919
7.659699,18.491447
7.493010,19.128845
6.888684,18.792386
7.818072,18.872691
6.156920,20.680756
16.285875,11.627919
16.045547,11.964641
17.113936,11.710731
16.673073,11.931555
16.526217,11.291202
18.536419,11.045433
17.156117,12.223245
17.820560,12.175547
17.651259,11.003892
17.195178,11.214724
17.301920,12.901944
16.607735,12.954489
6.382067,19.873275
6.871869,19.951228
6.584637,20.553342
5.515697,20.068686
6.651441,19.434769
6.001105,20.202844
5.729223,20.808158
17.190149,10.243413
16.978359,10.598937
18.021948,10.257290
17.601050,10.513763
17.401950,9.887897
19.384946,9.476824
18.106603,10.764513
18.764704,10.661958
18.499455,9.508817
18.062300,9.756368
18.308136,11.428905
17.620803,11.538528
5.709887,19.179193
6.106519,19.061011
5.313267,19.297361
4.428072,21.118803
17.977255,8.788811
17.795507,9.160583
18.807501,8.734121
18.409095,9.024412
18.159010,8.417048
20.101309,7.843735
18.933354,9.232631
19.580939,9.075977
19.221497,7.948753
18.806263,8.231561
19.188956,9.877670
18.512785,10.044008
5.883924,19.682500
6.234840,19.456875
4.719294,20.333338
5.200730,20.451211
4.864827,21.027184
3.839472,20.455754
5.023365,19.918117
4.312034,20.629739
3.991343,21.210411
18.641682,7.274224
18.491229,7.659741
19.464668,7.151224
19.091529,7.473400
18.792144,6.888717
20.680501,6.156930
19.631100,7.637683
20.263509,7.428019
19.812375,6.334333
19.421893,6.650467
19.939111,8.259450
19.279042,8.481013
4.106580,19.585281
4.511597,19.500393
3.701571,19.670151
2.668986,21.412168
19.178928,5.709913
19.060769,6.106549
19.988986,5.519451
19.643677,5.871300
19.297092,5.313291
21.118516,4.428074
20.194874,5.990531
20.807904,5.729226
20.268104,4.676710
19.905032,5.023952
20.553094,6.584634
19.913565,6.859967
4.238705,20.101393
4.606633,19.905275
3.024406,20.654019
3.494356,20.811119
3.111825,21.357104
2.137753,20.702715
3.361258,20.264816
2.594025,20.915348
2.226179,21.467243
19.584989,4.106600
19.500122,4.511621
20.376788,3.849748
20.061643,4.229061
19.669848,3.701588
21.411863,2.668983
20.620774,4.302322
21.210124,3.991338
20.584741,2.986667
20.251755,3.362941
21.026907,4.864816
20.412320,5.192183
2.475237,19.857679
2.885883,19.806338
2.064592,19.908994
0.891686,21.559360
19.857364,2.475255
19.806041,2.885898
20.624724,2.154120
20.342178,2.557885
19.908671,2.064607
21.559038,0.891690
20.905526,2.584733
21.466921,2.226166
20.761590,1.277243
20.460598,1.679290
21.356795,3.111815
20.771492,3.488363
2.564954,20.382754
2.947342,20.217348
1.308106,20.831993
1.763605,21.027819
1.337536,21.540845
0.000000,20.597614
0.826957,19.994381
0.500269,20.007815
1.677020,20.473417
1.240437,19.977341
0.616961,20.920663
0.996039,21.136530
0.445834,21.577882
0.000000,21.096970
0.456937,20.477176
0.957317,20.476180
19.994048,0.826965
19.977005,1.240449
20.811989,0.000000
20.007487,0.500270
20.949007,0.645031
21.142059,1.046509
20.493747,0.853491
21.577548,0.445822
21.096620,0.000000
20.527380,0.000000
20.433557,0.423724
20.988347,1.761855
