20.604389,-0.000000
20.533698,1.701547
20.322601,3.391332
19.973349,5.058092
19.487137,6.690265
18.868038,8.276681
18.120084,9.806480
17.248427,11.269410
16.259347,12.655021
15.158054,13.955136
13.954779,15.158423
12.654612,16.259818
11.269083,17.248931
9.806369,18.120452
8.276406,18.868349
6.690053,19.487603
5.057887,19.973868
3.391275,20.323217
1.701452,20.534617
0.000000,20.605366
-0.000000,22.132604
1.827872,22.056335
3.642974,21.830592
5.433164,21.455017
7.186370,20.932747
8.890340,20.267853
10.533542,19.464427
12.105361,18.528571
13.594071,17.465439
14.989431,16.283400
16.283223,14.989523
17.465221,13.594135
18.528260,12.105410
19.464130,10.533544
20.267578,8.890418
20.932431,7.186310
21.454615,5.433018
21.830018,3.642897
22.055675,1.827590
22.131565,0.000000
10.538124,17.685349
11.319634,18.997067
10.563564,18.557848
10.172629,17.902969
11.260771,18.067950
10.763597,18.105655
10.903734,17.467303
12.849986,17.997561
11.084865,18.554379
11.712762,18.762820
12.057961,17.626078
11.550643,17.646664
11.800010,18.104747
11.494873,18.412633
10.926627,19.231029
9.712161,19.866751
11.962374,16.754902
11.616214,17.001947
12.716216,17.079621
12.221705,17.157416
12.308706,16.507630
14.292081,16.874967
12.576955,17.577686
13.222406,17.731593
13.472135,16.570249
12.967645,16.633890
12.477745,18.263344
9.808084,19.019947
8.972261,19.396247
13.305223,15.709532
12.980458,15.984768
14.084181,15.971312
13.597350,16.089441
13.630327,15.434321
15.636719,15.636954
13.985307,16.479061
14.641148,16.579254
14.794751,15.400705
14.297213,15.505945
13.943032,17.170504
13.255348,17.068430
10.325013,19.013807
10.123218,19.665714
10.043040,18.558950
9.301162,20.067607
8.038412,20.600951
9.041675,18.495017
9.424220,18.308082
9.276621,18.953660
8.659554,18.682047
9.487093,19.425639
14.556956,14.557220
14.256375,14.857918
15.353722,14.753500
14.878913,14.911500
14.857806,14.256475
16.874645,14.292303
15.298572,15.267620
15.960396,15.313324
16.015651,14.126610
15.528566,14.272458
15.313102,15.960519
14.620331,15.914871
8.216274,19.796419
8.715563,19.821176
8.464917,20.434485
7.345328,20.065042
8.453667,19.336473
7.846904,20.150862
7.612246,20.767096
15.709281,13.305472
15.434164,13.630367
16.520235,13.435253
16.059810,13.631885
15.984640,12.980546
17.997209,12.850196
16.506880,13.952299
17.170379,13.943267
17.127775,12.755904
16.654328,12.941301
16.579033,14.641278
15.883799,14.653639
7.483481,19.178657
7.880011,19.023723
7.697937,19.652096
7.087200,19.333442
8.034294,19.394658
6.309672,21.194544
16.754491,11.962531
16.507430,12.308853
17.573341,12.025196
17.130639,12.259158
17.001833,11.616312
18.996689,11.319888
17.602820,12.541527
18.263159,12.477814
18.122360,11.297622
17.665945,11.521772
17.731327,13.222520
17.040024,13.291856
6.551238,20.400275
7.050007,20.469083
6.748493,21.063854
5.662739,20.603793
6.833272,19.966528
6.157354,20.728623
5.871289,21.325006
17.684897,10.538215
17.467165,10.903886
18.505844,10.532819
18.084211,10.802508
17.902867,10.172694
19.866394,9.712329
18.578160,11.044871
19.230846,10.926710
18.993286,9.762696
18.556926,10.023542
18.762601,11.712999
18.079542,11.839086
5.874187,19.731401
6.282200,19.609598
5.466422,19.852948
4.537869,21.643475
18.494733,9.041805
18.307884,9.424216
19.312549,8.968779
18.914531,9.272316
18.681740,8.659578
20.600581,8.038656
19.426518,9.473128
20.067403,9.301331
19.734611,8.161000
19.321288,8.456998
19.665435,10.123289
18.994874,10.305725
6.044872,20.220990
6.407161,19.994754
4.844354,20.872535
5.335481,20.981984
4.985987,21.549498
3.941837,21.001226
5.160664,20.463042
4.424349,21.166615
4.090305,21.737253
19.178268,7.483655
19.023613,7.880225
19.987326,7.343386
19.615721,7.678714
19.333079,7.087309
21.194113,6.309913
20.142451,7.836647
20.766906,7.612395
20.341212,6.503489
19.953736,6.832585
20.434260,8.464868
19.781139,8.702028
4.224720,20.149228
4.641322,20.061613
3.808287,20.236501
2.735086,21.944090
19.730931,5.874285
19.609480,6.282337
20.525669,5.667768
20.182972,6.032607
19.852482,5.466512
21.642894,4.538026
20.720830,6.146550
21.324739,5.871385
20.808978,4.801541
20.450051,5.161533
21.063467,6.748416
20.432167,7.038740
4.354664,20.651328
4.733963,20.455561
3.104535,21.201689
3.584802,21.351264
3.189461,21.887748
2.194664,21.254751
3.453141,20.819323
2.661664,21.459680
2.281415,22.000633
20.148637,4.224841
20.061352,4.641501
20.923781,3.953152
20.612397,4.345215
20.235784,3.808393
21.943556,2.735157
21.157713,4.414408
21.736786,4.090319
21.134104,3.066376
20.806169,3.455102
21.549017,4.985842
20.943856,5.327469
2.546510,20.429554
2.968807,20.376409
2.124218,20.482155
0.913864,22.095029
20.428840,2.546701
20.375998,2.968935
21.178170,2.212009
20.900708,2.628096
20.481353,2.124374
22.094379,0.913996
21.449896,2.652135
21.999818,2.281241
21.315412,1.311386
21.020728,1.725329
21.887056,3.189381
21.312265,3.579154
2.635084,20.940567
3.028757,20.776286
1.342674,21.384645
1.809228,21.573668
1.370951,22.076247
0.000000,21.158257
0.850619,20.570264
0.514440,20.583751
1.722844,21.033777
1.275947,20.552440
0.633098,21.472839
1.021947,21.682463
0.456722,22.114004
0.000000,21.644795
0.469920,21.040848
0.983590,21.038875
20.569388,0.850721
20.551491,1.276099
21.366344,0.000000
20.582996,0.514429
21.500034,0.662043
21.687105,1.073680
21.055647,0.876970
22.113130,0.456507
21.643630,0.000000
21.089482,0.000000
20.997892,0.435894
21.534752,1.807624
