21.542086,0.000000
21.467360,1.778958
21.246683,3.545457
20.881427,5.288126
20.373077,6.994532
19.725855,8.653095
18.943866,10.252417
18.032494,11.781820
16.998387,13.230437
15.847048,14.589654
14.589064,15.847628
13.229679,16.999167
11.781223,18.033308
10.252335,18.944316
8.652602,19.726130
6.994179,20.373613
5.287765,20.881937
3.545448,21.247242
1.778810,21.468469
0.000000,21.543254
-0.000000,23.008421
1.900529,22.928776
3.787315,22.694183
5.648270,22.303775
7.470848,21.760891
9.242125,21.069727
10.950474,20.234552
12.584404,19.261630
14.131957,18.156351
15.582494,16.927564
16.927425,15.582463
18.156158,14.131904
19.261272,12.584341
20.234252,10.950320
21.069512,9.242196
21.760663,7.470657
22.303494,5.647935
22.693671,3.787218
22.928290,1.899924
23.007127,-0.000000
11.017760,18.490437
11.767898,19.749514
11.011595,19.344765
10.636021,18.717532
11.741093,18.838569
11.232297,18.894278
11.399780,18.262294
13.358853,18.710383
11.544102,19.322989
12.176833,19.505564
12.569101,18.373281
12.052365,18.413112
12.288918,18.854739
11.967294,19.168794
11.359251,19.992759
10.096850,20.653655
12.506759,17.517545
12.145236,17.775488
13.258461,17.807772
12.753687,17.904570
12.868721,17.259042
14.858058,17.543328
13.098006,18.305692
13.746363,18.433581
14.043336,17.272574
13.530763,17.356197
12.971775,18.986733
10.222338,19.823029
9.352250,20.217308
13.910684,16.424437
13.571567,16.712006
14.684583,16.652171
14.189144,16.789986
14.250652,16.136897
16.255948,16.256241
14.564706,17.161601
15.221274,17.235604
15.421999,16.053564
14.918089,16.179317
14.494877,17.850635
13.804311,17.775438
10.751675,19.799777
10.524607,20.444397
10.478767,19.364278
9.669236,20.862465
8.356655,21.416926
9.453180,19.336750
9.853207,19.141427
9.679105,19.776063
9.054194,19.532337
9.879912,20.229991
15.219397,15.219746
14.905519,15.533897
16.008287,15.382534
15.526567,15.560785
15.533941,14.905453
17.542859,14.858368
15.932315,15.899950
16.592760,15.919555
16.694630,14.725470
16.202922,14.892260
15.919270,16.592799
15.225844,16.574115
8.562109,20.629807
9.075166,20.639101
8.800767,21.243509
7.656469,20.914720
8.820225,20.175330
8.171795,20.984747
7.913359,21.589545
16.424161,13.911034
16.136867,14.250468
17.224495,14.008064
16.758872,14.225466
16.712057,13.571495
18.709895,13.359175
17.190670,14.530142
17.850640,14.495233
17.853905,13.296635
17.377560,13.503262
17.235373,15.221371
16.541639,15.260661
7.824031,20.051564
8.238441,19.889401
8.031929,20.504515
7.410208,20.213360
8.386534,20.244690
6.559345,22.033978
17.516943,12.506924
17.258960,12.868833
18.322513,12.537927
17.876303,12.792956
17.775618,12.145238
19.748997,11.768348
18.331985,13.060962
18.986660,12.971761
18.890700,11.776611
18.433143,12.022104
18.433299,13.746466
17.745733,13.842479
6.827211,21.259610
7.340813,21.314091
7.016316,21.897917
5.902575,21.476204
7.129608,20.832780
6.412375,21.586453
6.103464,22.169454
18.489770,11.017799
18.262401,11.399954
19.294852,10.982010
18.871479,11.272935
18.717726,10.635990
20.653224,10.097116
19.347789,11.502359
19.992724,11.359291
19.798607,10.176650
19.362906,10.458843
19.505446,12.177253
18.828342,12.329581
6.141523,20.629436
6.568011,20.501790
5.715637,20.756483
4.717318,22.500652
19.336524,9.453319
19.141392,9.853013
20.135983,9.351298
19.738021,9.676156
19.532043,9.054063
21.416522,8.357150
20.231330,9.865530
20.862422,9.669519
20.571360,8.507053
20.160470,8.824261
20.444165,10.524635
19.781682,10.732780
6.307194,21.098193
6.687895,20.870700
5.048375,21.751720
5.555456,21.848050
5.184015,22.402807
4.108801,21.890483
5.384425,21.350720
4.607648,22.042510
4.252009,22.597980
20.051158,7.824269
19.889660,8.238781
20.839486,7.656619
20.469768,8.013155
20.213027,7.410296
22.033545,6.559920
20.976934,8.161276
21.589601,7.913653
21.203646,6.779288
20.820362,7.129266
21.243465,8.800536
20.600547,9.062646
4.416966,21.066298
4.852385,20.974314
3.981965,21.157486
2.843091,22.813047
20.628959,6.141588
20.502144,6.568185
21.400786,5.909550
21.061683,6.295351
20.756040,5.715696
22.500036,4.717746
21.579212,6.401129
22.169460,6.103696
21.691149,5.005092
21.338231,5.385660
21.897593,7.016076
21.278543,7.330447
4.543661,21.547133
4.941399,21.351681
3.235259,22.094627
3.732448,22.232555
3.316341,22.754585
2.287511,22.154647
3.602885,21.722533
2.772041,22.347666
2.371643,22.871957
21.065707,4.417121
20.974484,4.852678
21.815808,4.121729
21.509888,4.534417
21.156613,3.982101
22.812761,2.843358
22.034143,4.597319
22.597699,4.252083
22.030230,3.196356
21.709761,3.605234
22.402418,5.183678
21.811428,5.548232
2.662496,21.359444
3.103724,21.303428
2.221276,21.414153
0.950083,22.969997
21.358745,2.662856
21.303424,3.103920
22.080874,2.306401
21.810955,2.742478
21.413292,2.221562
22.969629,0.950451
22.338556,2.762143
22.871041,2.371282
22.218916,1.367065
21.933746,1.800343
22.753883,3.316210
22.195015,3.727343
2.749403,21.849109
3.161402,21.686418
1.399104,22.285588
1.883690,22.464191
1.425529,22.950773
0.000000,22.071465
0.889179,21.506580
0.537571,21.520206
1.797542,21.946433
1.333738,21.487577
0.659411,22.373111
1.064235,22.573150
0.474478,22.989714
0.000000,22.538436
0.491067,21.958655
1.026384,21.955194
21.505656,0.889395
21.486446,1.334053
22.270791,0.000000
21.519582,0.537531
22.399354,0.689794
22.577231,1.118067
21.971558,0.915181
22.988800,0.473957
22.536872,0.000000
22.005687,0.000000
21.917509,0.455699
22.426824,1.882331
