26.367984,-0.000000
26.274459,2.177419
26.004247,4.338987
25.556744,6.472491
24.934388,8.561126
24.142318,10.591091
23.185158,12.548523
22.069532,14.420317
20.803783,16.193331
19.394844,17.856779
17.855199,19.396313
16.191029,20.805846
14.418484,22.071576
12.548562,23.185926
10.589606,24.142706
8.560099,24.935296
6.471369,25.557272
4.339292,26.004566
2.177288,26.276042
0.000000,26.369422
-0.000000,27.579004
2.279329,27.483331
4.540243,27.202519
6.770860,26.734663
8.955603,26.084066
11.078471,25.255614
13.126738,24.254561
15.085157,23.088106
16.939906,21.763125
18.678529,20.290363
20.290473,18.677869
21.763087,16.939338
23.087752,15.084510
24.254206,13.125895
25.255336,11.078534
26.083857,8.955079
26.734642,6.769981
27.201952,4.540600
27.483776,2.277821
27.577650,-0.000000
13.487094,22.634735
14.107828,23.676856
13.334709,23.425175
13.021805,22.910773
14.230322,22.831974
13.656216,22.972182
13.953141,22.355163
16.015134,22.430960
13.930763,23.317347
14.599436,23.382278
15.219846,22.248058
14.647931,22.378010
14.830095,22.752689
14.424569,23.101819
13.616955,23.968901
12.104889,24.760714
15.309559,21.443625
14.869222,21.757586
16.068842,21.581651
15.505121,21.768373
15.751564,21.127645
17.812522,21.031933
15.805955,22.089334
16.481393,22.097641
17.005413,20.915000
16.444136,21.093166
15.550034,22.762892
12.371333,23.989115
11.322949,24.475741
17.027977,20.105230
16.615267,20.455801
17.796461,20.181088
17.250169,20.413123
17.443770,19.754280
19.488374,19.488679
17.576016,20.708947
18.249594,20.661498
18.674824,19.439372
18.130346,19.663033
17.375294,21.401282
16.657958,21.450273
12.970085,23.885472
12.619863,24.508520
12.733401,23.530480
11.590198,25.011411
10.018258,25.675806
11.571787,23.669927
12.060972,23.431843
11.761653,24.030419
11.086037,23.909483
11.921673,24.410175
18.629998,18.630782
18.247788,19.013822
19.400929,18.642690
18.876312,18.918829
19.014427,18.246924
21.030922,17.813073
19.226059,19.186310
19.893646,19.083846
20.215707,17.831180
19.691785,18.098922
19.083253,19.893662
18.373394,20.000696
10.356948,24.953998
10.945090,24.892013
10.553909,25.466073
9.270249,25.321388
10.716820,24.515401
9.860382,25.318766
9.484903,25.882729
20.104710,17.028890
19.754859,17.442669
20.874617,16.976948
20.374470,17.295466
20.456546,16.614199
22.430029,16.015811
20.744493,17.533411
21.401571,17.376140
21.619453,16.100969
21.119218,16.410735
20.661268,18.249792
19.961161,18.415859
9.577631,24.545312
10.083240,24.346284
9.760072,24.914546
9.073367,24.743083
10.206696,24.637890
7.862992,26.415494
21.442302,15.309948
21.128232,15.751475
22.205309,15.195313
21.732848,15.553832
21.758670,14.868691
23.675707,14.108988
22.121547,15.760640
22.763176,15.549762
22.874917,14.260665
22.402115,14.610713
22.097390,16.481749
21.414007,16.704527
8.259363,25.718336
8.853148,25.707541
8.414547,26.251022
7.146537,26.000898
8.662801,25.314415
7.737801,26.045015
7.315267,26.577528
22.633265,13.487099
22.356413,13.953514
23.383848,13.309983
22.942917,13.705922
22.912042,13.021489
24.759905,12.105359
23.347381,13.879965
23.969261,13.616831
23.974351,12.323316
23.532232,12.710888
23.382765,14.600782
22.720463,14.879040
7.518124,25.252567
8.038898,25.095378
6.998975,25.408034
5.654415,26.974920
23.669938,11.572047
23.432245,12.060086
24.403211,11.333638
23.996615,11.764685
23.908744,11.085177
25.675088,10.019481
24.413614,11.904812
25.011796,11.590893
24.910131,10.301614
24.501472,10.724255
24.508556,12.619749
23.871063,12.952340
7.664611,25.636324
8.138669,25.398285
6.107313,26.313498
6.699510,26.351241
6.217982,26.856452
4.974851,26.502575
6.542156,25.943439
5.560216,26.595114
5.095894,27.091065
24.544773,9.577944
24.347997,10.084025
25.255682,9.279820
24.886375,9.742839
24.742479,9.073274
26.414802,7.864942
25.313386,9.848341
25.883461,9.485782
25.675650,8.209492
25.303490,8.664147
25.466892,10.552880
24.859201,10.936895
5.407001,25.787385
5.938675,25.673615
4.876577,25.898925
3.406991,27.348982
25.251972,7.517765
25.097637,8.039241
25.936177,7.162639
25.605851,7.654148
25.407381,6.998826
26.974046,5.655960
26.040014,7.724247
26.578360,7.316026
26.265760,6.060839
25.932866,6.545142
26.251205,8.413451
25.677490,8.846638
5.521684,26.181607
6.013383,25.983675
3.913819,26.727903
4.500419,26.814851
3.979061,27.278649
2.769439,26.822076
4.377699,26.395414
3.345635,26.963173
2.842391,27.419977
25.786862,5.407101
25.675565,5.939288
26.438882,4.995441
26.151318,5.512953
25.897196,4.876845
27.349743,3.408467
26.589053,5.547909
27.091477,5.096026
26.677193,3.870432
26.384200,4.381834
26.856702,6.216759
26.320663,6.695657
3.259801,26.146491
3.797936,26.076323
2.721361,26.212360
1.139020,27.536839
26.145983,3.260668
26.078147,3.798262
26.759935,2.795728
26.518110,3.334226
26.211641,2.721998
27.538296,1.140551
26.956963,3.333914
27.418856,2.841205
26.904505,1.655882
26.656956,2.188521
27.278339,3.978601
26.783164,4.497851
3.341162,26.549177
3.847007,26.390791
1.692641,26.959893
2.270897,27.094450
1.710459,27.514823
-0.000000,26.798308
1.088372,26.326315
0.657639,26.341583
2.184335,26.667888
1.630978,26.302318
0.795886,27.045911
1.284196,27.205453
0.566801,27.560593
0.000000,27.184415
0.600264,26.703905
1.247465,26.693857
26.325828,1.089009
26.300986,1.631966
26.962372,0.000000
26.342006,0.657528
27.068875,0.833732
27.207894,1.349232
26.709431,1.112305
27.560036,0.564900
27.182238,0.000000
26.745025,0.000000
26.670854,0.557859
27.063714,2.270740
