21.119983,-0.000000
21.047052,1.744114
20.830696,3.476080
20.472647,5.184578
19.974266,6.857567
19.339707,8.483652
18.573037,10.051674
17.679537,11.551150
16.665695,12.971403
15.536882,14.304015
14.303525,15.537372
12.970797,16.666342
11.550672,17.680219
10.051578,18.573453
8.483253,19.339994
6.857273,19.974772
5.184282,20.473165
3.476043,20.831291
1.743983,21.048100
-0.000000,21.121095
-0.000000,22.613595
1.867779,22.535453
3.722246,22.304847
5.551294,21.921124
7.342596,21.387535
9.083527,20.708217
10.762508,19.887357
12.368432,18.931144
13.889455,17.844860
15.315113,16.637146
16.636987,15.315140
17.844652,13.889455
18.930800,12.368423
19.887056,10.762426
20.707978,9.083605
21.387272,7.342464
21.920789,5.551041
22.304301,3.722151
22.534870,1.867309
22.612382,0.000000
10.801848,18.128032
11.565805,19.410292
10.809752,18.990255
10.427421,18.350862
11.524715,18.491424
11.021203,18.539107
11.176483,17.904430
13.129437,18.389021
11.337160,18.976642
11.967613,19.170715
12.338822,18.036657
11.826390,18.067911
12.068602,18.516778
11.754391,18.828025
11.164214,19.649350
9.923419,20.298902
12.261697,17.174242
11.907086,17.427281
13.014183,17.479749
12.514087,17.568069
12.616625,16.920790
14.602891,17.242007
12.863207,17.977635
13.510143,18.117103
13.785997,16.956161
13.277131,17.030869
12.749053,18.660604
10.035703,19.461220
9.181057,19.847407
13.638125,16.102615
13.305466,16.384637
14.414104,16.345448
13.922601,16.474470
13.971408,15.820625
15.976772,15.977044
14.303610,16.854030
14.959728,16.939698
15.139408,15.759436
14.638441,15.876028
14.246084,17.544002
13.556927,17.456840
10.559403,19.445598
10.343647,20.093350
10.282512,19.001567
9.503299,20.504123
8.213176,21.049065
9.267939,18.957847
9.660103,18.766297
9.497824,19.405662
8.876543,19.149583
9.702896,19.867538
14.921189,14.921503
14.613295,15.229601
15.713407,15.099159
15.234868,15.268355
15.229574,14.613307
17.241599,14.603166
15.646730,15.615005
16.307663,15.646244
16.388733,14.455671
15.899187,14.613098
15.645985,16.307739
14.952976,16.277038
8.406291,20.254335
8.913111,20.270511
8.649353,20.878783
7.516292,20.531928
8.655126,19.797513
8.025390,20.608982
7.777608,21.218760
16.102349,13.638432
15.820534,13.971326
16.907229,13.750016
16.444020,13.958124
16.384606,13.305471
18.388588,13.129712
16.882533,14.269750
17.543949,14.246390
17.526768,13.053024
17.051813,13.250152
16.939468,14.959839
16.245190,14.987116
7.670728,19.658627
8.077096,19.499715
7.881497,20.120590
7.264802,19.817267
8.227906,19.861884
6.446780,21.655538
17.173719,12.261857
16.920650,12.616755
17.985019,12.306947
17.540465,12.552539
17.427299,11.907134
19.409834,11.566173
18.003404,12.826891
18.660479,12.749077
18.544553,11.560819
18.087599,11.796754
18.116823,13.510250
17.427715,13.594351
6.702871,20.872447
7.209759,20.933298
6.895568,21.521903
5.794522,21.083168
6.996137,20.442625
6.297455,21.199896
5.998792,21.788750
18.127456,10.801909
17.904423,11.176648
18.939418,10.779657
18.516910,11.061064
18.350923,10.427433
20.298502,9.923647
19.000980,11.296207
19.649248,11.164276
19.435805,9.990161
18.999900,10.262786
19.170547,11.967952
18.490910,12.108551
6.021178,20.225186
6.439356,20.100166
5.603447,20.349756
4.636413,22.114212
18.957595,9.268075
18.766190,9.659993
19.765045,9.178983
19.367143,9.494277
19.149287,8.876485
21.048678,8.213566
19.868672,9.688709
20.504010,9.503536
20.194400,8.351154
19.782513,8.658850
20.093094,10.343697
19.427129,10.540341
6.189041,20.703106
6.561467,20.476218
4.956451,21.355613
5.456322,21.457765
5.094734,22.018115
4.033578,21.489858
5.283642,20.950912
4.525050,21.647811
4.179110,22.209937
19.658229,7.670943
19.499812,8.077385
20.455606,7.515516
20.085128,7.862532
19.816923,7.264904
21.655107,6.447209
20.600906,8.014995
21.218711,7.777842
20.815112,6.655039
20.430042,6.995645
20.878657,8.649206
20.231307,8.900146
4.330422,20.653481
4.757375,20.563456
3.903777,20.742905
2.794399,22.421298
20.224711,6.021264
20.100310,6.439518
21.006559,5.800632
20.665932,6.177019
20.349303,5.603526
22.113607,4.636721
21.192410,6.286411
21.788636,5.998965
21.293717,4.913389
20.938200,5.284716
21.521547,6.895405
20.897149,7.198998
4.458533,21.143667
4.847980,20.948112
3.176359,21.692325
3.665909,21.835411
3.259137,22.363798
2.245676,21.749231
3.535439,21.315733
2.722303,21.947522
2.330969,22.479144
20.652883,4.330568
20.563431,4.757623
21.413959,4.045788
21.105673,4.449206
20.742093,3.903903
22.420889,2.794573
21.639201,4.514895
22.209567,4.179157
21.626506,3.137798
21.302783,3.537618
22.017678,5.094482
21.420477,5.448752
2.610282,20.940860
3.042992,20.886129
2.177579,20.994617
0.933756,22.575548
20.940138,2.610573
20.885932,3.043164
21.674204,2.263877
21.400993,2.690962
20.993761,2.177814
22.575026,0.934017
21.938099,2.712570
22.478254,2.330687
21.811861,1.341981
21.522516,1.766557
22.363085,3.259025
21.797221,3.660563
2.697909,21.439912
3.101664,21.276542
1.373673,21.879689
1.850134,22.062891
1.400926,22.556525
0.000000,21.660150
0.871813,21.085111
0.527148,21.098666
1.763895,21.535385
1.307722,21.066626
0.647557,21.967498
1.045177,22.171768
0.466478,22.594928
-0.000000,22.135740
0.481544,21.545318
1.007112,21.542515
21.084180,0.871981
21.065549,1.307969
21.863302,0.000000
21.097957,0.527121
21.994131,0.677291
22.176067,1.098059
21.559026,0.897977
22.594005,0.466092
22.134318,0.000000
21.593028,0.000000
21.503346,0.446782
22.024820,1.848665
