22.299814,0.000000
22.221945,1.841506
21.993498,3.670006
21.615306,5.474026
21.089054,7.240425
20.419099,8.957294
19.609610,10.612820
18.666162,12.195960
17.595686,13.695500
16.403908,15.102481
15.101713,16.404650
13.694473,17.596699
12.195150,18.667210
10.612759,19.610128
8.956639,20.419374
7.239971,21.089659
5.473553,21.615817
3.670057,21.994002
1.841342,22.223150
0.000000,22.301056
-0.000000,23.719486
1.959496,23.637197
3.904490,23.395428
5.822925,22.992977
7.701833,22.433348
9.527776,21.720839
11.289010,20.859876
12.973388,19.856861
14.568729,18.717384
16.064077,17.450642
17.450538,16.063947
18.717214,14.568585
19.856480,12.973232
20.859569,11.288728
21.720642,9.527830
22.433154,7.701547
22.992768,5.822456
23.394951,3.904411
23.636884,1.958678
23.718096,0.000000
11.405381,19.141038
12.131878,20.360464
11.374564,19.982280
11.010520,19.375795
12.130151,19.462749
11.611671,19.532567
11.800644,18.904762
13.772046,19.289170
11.916440,19.946146
12.553658,20.108638
12.983222,18.978643
12.458513,19.033545
12.685328,19.462823
12.350435,19.782036
11.710504,20.611262
10.409207,21.292573
12.946722,18.133865
12.572799,18.400609
13.697698,18.397594
13.184299,18.509322
13.321297,17.866304
15.317635,18.086024
13.520467,18.895955
14.171810,19.003573
14.506117,17.841608
13.986630,17.940930
13.372893,19.574120
10.557999,20.473737
9.660118,20.882536
14.400012,17.002212
14.049316,17.299720
15.170936,17.203698
14.668191,17.357041
14.751958,16.704711
16.758766,16.759091
15.034487,17.715007
15.692342,17.768548
15.930197,16.582520
15.420719,16.724436
14.942963,18.402920
14.249439,18.348696
11.097655,20.437067
10.850528,21.076637
10.831514,20.016188
9.968087,21.507857
8.615084,22.079456
9.785738,20.016978
10.199853,19.814896
10.004939,20.441791
9.373129,20.219478
10.198416,20.882130
15.754769,15.755190
15.430155,16.080191
16.538515,15.892074
16.050820,16.086349
16.080351,15.429954
18.085449,15.318003
16.446159,16.412645
17.106240,16.411804
17.244737,15.210671
16.748840,15.394019
16.411472,17.106232
15.716826,17.108649
8.842372,21.305123
9.366779,21.302361
9.073479,21.900389
7.908565,21.603129
9.116971,20.854407
8.435216,21.660855
8.157849,22.257360
17.001909,14.400445
16.704785,14.751602
17.794972,14.472068
17.324732,14.705944
17.299906,14.049099
19.288587,13.772446
17.745089,14.998663
18.403012,14.943410
18.442206,13.734742
17.963036,13.958198
17.768314,15.692426
17.075047,15.752855
8.099263,20.756993
8.528083,20.589005
8.302317,21.194566
7.671261,20.924451
8.671562,20.932565
6.762095,22.715570
18.133123,12.946904
17.866327,13.321378
18.929356,12.953254
18.479875,13.225043
18.400924,12.572719
20.359839,12.132467
18.923184,13.482120
19.574130,13.372817
19.513178,12.164685
19.054195,12.427142
19.003289,14.171922
18.317948,14.288941
7.050854,21.955950
7.576646,21.999300
7.233799,22.575124
6.096901,22.183042
7.369502,21.534027
6.619146,22.281984
6.291981,22.855138
19.140209,11.405393
18.905064,11.800841
19.933937,11.345857
19.508701,11.653713
19.376205,11.010422
21.292073,10.409529
19.971769,11.873276
20.611327,11.710504
20.451020,10.512019
20.015326,10.811224
20.108609,12.554224
19.435481,12.727281
6.357583,21.355175
6.798965,21.222837
5.917061,21.486676
4.863047,23.196657
20.016783,9.785887
19.814966,10.199520
20.802936,9.661131
20.404543,10.003027
20.219156,9.372872
22.079003,8.615744
20.883818,10.183670
21.507919,9.968444
21.249236,8.787411
20.839756,9.121556
21.076442,10.850518
20.419611,11.079026
6.519568,21.808304
6.915072,21.579575
5.213720,22.464149
5.733852,22.550352
5.344828,23.095647
4.244088,22.610969
5.565571,22.069327
4.756263,22.752696
4.383297,23.296884
20.756556,8.099533
20.589527,8.528506
21.529713,7.910326
21.161024,8.283853
20.924107,7.671320
22.715109,6.762919
21.653476,8.424468
22.257571,8.158242
21.902337,7.002726
21.521879,7.369425
21.900479,9.073096
21.264892,9.355023
4.572346,21.807416
5.022945,21.711943
4.122354,21.901782
2.930791,23.518619
21.354677,6.357599
21.223533,6.799158
22.109630,6.105395
21.772907,6.508012
21.486226,5.917081
23.196007,4.863681
22.275144,6.607534
22.855323,6.292312
22.405853,5.170010
22.057204,5.567086
22.574850,7.233421
21.964765,7.566959
4.696676,22.272307
5.109262,22.076890
3.341208,22.818203
3.852192,22.947196
3.419384,23.458394
2.362762,22.883754
3.724112,22.453699
2.861530,23.067650
2.444889,23.579437
21.806829,4.572508
21.712436,5.023306
22.538359,4.258280
22.236332,4.687557
21.900784,4.122502
23.518539,2.931235
22.744736,4.745619
23.296740,4.383411
22.756252,3.301665
22.441222,3.726757
23.095340,5.344341
22.514849,5.727224
2.756242,22.110912
3.212744,22.052614
2.299740,22.167345
0.979483,23.680408
22.110252,2.756709
22.052939,3.212971
22.812126,2.382870
22.547722,2.835067
22.166486,2.300104
23.680331,0.980044
23.059073,2.851339
23.578478,2.444395
22.950946,1.412176
22.672856,1.861071
23.457720,3.419218
22.910752,3.847510
2.841969,22.584571
3.268750,22.422957
1.444872,23.015608
1.944073,23.186309
1.469838,23.660807
0.000000,22.810816
0.920384,22.263209
0.556321,22.276995
1.858029,22.685221
1.380439,22.243318
0.680729,23.102689
1.098532,23.295450
0.488870,23.700736
0.000000,23.263036
0.508175,22.701446
1.061010,22.696852
22.262325,0.920681
22.242119,1.380869
23.003640,0.000000
22.276540,0.556263
23.128294,0.712280
23.299189,1.154087
22.713001,0.946081
23.699864,0.488116
23.261277,0.000000
22.747348,0.000000
22.661741,0.471714
23.150153,1.942908
