21.786867,-0.000000
21.711115,1.799164
21.487929,3.585690
21.118494,5.348178
20.604361,7.073963
19.949796,8.751360
19.158924,10.368837
18.237188,11.915598
17.191332,13.380665
16.026929,14.755311
14.754664,16.027561
13.379819,17.192186
11.914932,18.238078
10.368763,19.159393
8.750814,19.950066
7.073577,20.604916
5.347780,21.119001
3.585700,21.488467
1.799009,21.712254
0.000000,21.788059
-0.000000,23.237809
1.919554,23.157303
3.825117,22.920396
5.704614,22.526102
7.545363,21.977818
9.334274,21.279769
11.059684,20.436276
12.709887,19.453647
14.272856,18.337334
15.737848,17.096303
17.096177,15.737784
18.337150,14.272772
19.453282,12.709793
20.435977,11.059487
21.279565,9.334339
21.977606,7.545140
22.525851,5.704233
22.919900,3.825023
23.156877,1.918876
23.236482,-0.000000
11.142975,18.700604
11.885315,19.946603
11.128763,19.550556
10.756996,18.930174
11.866690,19.040068
11.354793,19.100375
11.529274,18.469831
13.492147,18.897096
11.664268,19.524101
12.298394,19.700112
12.702780,18.568692
12.183501,18.613435
12.416851,19.050985
12.090936,19.366690
11.472566,20.192283
10.197615,20.859767
12.648881,17.716637
12.283351,17.977423
13.400256,17.998176
12.892725,18.099837
13.014919,17.455206
15.006315,17.718398
13.234348,18.496187
13.883610,18.617457
14.192722,17.456256
13.677952,17.544991
13.101176,19.176219
10.330686,20.033070
9.451629,20.432039
14.068753,16.611075
13.725894,16.901857
14.841587,16.830212
14.343820,16.973079
14.412593,16.320317
16.418154,16.418457
14.716319,17.340201
15.373237,17.407528
15.586046,16.224309
15.080376,16.355322
14.639428,18.028795
13.947965,17.960443
10.863329,20.005445
10.629747,20.648355
10.592659,19.574764
9.765645,21.070664
8.440021,21.630654
9.560607,19.556486
9.965189,19.358977
9.784308,19.991011
9.157220,19.754306
9.982702,20.440456
15.392339,15.392710
15.074993,15.710367
16.179455,15.547022
15.695841,15.730481
15.710452,15.074882
17.717895,15.006643
16.098149,16.065412
16.758406,16.078351
16.872205,14.882092
16.379186,15.054265
16.078053,16.758426
15.384297,16.746623
8.652572,20.847786
9.169274,20.853144
8.888742,21.455415
7.737845,21.136936
8.916037,20.394585
8.256809,21.202945
7.992231,21.804975
16.610793,14.069128
16.320323,14.412351
17.408656,14.157852
16.941580,14.380605
16.901954,13.725774
18.896578,13.492494
17.369599,14.681347
18.028832,14.639813
18.043810,13.438054
17.566597,13.650149
17.407298,15.373328
16.713784,15.419504
7.912938,20.279440
8.332007,20.115394
8.119230,20.727314
7.494536,20.443065
8.478573,20.466809
6.624749,22.253854
17.715990,12.649050
17.455159,13.015020
18.518415,12.672002
18.071189,12.932470
17.977616,12.283326
19.946054,11.885812
18.522785,13.196882
19.176176,13.101140
19.091639,11.901881
18.633668,12.152880
18.617176,13.883713
17.930402,13.986564
6.899398,21.484375
7.416919,21.535219
7.086473,22.116381
5.965303,21.704367
7.207064,21.059194
6.479106,21.810919
6.164279,22.390648
18.699885,11.143003
18.470004,11.529454
19.501164,11.099466
19.077232,11.395883
18.930442,10.756942
20.859316,10.197900
19.549169,11.622065
20.192284,11.472592
20.009210,10.284908
19.573560,10.572618
19.700025,12.298861
19.024283,12.457929
6.211316,20.863872
6.642619,20.734708
5.780702,20.992357
4.764328,22.725177
19.556273,9.560748
19.358981,9.964948
20.351292,9.451319
19.953236,9.781699
19.754009,9.157048
21.630239,8.440571
20.441912,9.968204
21.070660,9.765952
20.790183,8.597553
20.379800,8.920251
20.648138,10.629761
19.987562,10.844524
6.375763,21.327469
6.761253,21.099598
5.101744,21.981678
5.613026,22.074692
5.235891,22.626313
4.152471,22.123051
5.442912,21.582738
4.655611,22.271705
4.294363,22.823439
20.279028,7.913188
20.115744,8.332375
21.062308,7.738521
20.692969,8.100559
20.442734,7.494614
22.253417,6.625406
21.195280,8.246217
21.805088,7.992558
21.429187,6.851414
21.046869,7.206807
21.455418,8.888461
20.814953,9.157005
4.467157,21.305703
4.907483,21.212588
4.027313,21.397916
2.871382,23.040658
20.863393,6.211366
20.735179,6.642800
21.629617,5.972772
21.291332,6.364016
20.991918,5.780749
22.724555,4.764823
21.803815,6.467742
22.390719,6.164544
21.921858,5.058327
21.570374,5.444238
22.116075,7.086189
21.500009,7.406776
4.593065,21.781272
4.995604,21.585852
3.269456,22.328182
3.771090,22.463179
3.349580,22.981630
2.311799,22.389997
3.642026,21.958606
2.800922,22.580023
2.395273,23.100185
21.305116,4.467316
21.212868,4.907799
22.049064,4.165810
21.744450,4.583864
21.397007,4.027452
23.040443,2.871705
22.263476,4.645180
22.823207,4.294451
22.264593,3.230350
21.945936,3.644472
22.625954,5.235505
22.038444,5.605998
2.692778,21.602192
3.138943,21.545436
2.246620,21.657457
0.959568,23.199172
21.601509,2.693175
21.545544,3.139150
22.316936,2.331086
22.048851,2.772373
21.656598,2.246933
23.198899,0.959998
22.571091,2.790929
23.099257,2.394868
22.455216,1.381627
22.172390,1.819950
22.980940,3.349438
22.426006,3.766123
2.779289,22.086571
3.196065,21.924248
1.413874,22.521226
1.903176,22.697229
1.439823,23.179827
0.000000,22.310171
0.899256,21.750997
0.543623,21.764670
1.817070,22.184969
1.348825,21.731702
0.666293,22.608597
1.075302,22.806241
0.479123,23.219084
0.000000,22.772277
0.496592,22.198498
1.037566,22.194666
21.750087,0.899499
21.730549,1.349178
22.507351,0.000000
21.764103,0.543577
22.634629,0.697052
22.810209,1.129689
22.210957,0.925161
23.218185,0.478526
22.770647,0.000000
22.245158,0.000000
22.157827,0.460872
22.660263,1.901881
