20.333586,-0.000000
20.264094,1.679184
20.055745,3.346811
19.711103,4.991647
19.231273,6.602382
18.620290,8.167965
17.882169,9.677696
17.021996,11.121439
16.045933,12.488860
14.959101,13.771907
13.771627,14.959400
12.488562,16.046304
11.121198,17.022400
9.677584,17.882512
8.167769,18.620619
6.602228,19.231717
4.991505,19.711610
3.346758,20.056343
1.679119,20.264892
0.000000,20.334429
-0.000000,21.880539
1.806955,21.805273
3.601432,21.582088
5.371267,21.210787
7.104514,20.694447
8.789121,20.037109
10.413573,19.242820
11.967525,18.317637
13.439312,17.266647
14.818803,16.098064
16.097882,14.818923
17.266428,13.439403
18.317349,11.967598
19.242525,10.413609
20.036808,8.789187
20.694097,7.104488
21.210353,5.371181
21.581520,3.601375
21.804622,1.806785
21.879660,-0.000000
10.399613,17.452823
11.190651,18.780543
10.434425,18.331013
10.038810,17.667707
11.122305,17.845779
10.628407,17.878163
10.760480,17.237701
12.703569,17.792451
10.952575,18.332953
11.579234,18.549091
11.910641,17.410704
11.405943,17.425597
11.659179,17.888694
11.358816,18.194844
10.802135,19.011838
9.601469,19.640305
11.805173,16.534646
11.463453,16.778541
12.559909,16.869713
12.068271,16.941899
12.146988,16.290624
14.129239,16.682658
12.426863,17.367972
13.071649,17.529601
13.307509,16.367825
12.805246,16.425570
12.335589,18.055196
9.688694,18.788477
8.862739,19.159581
13.130387,15.503080
12.809772,15.774745
13.911115,15.775047
13.426675,15.887383
13.451191,15.231430
15.458559,15.458767
13.818415,16.282453
14.474237,16.390401
14.613974,15.212542
14.118161,15.311743
13.784252,16.974817
13.097229,16.864774
10.202120,18.787393
10.007723,19.441634
9.917376,18.326663
9.195248,19.838876
7.946847,20.366141
8.922837,18.251909
9.300323,18.067403
9.160545,18.716447
8.545586,18.436467
9.373939,19.193913
14.365664,14.365898
14.068926,14.662705
15.165043,14.572174
14.692123,14.724232
14.662552,14.069067
16.682389,14.129426
15.116028,15.085476
15.778456,15.138892
15.819962,13.954009
15.334086,14.093708
15.138696,15.778602
14.445926,15.724979
8.116614,19.556228
8.611988,19.585571
8.368283,20.201673
7.255653,19.820127
8.347949,19.094520
7.753316,19.910635
7.525602,20.530430
15.502839,13.130601
15.231245,13.451292
16.317225,13.270133
15.858188,13.460683
15.774569,12.809896
17.792149,12.703737
16.309918,13.785850
16.974655,13.784443
16.918489,12.600053
16.445746,12.779232
16.390192,14.474375
15.694321,14.478790
7.385138,18.926547
7.776493,18.773705
7.601615,19.406232
6.993922,19.079306
7.932671,19.149413
6.237836,20.952985
16.534301,11.805323
16.290400,12.147137
17.357373,11.877388
16.915565,12.105195
16.778358,11.463570
18.780212,11.190832
17.392777,12.391896
18.054983,12.335675
17.900891,11.159558
17.444669,11.377470
17.529351,13.071764
16.836752,13.133248
6.471709,20.152605
6.966251,20.225673
6.671434,20.823835
5.593616,20.352326
6.747807,19.716671
6.083894,20.481500
5.804481,21.082010
17.452440,10.399717
17.237497,10.760621
18.278375,10.403319
17.857120,10.666814
17.667516,10.038898
19.639967,9.601592
18.356445,10.913076
19.011611,10.802219
18.761143,9.643370
18.324448,9.897986
18.548851,11.579407
17.863844,11.697790
5.796987,19.472034
6.199654,19.351927
5.394458,19.591996
4.486237,21.396810
18.251604,8.922955
18.067150,9.300369
19.075146,8.858494
18.676980,9.155821
18.436145,8.545646
20.365774,7.947000
19.194653,9.360076
19.838619,9.195368
19.493406,8.061244
19.079227,8.351060
19.441343,10.007794
18.768210,10.182695
5.969222,19.967975
6.326172,19.742040
4.785563,20.619144
5.272126,20.732512
4.929010,21.303941
3.893717,20.744899
5.096131,20.207008
4.371547,20.914287
4.043771,21.489570
18.926160,7.385275
18.773480,7.776655
19.741643,7.253074
19.369355,7.582236
19.078927,6.994021
20.952555,6.237972
19.902037,7.743119
20.530158,7.525697
20.092610,6.423985
19.703765,6.747005
20.201393,8.368275
19.545074,8.598134
4.169208,19.884358
4.580368,19.798018
3.758142,19.970504
2.704005,21.694029
19.471571,5.797075
19.351669,6.199765
20.273382,5.598061
19.929499,5.956809
19.591528,5.394539
21.396258,4.486316
20.473541,6.073207
21.081662,5.804533
20.554704,4.742868
20.193876,5.096882
20.823435,6.671397
20.188339,6.954702
4.300161,20.392946
4.674120,20.197028
3.066867,20.944327
3.542279,21.097399
3.152954,21.638288
2.167910,20.995351
3.409955,20.558800
2.629867,21.203859
2.255445,21.749884
19.883792,4.169301
19.797645,4.580495
20.666633,3.904552
20.353524,4.290633
19.969859,3.758223
21.693464,2.704031
20.905245,4.361715
21.489071,4.043769
20.875823,3.028910
20.545563,3.411794
21.303452,4.928923
20.693935,5.263871
2.513020,20.160972
2.929844,20.108668
2.096199,20.212969
0.903437,21.843219
20.160303,2.513143
20.108177,2.929934
20.917971,2.184799
20.638167,2.595102
20.212243,2.096301
21.842561,0.903505
21.193918,2.620447
21.749155,2.255336
21.055022,1.295337
20.757421,1.703693
21.637642,3.152897
21.057986,3.536470
2.602121,20.678497
2.990493,20.513700
1.326422,21.124956
1.787780,21.317134
1.355241,21.824561
0.000000,20.894860
0.839497,20.299810
0.507777,20.313269
1.701306,20.770516
1.259260,20.282347
0.625513,21.213369
1.009767,21.425890
0.451605,21.861981
0.000000,21.387342
0.463819,20.776049
0.971243,20.774528
20.299026,0.839560
20.281526,1.259354
21.105697,0.000000
20.312551,0.507773
21.240934,0.654046
21.430783,1.060902
20.791505,0.865939
21.861197,0.451482
21.386389,0.000000
20.825247,0.000000
20.732622,0.430177
21.277809,1.786106
