20.290770,-0.000000
20.221469,1.675648
20.013553,3.339773
19.669639,4.981143
19.190816,6.588488
18.581116,8.150779
17.844551,9.657338
16.986196,11.098049
16.012193,12.462595
14.927648,13.742946
13.742673,14.927942
12.462313,16.012555
11.097820,16.986593
9.657225,17.844901
8.150595,18.581461
6.588344,19.191270
4.981011,19.670156
3.339721,20.014157
1.675588,20.222255
-0.000000,20.291598
-0.000000,21.840733
1.803650,21.765626
3.594871,21.542846
5.361492,21.172221
7.091586,20.656817
8.773136,20.000673
10.394627,19.207826
11.945757,18.284329
13.414871,17.235257
14.791856,16.068798
16.068612,14.791984
17.235032,13.414969
18.284037,11.945834
19.207521,10.394667
20.000356,8.773199
20.656450,7.091565
21.171771,5.361415
21.542270,3.594818
21.764969,1.803500
21.839873,-0.000000
10.377716,17.416067
11.170280,18.746352
10.414020,18.295176
10.017655,17.630519
11.100426,17.810678
10.607042,17.842215
10.737834,17.201408
12.680445,17.760062
10.931676,18.297977
11.558146,18.515342
11.887364,17.376679
11.383076,17.390666
11.636931,17.854567
11.337324,18.160445
10.782474,18.977225
9.583987,19.604546
11.780322,16.499830
11.439305,16.743228
12.535211,16.836550
12.044024,16.907845
12.121423,16.256323
14.103522,16.652292
12.403152,17.334846
13.047840,17.497706
13.281498,16.335847
12.779583,16.392654
12.313138,18.022328
9.669831,18.751909
8.845435,19.122192
13.102749,15.470447
12.782790,15.741548
13.883769,15.744040
13.399703,15.855455
13.422872,15.199360
15.430423,15.430629
13.792051,16.251398
14.447878,16.360580
14.585411,15.182816
14.089866,15.281058
13.759177,16.943918
13.072250,16.832606
10.182706,18.751629
9.989483,19.406249
9.897518,18.289959
9.178521,19.802757
7.932387,20.329062
8.904050,18.213481
9.280737,18.029358
9.142202,18.678964
8.527570,18.397648
9.356063,19.157310
14.335423,14.335657
14.039293,14.631848
15.135230,14.543527
14.662604,14.694641
14.631683,14.039445
16.652025,14.103705
15.087190,15.056706
15.749722,15.111348
15.789042,13.926741
15.303352,14.065464
15.111153,15.749877
14.418375,15.694985
8.100868,19.518283
8.595626,19.548356
8.353022,20.164910
7.241484,19.781434
8.331243,19.056289
7.738531,19.872689
7.511918,20.493058
15.470202,13.102961
15.199164,13.422986
16.285146,13.244045
15.826323,13.433631
15.741358,12.782923
17.759761,12.680607
16.278801,13.759558
16.943743,13.759362
16.885419,12.575431
16.412781,12.753623
16.360368,14.448019
15.664387,14.451171
7.369591,18.886696
7.760128,18.734185
7.586393,19.367383
6.979176,19.039135
7.916610,19.110659
6.226491,20.914841
16.499488,11.780474
16.256087,12.121574
17.323244,11.854035
16.881573,12.080866
16.743025,11.439426
18.746019,11.170450
17.359593,12.368259
18.022103,12.313227
17.865894,11.137745
17.409696,11.354667
17.497451,13.047957
16.804638,13.108194
6.459144,20.113479
6.953020,20.187226
6.659265,20.785933
5.582695,20.312598
6.734302,19.677191
6.072289,20.442465
5.793930,21.043639
17.415686,10.377824
17.201184,10.737974
18.242428,10.382857
17.821227,10.645371
17.630303,10.017748
19.604201,9.584102
18.321414,10.892255
18.976982,10.782557
18.724457,9.624516
18.287703,9.878144
18.515089,11.558309
17.829765,11.675469
5.784783,19.431035
6.186605,19.311198
5.383081,19.550747
4.478083,21.357859
18.213161,8.904167
18.029086,9.280790
19.037626,8.841067
18.639432,9.137411
18.397312,8.527634
20.328684,7.932524
19.158017,9.342216
19.802480,9.178632
19.455287,8.045481
19.040966,8.334319
19.405947,9.989553
18.732396,10.163259
5.957268,19.927996
6.313373,19.702106
4.776274,20.579113
5.262118,20.693107
4.920012,21.265164
3.886114,20.704404
5.085933,20.166552
4.363205,20.874429
4.036421,21.450458
18.886297,7.369722
18.733929,7.760281
19.702815,7.238804
19.330413,7.566988
19.038741,6.979273
20.914398,6.226610
19.864049,7.728343
20.492761,7.512004
20.053322,6.411423
19.664254,6.733480
20.164608,8.353020
19.507774,8.581721
4.160433,19.842490
4.570733,19.756352
3.750215,19.928457
2.699096,21.654541
19.430562,5.784868
19.310905,6.186711
20.233511,5.587046
19.889435,5.944829
19.550267,5.383161
21.357300,4.478149
20.434467,6.061620
21.043266,5.793975
20.514521,4.733597
20.153385,5.086664
20.785519,6.659233
20.149812,6.941425
4.291548,20.352119
4.664663,20.156174
3.060915,20.903669
3.535562,21.057299
3.147189,21.598894
2.163684,20.954369
3.403130,20.517633
2.624843,21.163449
2.251343,21.710287
19.841917,4.160520
19.755950,4.570850
20.625995,3.896872
20.312607,4.282007
19.927814,3.750292
21.653962,2.699116
20.865354,4.353391
21.449944,4.036417
20.835009,3.022990
20.504374,3.404949
21.264663,4.919935
20.654446,5.253824
2.507726,20.118516
2.923684,20.066346
2.091770,20.170418
0.901790,21.803453
20.117846,2.507837
20.065833,2.923768
20.876853,2.180500
20.596671,2.589888
20.169696,2.091862
21.802787,0.901848
21.153475,2.615441
21.709563,2.251246
21.013875,1.292802
20.715806,1.700274
21.598246,3.147136
21.017810,3.529727
2.596912,20.637085
2.984446,20.472205
1.323854,21.083928
1.784392,21.276612
1.352760,21.784815
-0.000000,20.853240
0.837739,20.257057
0.506725,20.270512
1.697902,20.728916
1.256623,20.239652
0.624315,21.172377
1.007843,21.385362
0.450796,21.822181
-0.000000,21.346673
0.462854,20.734203
0.969291,20.732754
20.256281,0.837795
20.238845,1.256707
21.064511,0.000000
20.269794,0.506722
21.199995,0.652782
21.390288,1.058884
20.749759,0.864195
21.821405,0.450689
21.345748,0.000000
20.783486,0.000000
20.690695,0.429273
21.237214,1.782707
