26.348118,-0.000000
26.254666,2.175777
25.984658,4.335718
25.537493,6.467612
24.915606,8.554672
24.124131,10.583107
23.167693,12.539064
22.052908,14.409448
20.788112,16.181125
19.380233,17.843320
17.841748,19.381693
16.178833,20.790164
14.407622,22.054940
12.539105,23.168451
10.581629,24.124510
8.553650,24.916502
6.466494,25.538010
4.336023,25.984967
2.175646,26.256236
-0.000000,26.349544
-0.000000,27.560002
2.277756,27.464392
4.537116,27.183773
6.766195,26.716239
8.949433,26.066090
11.070838,25.238210
13.117694,24.237847
15.074763,23.072197
16.928236,21.748129
18.665662,20.276382
20.276496,18.665000
21.748097,16.927666
23.071850,15.074116
24.237500,13.116850
25.237942,11.070900
26.065891,8.948908
26.716228,6.765316
27.183218,4.537469
27.464846,2.276250
27.558658,0.000000
13.476925,22.617663
14.098103,23.660528
13.325097,23.408285
13.011980,22.893499
14.220027,22.815452
13.646204,22.955334
13.942628,22.338301
16.004094,22.415492
13.920873,23.300789
14.589366,23.366161
15.208878,22.232019
14.637208,22.361624
14.819564,22.736530
14.414381,23.085506
13.607573,23.952369
12.096542,24.743639
15.298016,21.427452
14.858004,21.741182
16.057218,21.566036
15.493756,21.752410
15.739694,21.111708
17.800243,21.017430
15.794734,22.073650
16.470026,22.082408
16.993157,20.899922
16.432100,21.077722
15.539320,22.747192
12.362438,23.971865
11.314794,24.458111
17.015140,20.090067
16.602733,20.440380
17.783590,20.166486
17.237525,20.398153
17.430623,19.739378
19.474940,19.475241
17.563538,20.694243
18.237008,20.647256
18.661365,19.425358
18.117076,19.648636
17.363323,21.386520
16.646132,21.435039
12.960889,23.868532
12.611154,24.491623
12.724085,23.513262
11.582215,24.994161
10.011351,25.658099
11.563062,23.652076
12.051883,23.414167
11.753048,24.012837
11.077670,23.891452
11.913212,24.392846
18.615953,18.616731
18.234024,18.999487
19.386896,18.629202
18.862477,18.904954
19.000097,18.233159
21.016427,17.800790
19.212411,19.172688
19.879929,19.070691
20.201139,17.818325
19.677372,18.085670
19.070105,19.879938
18.360350,19.986491
10.349517,24.936091
10.937338,24.874376
10.546622,25.448517
9.263570,25.303145
10.708984,24.497463
9.853384,25.300799
9.478372,25.864879
20.089554,17.016046
19.739961,17.429520
20.859521,16.964665
20.359537,17.282782
20.441129,16.601664
22.414569,16.004767
20.729768,17.520962
21.386815,17.364165
21.603873,16.089361
21.103761,16.398720
20.647031,18.237202
19.946991,18.402780
9.570408,24.526800
10.075644,24.327922
9.752931,24.896320
9.066517,24.724423
10.199182,24.619745
7.857572,26.397278
21.426138,15.298401
21.112299,15.739601
22.189250,15.184319
21.716920,15.542425
21.742271,14.857471
23.659390,14.099258
22.105845,15.749450
22.747482,15.539045
22.858433,14.250384
22.385720,14.600015
22.082164,16.470377
21.398806,16.692663
8.253434,25.699872
8.846878,25.689322
8.408735,26.232924
7.141389,25.982166
8.656466,25.295892
7.732308,26.026531
7.310230,26.559200
22.616204,13.476927
22.339556,13.942997
23.366937,13.300352
22.926102,13.695870
22.894773,13.011662
24.742840,12.097011
23.330809,13.870110
23.952737,13.607447
23.957075,12.314431
23.515009,12.701582
23.366653,14.590706
22.704335,14.868472
7.512454,25.233522
8.032842,25.076453
6.993689,25.388871
5.650519,26.956317
23.652094,11.563319
23.414578,12.050996
24.385563,11.325437
23.979028,11.756056
23.890725,11.076810
25.657392,10.012571
24.396286,11.896359
24.994554,11.582907
24.892180,10.294187
24.483541,10.716403
24.491667,12.611039
23.854118,12.943140
7.659002,25.617568
8.132680,25.379583
6.102928,26.294608
6.694767,26.332566
6.213684,26.837935
4.971266,26.483481
6.537372,25.924456
5.556269,26.576239
5.092386,27.072382
24.526270,9.570719
24.329640,10.076426
25.237419,9.273105
24.868136,9.735692
24.723830,9.066424
26.396597,7.859517
25.295420,9.841348
25.865619,9.479247
25.657149,8.203573
25.284972,8.657804
25.449342,10.545595
24.841555,10.929126
5.402923,25.767936
5.934203,25.654254
4.872891,25.879392
3.404646,27.330122
25.232937,7.512095
25.078715,8.033183
25.917420,7.157455
25.587085,7.648534
25.388230,6.993540
26.955455,5.652059
26.021532,7.718763
26.560040,7.310987
26.246834,6.056469
25.913888,6.540351
26.233114,8.407641
25.659262,8.840353
5.517643,26.162452
6.008957,25.964542
3.911009,26.708716
4.497235,26.795848
3.976305,27.259840
2.767444,26.802752
4.374497,26.376100
3.343259,26.944037
2.840434,27.401067
25.767423,5.403023
25.656208,5.934814
26.419763,4.991826
26.132151,5.508910
25.877677,4.873158
27.330891,3.406117
26.570181,5.543969
27.072804,5.092519
26.657969,3.867642
26.364892,4.378625
26.838193,6.212464
26.301979,6.690901
3.257341,26.126770
3.795078,26.056659
2.719300,26.192592
1.138235,27.517850
26.126273,3.258205
26.058488,3.795403
26.740583,2.793704
26.498672,3.331781
26.191884,2.719937
27.519312,1.139762
26.937828,3.331544
27.399958,2.839252
26.885120,1.654686
26.637447,2.186916
27.259539,3.975847
26.764153,4.494656
3.338716,26.529752
3.844176,26.371359
1.691424,26.940536
2.269292,27.075248
1.709274,27.495848
0.000000,26.778763
1.087550,26.306460
0.657142,26.321719
2.182736,26.648374
1.629756,26.282481
0.795322,27.026554
1.283285,27.186239
0.566418,27.541587
0.000000,27.165149
0.599814,26.684299
1.246553,26.674277
26.305982,1.088186
26.281160,1.630741
26.942959,0.000000
26.322149,0.657032
27.049541,0.833136
27.188697,1.348273
26.689864,1.111492
27.541041,0.564522
27.162983,0.000000
26.725450,0.000000
26.651232,0.557437
27.044501,2.269130
