26.020654,0.000000
25.928408,2.148729
25.661758,4.281851
25.220164,6.387220
24.606010,8.448336
23.824368,10.451567
22.879818,12.383217
21.778893,14.230360
20.529818,15.980021
19.139421,17.621572
17.620053,19.140835
15.977820,20.531799
14.228606,21.780863
12.383248,22.880568
10.450154,23.824740
8.447362,24.606893
6.386159,25.220684
4.282144,25.662081
2.148592,25.929954
-0.000000,26.022073
-0.000000,27.247141
2.251841,27.152571
4.485595,26.875125
6.689360,26.412894
8.847800,25.770122
10.945126,24.951643
12.968713,23.962642
14.903557,22.810247
16.736002,21.501212
18.453705,20.046165
20.046257,18.453088
21.501166,16.735464
22.809887,14.902950
23.962295,12.967907
24.951384,10.945179
25.769927,8.847278
26.412871,6.688495
26.874584,4.485896
27.152973,2.250367
27.245767,0.000000
13.309326,22.336410
13.937909,23.391683
13.166727,23.130111
12.850051,22.608911
14.050386,22.543316
13.481232,22.677813
13.769351,22.060510
15.822245,22.160803
13.757938,23.028102
14.423508,23.100781
15.028157,21.967854
14.460515,22.091726
14.646066,22.470411
14.246538,22.816859
13.453036,23.680167
11.959071,24.462495
15.107785,21.160997
14.673113,21.470928
15.865687,21.308845
15.306484,21.489451
15.544054,20.849140
17.597982,20.778618
15.609865,21.815343
16.282790,21.831585
16.791221,20.651589
16.233769,20.823327
15.362840,22.488678
12.215897,23.687769
11.180435,24.167759
16.803563,19.840245
16.396144,20.186302
17.571509,19.925987
17.029177,20.151564
17.213935,19.493856
19.253652,19.253966
17.357957,20.452070
18.029694,20.412739
18.439604,19.194526
17.898397,19.411487
17.166144,21.143437
16.451291,21.184147
12.809394,23.589561
12.467713,24.213417
12.570579,23.229648
11.450722,24.710130
9.897581,25.366561
11.419264,23.357994
11.902075,23.122966
11.611265,23.723235
10.939762,23.594391
11.773813,24.107470
18.384469,18.385225
18.007177,18.763319
19.155678,18.407025
18.634484,18.676406
18.763902,18.006362
20.777641,17.598523
18.987549,18.948333
19.653960,18.854083
19.961090,17.606590
19.439866,17.867379
18.853517,19.653956
18.145446,19.752549
10.227091,24.641180
10.809634,24.583942
10.426610,25.159464
9.153539,25.002698
10.579861,24.201997
9.738101,25.004910
9.370799,25.570971
19.839749,16.804433
19.494400,17.212883
20.610758,16.762334
20.113449,17.073836
20.187014,16.395146
22.159896,15.822906
20.487151,17.315930
21.143727,17.166960
21.347156,15.898169
20.849046,16.200792
20.412511,18.029871
19.713518,18.187364
9.451372,24.221818
9.950461,24.025426
9.635279,24.596107
8.953630,24.417007
10.075362,24.320865
7.768309,26.097339
21.159718,15.108152
20.849684,15.543975
21.924630,15.003220
21.454434,15.354514
21.471966,14.672617
23.390579,13.939029
21.847135,15.565142
22.488954,15.362575
22.586812,14.081027
22.115531,14.423791
21.831335,16.283114
21.148350,16.497261
8.155752,25.395793
8.743590,25.389303
8.313010,25.934943
7.056574,25.673669
8.552087,24.990796
7.641821,25.722139
7.227278,26.257427
22.334983,13.309326
22.061693,13.769705
23.088268,13.141702
22.648995,13.530277
22.610132,12.849744
24.461711,11.959537
23.057764,13.707790
23.680520,13.452916
23.672399,12.168078
23.231187,12.548270
23.101227,14.424788
22.438597,14.694410
7.419008,24.919760
7.933039,24.764674
6.906579,25.073180
5.586348,26.650024
23.357986,11.419512
23.123358,11.901224
24.094751,11.190344
23.689184,11.613907
23.593705,10.938946
25.365867,9.898773
24.110769,11.757137
24.710506,11.451391
24.596387,10.171837
24.188032,10.587057
24.213437,12.467601
23.574917,12.791604
7.566586,25.308642
8.033988,25.071545
6.030696,25.983499
6.616628,26.025046
6.142892,26.533070
4.912218,26.169023
6.458554,25.611791
5.491242,26.265420
5.034622,26.764789
24.221285,9.451687
24.027054,9.951217
24.936450,9.162490
24.567539,9.617962
24.416440,8.953548
26.096673,7.770175
24.999379,9.726172
25.571679,9.371637
25.352272,8.106066
24.979785,8.553309
25.160223,10.425622
24.550800,10.801165
5.335715,25.447526
5.860494,25.335296
4.812159,25.557597
3.366035,27.019593
24.919174,7.418684
24.766818,7.933366
25.608326,7.072058
25.277808,7.556049
25.072556,6.906438
26.649174,5.587826
25.716999,7.628430
26.258224,7.228007
25.934956,5.984483
25.601114,6.461415
25.935080,8.311971
25.358927,8.736834
5.451057,25.846963
5.936034,25.649396
3.864724,26.392722
4.444780,26.482927
3.930917,26.950160
2.734575,26.484512
4.321745,26.057984
3.304102,26.628916
2.808214,27.089726
25.446999,5.335824
25.337141,5.861092
26.104695,4.932283
25.816256,5.442303
25.555938,4.812413
27.020305,3.367418
26.259218,5.479075
26.765171,5.034764
26.341166,3.821687
26.046687,4.325757
26.533271,6.141727
25.994112,6.612561
3.216794,25.801880
3.747982,25.732706
2.685347,25.866937
1.125304,27.205214
25.801370,3.217633
25.734424,3.748301
26.421683,2.760355
26.178320,3.291493
25.866208,2.685967
27.206558,1.126758
26.622538,3.292509
27.088623,2.807089
26.565676,1.634989
26.315934,2.160485
26.949813,3.930492
26.450901,4.442038
3.298422,26.209805
3.797532,26.051285
1.671375,26.621754
2.242847,26.759049
1.689759,27.183431
0.000000,26.456858
1.074007,25.979361
0.648955,25.994468
2.156388,26.326961
1.609606,25.955682
0.786015,26.707789
1.268263,26.869837
0.560107,27.228669
-0.000000,26.847880
0.592391,26.361376
1.231516,26.351766
25.978845,1.074621
25.954362,1.610546
26.623053,0.000000
25.994832,0.648848
26.730950,0.823323
26.872375,1.332478
26.367372,1.098094
27.228095,0.558298
26.845721,0.000000
26.402842,0.000000
26.327832,0.550496
26.727921,2.242605
