20.061467,0.000000
19.993191,1.656699
19.787581,3.302051
19.447550,4.924849
18.974115,6.514036
18.371282,8.058685
17.643051,9.548257
16.794440,10.972730
15.831480,12.321879
14.759194,13.587777
13.587607,14.759393
12.321729,15.831718
10.972610,16.794712
9.548179,17.643340
8.058605,18.371597
6.513976,18.974481
4.924801,19.447957
3.302027,19.788029
1.656680,19.993695
-0.000000,20.061986
-0.000000,21.627519
1.785958,21.553280
3.559743,21.332679
5.309163,20.965686
7.022389,20.455311
8.687576,19.805567
10.293221,19.020460
11.829260,18.106005
13.284081,17.067217
14.647663,15.912139
15.911986,14.647779
17.067027,13.284168
18.105773,11.829322
19.020195,10.293258
19.805270,8.687604
20.454972,7.022387
20.965300,5.309141
21.332241,3.559724
21.552804,1.785920
21.626993,-0.000000
10.260435,17.219094
11.061259,18.563291
10.304775,18.103218
9.904347,17.431225
10.983286,17.622660
10.492641,17.649630
10.616537,17.006920
12.556699,17.586669
10.819800,18.110659
11.445287,18.334648
11.762749,17.194439
11.260636,17.203540
11.517837,17.671805
11.222276,17.976229
10.677245,18.791905
9.490421,19.413077
11.647223,16.313270
11.309967,16.553994
12.402989,16.658932
11.914194,16.725418
11.984499,16.072522
13.965906,16.489734
12.276230,17.157457
12.920428,17.326953
13.142252,16.164584
12.642176,16.216340
12.192988,17.846364
9.568838,18.556033
8.752784,18.921906
12.954722,15.295597
12.638280,15.563668
13.737376,15.577980
13.255291,15.684439
13.271200,15.027530
15.279864,15.280010
13.650932,16.085108
14.306824,16.200945
14.432507,15.023627
13.938371,15.116702
13.624989,16.778505
12.938549,16.660350
10.078779,18.560090
9.891859,19.216783
9.791183,18.093319
9.088991,19.609353
7.854988,20.130507
8.803421,18.007532
9.175822,17.825472
9.043978,18.478147
8.431066,18.189601
9.260367,18.961263
14.173457,14.173631
13.880584,14.466522
14.975627,14.390109
14.504553,14.536149
14.466357,13.880735
16.489549,13.966022
14.932837,14.902654
15.595969,14.963903
15.623517,13.780716
15.138798,13.914189
14.963766,15.596109
14.270907,15.534381
8.016565,19.315019
8.508033,19.349034
8.271337,19.968047
7.165621,19.574153
8.241782,18.851456
7.659377,19.669438
7.438674,20.292935
15.295397,12.954869
15.027346,13.271331
16.113409,13.104337
15.655713,13.288736
15.563473,12.638404
17.586448,12.556789
16.112247,13.618778
16.778333,13.625100
16.708377,12.443571
16.236280,12.616460
16.200779,14.306937
15.504171,14.303291
7.286316,18.673109
7.672468,18.522376
7.504882,19.159232
6.900190,18.823828
7.830600,18.903006
6.165765,20.710568
16.313023,11.647336
16.072304,11.984617
17.140526,11.728964
16.699563,11.950554
16.553771,11.310069
18.563035,11.061333
17.181961,12.241693
17.846153,12.193057
17.678525,11.020922
17.222433,11.232531
17.326749,12.920514
16.632745,12.974042
6.391867,19.903873
6.882187,19.981286
6.594125,20.582962
5.524216,20.099761
6.661976,19.465653
6.010156,20.233367
5.737451,20.838149
17.218812,10.260521
17.006678,10.616634
18.049957,10.273266
17.629025,10.530510
17.430972,9.904425
19.412789,9.490467
18.133888,10.780763
18.791661,10.677296
18.528038,9.523537
18.090938,9.771864
18.334416,11.445363
17.647345,11.555949
5.719411,19.211288
6.116703,19.092894
5.322145,19.329655
4.434432,21.149253
18.007236,8.803494
17.825192,9.175884
18.836735,8.747728
18.438360,9.038791
18.189295,8.431124
20.130181,7.855026
18.961890,9.246571
19.609071,9.089032
19.251196,7.961059
18.836082,8.244637
19.216511,9.891899
18.540680,10.059178
5.893249,19.713779
6.244825,19.488120
4.726540,20.364651
5.208536,20.482026
4.871845,21.057496
3.845403,20.487437
5.031321,19.949772
4.318541,20.660913
3.997076,21.240989
18.672768,7.286379
18.522072,7.672539
19.494920,7.162366
19.121879,7.485309
18.823482,6.900243
20.710198,6.165790
19.660687,7.649215
20.292619,7.438698
19.842980,6.344140
19.452683,6.661030
19.967745,8.271348
19.308094,8.493823
4.113429,19.618065
4.519117,19.533016
3.707757,19.703075
2.672815,21.443045
19.210904,5.719454
19.092555,6.116752
20.020044,5.528050
19.674897,5.880656
19.329263,5.322184
21.148830,4.434440
20.225303,5.999573
20.837787,5.737458
20.299401,4.683946
19.936580,5.031931
20.582605,6.594119
19.943570,6.870328
4.245425,20.133343
4.614012,19.937247
3.029049,20.685831
3.499596,20.842484
3.116322,21.387906
2.141051,20.734784
3.366583,20.297035
2.597945,20.946960
2.229380,21.498206
19.617634,4.113463
19.532628,4.519160
20.408438,3.855743
20.093521,4.235797
19.702624,3.707788
21.442595,2.672813
20.651832,4.308817
21.240569,3.997068
20.616523,2.991287
20.283841,3.368286
21.057091,4.871823
20.443068,5.200022
2.479369,19.890929
2.890690,19.839481
2.068048,19.942320
0.892971,21.590459
19.890458,2.479402
19.839047,2.890719
20.656742,2.157475
20.374501,2.561957
19.941833,2.068076
21.589977,0.892981
20.937008,2.588638
21.497720,2.229353
20.793626,1.279222
20.493010,1.681959
21.387446,3.116304
20.802769,3.493623
2.569018,20.415168
2.952061,20.249829
1.310109,20.864099
1.766249,21.059521
1.339473,21.571928
0.000000,20.630195
0.828328,20.027869
0.501090,20.041305
1.679676,20.505981
1.242496,20.010780
0.617896,20.952741
0.997540,21.168238
0.446465,21.609008
0.000000,21.128790
0.457689,20.509937
0.958840,20.508883
20.027362,0.828343
20.010269,1.242518
20.844054,0.000000
20.040810,0.501091
20.980875,0.646016
21.173573,1.048082
20.526261,0.854853
21.608500,0.446441
21.128248,0.000000
20.559905,0.000000
20.466215,0.424430
21.019944,1.764507
