27.874853,-0.000000
27.775865,2.301921
27.490213,4.586906
27.017095,6.842466
26.359155,9.050504
25.521839,11.196452
24.509973,13.265745
23.330567,15.244496
21.992473,17.118822
20.503084,18.877273
18.875458,20.504750
17.116119,21.994843
15.242348,23.332876
13.265827,24.510777
11.194665,25.522278
9.049247,26.360139
6.841074,27.017624
4.587244,27.490505
2.301817,27.777577
-0.000000,27.876344
0.000000,29.022898
2.398905,28.922498
4.777979,28.627029
7.125444,28.134694
9.424638,27.450043
11.658648,26.578199
13.814307,25.524701
15.875315,24.297066
17.827107,22.902707
19.656756,21.352872
21.353077,19.655898
22.902724,17.826412
24.296768,15.874495
25.524334,13.813310
26.577854,11.658777
27.449791,9.424136
28.134699,7.124539
28.626354,4.778608
28.923139,2.397292
29.021694,-0.000000
14.258397,23.929039
14.847165,24.917630
14.064580,24.707224
13.766998,24.220450
15.012064,24.086022
14.416112,24.250476
14.750516,23.633583
16.854417,23.606389
14.682034,24.574687
15.364924,24.607053
16.052755,23.465553
15.461881,23.621298
15.630101,23.979766
15.198601,24.340759
14.330137,25.225193
12.739358,26.058240
16.185006,22.669843
15.720091,23.001285
16.951459,22.766849
16.367744,22.979604
16.651855,22.336000
18.745998,22.134089
16.658366,23.280373
17.345525,23.255234
17.936080,22.059534
17.357756,22.265050
16.364489,23.956010
13.046757,25.298582
11.942188,25.813981
18.001656,21.254920
17.565989,21.625051
18.773784,21.289372
18.209881,21.548965
18.440911,20.884191
20.509668,20.509898
18.523923,21.825588
19.206386,21.743828
19.696865,20.503235
19.137698,20.755466
18.285299,22.523184
17.556385,22.607137
13.668689,25.171862
13.281874,25.792495
13.440569,24.836971
12.197043,26.322293
10.543367,27.021303
12.233562,25.023284
12.750329,24.771976
12.414801,25.364468
11.720691,25.276539
12.564437,25.726029
19.695295,19.696171
19.291738,20.100651
20.466442,19.666523
19.926501,19.971568
20.101342,19.290666
22.132964,18.746575
20.262874,20.220795
20.936524,20.083524
21.322033,18.807032
20.785867,19.104491
20.082830,20.936638
19.364329,21.079402
10.921271,26.313361
11.533986,26.231334
11.107774,26.800110
9.777371,26.706137
11.311647,25.876516
10.391947,26.683109
9.981361,27.239198
21.254317,18.002742
20.884923,18.439612
22.020970,17.909338
21.508009,18.257917
21.625930,17.564611
23.605395,16.855136
21.863172,18.478805
22.523464,18.286259
22.802598,16.982145
22.292569,17.322502
21.743606,19.206682
21.037714,19.409142
10.125465,25.948833
10.659290,25.738390
10.302045,26.297496
9.592875,26.157793
10.776946,26.014419
8.274989,27.799770
22.668369,16.185489
22.336777,16.651719
23.424745,16.029856
22.941918,16.419399
23.002561,15.719407
24.916316,14.848478
23.314427,16.610477
23.956325,16.364191
24.126748,15.041203
23.646742,15.422506
23.255000,17.346022
22.568863,17.605533
8.709621,27.119949
9.329465,27.091041
8.856336,27.626251
7.537436,27.422749
9.143637,26.719882
8.155030,27.448567
7.698104,27.970291
23.927438,14.258412
23.635125,14.750971
24.668017,14.041070
24.219334,14.468685
24.221909,13.766653
26.057363,12.739831
24.606355,14.628417
25.225578,14.330004
25.286348,12.997839
24.839660,13.417134
24.607742,15.366542
23.945789,15.681643
7.948194,26.696493
8.498143,26.530206
7.399856,26.860829
5.950608,28.388535
25.023421,12.233867
24.772423,12.749303
25.743335,11.956170
25.331698,12.419462
25.275576,11.719638
27.020522,10.544683
25.730095,12.546761
26.322713,12.197843
26.273367,10.865506
25.862736,11.320104
25.792619,13.281759
25.158460,13.651071
8.090342,27.059403
8.593187,26.817017
6.440271,27.747513
7.059853,27.769348
6.544700,28.263452
5.246998,27.951902
6.905248,27.383784
5.860043,28.028307
5.362483,28.510692
25.948308,10.125754
25.740481,10.660196
26.642611,9.789544
26.270984,10.285146
26.157039,9.592735
27.798997,8.277277
26.678389,10.379416
27.240032,9.982404
27.080748,8.658884
26.709332,9.145524
26.801216,11.106590
26.199871,11.526929
5.716320,27.261904
6.277848,27.141488
5.156079,27.379817
3.585205,28.782167
26.695894,7.947666
26.532969,8.498556
27.360547,7.556160
27.030438,8.080163
26.860073,7.399684
28.387590,5.952421
27.444173,8.140777
27.971282,7.698975
27.703131,6.392628
27.373653,6.908772
27.626674,8.855000
27.062337,9.323970
5.828420,27.634924
6.349227,27.435147
4.127164,28.184450
4.742318,28.257860
4.188561,28.707863
2.920937,28.288846
4.620719,27.860860
3.526173,28.416223
2.991090,28.856888
27.261440,5.716366
27.143901,6.278510
27.890785,5.269823
27.606379,5.819773
27.377816,5.156414
28.783139,3.587095
28.022869,5.847126
28.511252,5.362549
28.137251,4.082230
27.850008,4.625376
28.263952,6.543239
27.740235,7.056888
3.446411,27.641636
4.014636,27.567184
2.877620,27.711032
1.198692,28.979746
27.641157,3.447384
27.569477,4.014993
28.229513,2.949400
27.993682,3.519830
27.710390,2.878326
28.981694,1.200544
28.410715,3.513904
28.855719,2.989630
28.376745,1.746680
28.137973,2.310294
28.707768,4.187926
28.227569,4.740495
3.526790,28.023023
4.061827,27.864967
1.785091,28.429279
2.392848,28.552579
1.800547,28.956665
0.000000,28.281397
1.150734,27.831610
0.695365,27.847641
2.305733,28.148510
1.723656,27.806284
0.838788,28.515356
1.353461,28.664622
0.595928,29.004802
-0.000000,28.647486
0.634440,28.191320
1.316712,28.179417
27.831281,1.151458
27.804936,1.724861
28.436824,0.000000
27.848322,0.695235
28.537550,0.878959
28.666699,1.422064
28.194911,1.173991
29.004346,0.593634
28.645281,0.000000
28.231093,0.000000
28.160321,0.589809
28.523458,2.393066
