21.655264,-0.000000
21.580062,1.788300
21.358226,3.564060
20.991038,5.315893
20.480014,7.031259
19.829397,8.698530
19.043301,10.306247
18.127137,11.843676
17.087598,13.299899
15.930218,14.666250
14.665632,15.930825
13.299098,17.088415
11.843046,18.127990
10.306168,19.043764
8.698012,19.829674
7.030890,20.480563
5.315514,20.991551
3.564059,21.358780
1.788149,21.581192
0.000000,21.656449
-0.000000,23.114449
1.909323,23.034405
3.804788,22.798743
5.674313,22.406538
7.505289,21.861158
9.284717,21.166812
11.000952,20.327792
12.642403,19.350383
14.197081,18.240004
15.654299,17.005557
17.005422,15.654254
18.239813,14.197015
19.350019,12.642326
20.327489,11.000778
21.166598,9.284785
21.860934,7.505084
22.406266,5.673957
22.798233,3.804692
23.033941,1.908683
23.113134,0.000000
11.075655,18.587615
11.822169,19.840612
11.065760,19.439901
10.691956,18.815854
11.799155,18.931723
11.288929,18.989562
11.459654,18.358256
13.420462,18.796684
11.599649,19.415957
12.233019,19.595487
12.630898,18.463618
12.112990,18.505726
12.348056,18.945457
12.024447,19.260273
11.411626,20.084982
10.143424,20.748924
12.572472,17.609602
12.209096,17.868859
13.324011,17.895796
12.817966,17.994847
12.936318,17.349744
14.926583,17.624248
13.161031,18.393751
13.809799,18.518572
14.112394,17.357489
13.598810,17.443480
13.031585,19.074316
10.272425,19.920129
9.398191,20.316577
13.983770,16.510734
13.642923,16.799789
14.757164,16.734479
14.260652,16.874634
14.325528,16.221707
16.330920,16.331220
14.634790,17.244161
15.291512,17.315069
15.497835,16.132498
14.993115,16.260688
14.561689,17.932983
13.870716,17.860959
10.803288,19.894851
10.573203,20.538670
10.531420,19.461591
9.713797,20.958698
8.395187,21.515715
9.502851,19.438352
9.904984,19.242018
9.727741,19.875439
9.101830,19.634972
9.927427,20.327283
15.299360,15.299721
14.983878,15.615493
16.087415,15.458576
15.604825,15.639239
15.615554,14.983793
17.623760,14.926903
16.008972,15.976438
16.669321,15.992953
16.776719,14.797875
16.284410,14.967158
15.992660,16.669354
15.299089,16.653859
8.603928,20.730576
9.118668,20.738045
8.841430,21.341456
7.694088,21.017449
8.864520,20.276697
8.211093,21.085613
7.949815,21.689121
16.510453,13.984133
16.221690,14.325319
17.309630,14.077311
16.843340,14.297190
16.799859,13.642830
18.796180,13.420796
17.273380,14.600039
17.933001,14.562060
17.941694,13.362012
17.464953,13.571171
17.314837,15.291607
16.621213,15.334088
7.865139,20.156930
8.281704,19.993897
8.072289,20.607520
7.449199,20.319572
8.429086,20.347384
6.589575,22.135609
17.608975,12.572640
17.349676,12.936427
18.413076,12.599909
17.966400,12.857456
17.869015,12.209087
19.840077,11.822641
18.420182,13.123793
19.074254,13.031562
18.983590,11.834522
18.525847,12.082564
18.518287,13.809903
17.831096,13.909084
6.860582,21.363516
7.375993,21.416310
7.048743,21.998895
5.931573,21.581683
7.165416,20.937457
6.443222,21.690217
6.131573,22.271694
18.586920,11.075690
18.358389,11.459832
19.390227,11.036310
18.966600,11.329776
18.816079,10.691915
20.748480,10.143699
19.440877,11.557694
20.084961,11.411660
19.895964,10.226696
19.460292,10.511443
19.595380,12.233461
18.918916,12.388911
6.173793,20.737836
6.602508,20.609487
5.745721,20.865547
4.739046,22.604431
19.438128,9.502992
19.241998,9.904769
20.235517,9.397537
19.837517,9.724951
19.634673,9.101681
21.515302,8.395708
20.328672,9.912993
20.958670,9.714092
20.672517,8.548890
20.261867,8.868638
20.538441,10.573225
19.876850,10.784435
6.338894,21.204193
6.721810,20.976528
5.073046,21.858027
5.582067,21.952818
5.207992,22.506116
4.128989,21.997998
5.411464,21.457987
4.629820,22.148460
4.271585,22.702191
20.156517,7.865383
19.994193,8.282057
20.942493,7.694482
20.572956,8.053564
20.319235,7.449283
22.135169,6.590188
21.077864,8.200541
21.689199,7.950124
21.307908,6.812631
20.925077,7.165114
21.341430,8.841175
20.699656,9.106264
4.440173,21.176995
4.877861,21.084488
4.002932,21.268657
2.856167,22.918253
20.737353,6.173852
20.609890,6.602685
21.506570,5.938777
21.167852,6.327096
20.865101,5.745775
22.603808,4.739506
21.683034,6.431921
22.271725,6.131820
21.797800,5.029702
21.445552,5.412741
21.998575,7.048483
21.380915,7.365730
4.566501,21.655381
4.966460,21.459946
3.251067,22.202597
3.750310,22.339164
3.331704,22.859530
2.298739,22.263448
3.620980,21.831675
2.785392,22.455078
2.382565,22.977448
21.176401,4.440330
21.084704,4.878165
21.923638,4.142108
21.618328,4.557277
21.267762,4.003070
22.917995,2.856460
22.140151,4.619443
22.701928,4.271666
22.138570,3.212071
21.818946,3.623374
22.505736,5.207632
21.916365,5.574935
2.676498,21.471687
3.120008,21.415328
2.232994,21.526653
0.954467,23.075926
21.470990,2.676875
21.415371,3.120210
22.190001,2.317813
21.920936,2.756299
21.525787,2.233293
23.075596,0.954864
22.446045,2.775450
22.976521,2.382184
22.328151,1.373797
22.044072,1.809408
22.858828,3.331568
22.301790,3.745269
2.763219,21.958894
3.177428,21.796375
1.405931,22.394521
1.892698,22.571916
1.432136,23.056647
-0.000000,22.181823
0.893838,21.619595
0.540369,21.633242
1.806570,22.056714
1.340713,21.600456
0.662592,22.481973
1.069351,22.680899
0.476625,23.095733
0.000000,22.646533
0.493621,22.069542
1.031554,22.065909
21.618671,0.894067
21.599309,1.341047
22.380146,0.000000
21.632639,0.540326
22.508112,0.693149
22.684921,1.123439
22.082233,0.919795
23.094821,0.476069
22.644932,0.000000
22.116395,0.000000
22.028611,0.458091
22.534730,1.891368
