20.268741,0.000000
20.199538,1.673827
19.991844,3.336147
19.648303,4.975731
19.169999,6.581331
18.560958,8.141925
17.825192,9.646850
16.967772,11.085998
15.994828,12.449063
14.911459,13.728022
13.727770,14.911732
12.448800,15.995162
11.085785,16.968138
9.646743,17.825515
8.141752,18.561277
6.581196,19.170419
4.975607,19.648785
3.336097,19.992409
1.673771,20.200273
-0.000000,20.269516
-0.000000,21.820213
1.801949,21.745189
3.591492,21.522618
5.356458,21.152342
7.084930,20.637423
8.764905,19.981894
10.384872,19.189792
11.934552,18.267166
13.402291,17.219084
14.777987,16.053721
16.053548,14.778107
17.218875,13.402383
18.266897,11.934625
19.189512,10.384912
19.981602,8.764965
20.637082,7.084911
21.151923,5.356387
21.522080,3.591442
21.744573,1.801808
21.819409,-0.000000
10.366443,17.397123
11.159794,18.728733
10.403515,18.276707
10.006764,17.611351
11.089163,17.792589
10.596043,17.823688
10.726175,17.182703
12.668542,17.743374
10.920917,18.279952
11.547290,18.497951
11.875382,17.359144
11.371304,17.372664
11.625478,17.836980
11.326259,18.142718
10.772352,18.959389
9.574987,19.586118
11.767529,16.481887
11.426872,16.725028
12.522498,16.819461
12.031541,16.890295
12.108262,16.238645
14.090286,16.636647
12.390946,17.317777
13.035584,17.481272
13.268109,16.319369
12.766372,16.375692
12.301581,18.005392
9.660119,18.733062
8.836526,19.102921
13.088521,15.453630
12.768900,15.724440
13.869694,15.728064
13.385819,15.839004
13.408294,15.182834
15.415942,15.416134
13.778480,16.235397
14.434311,16.345217
14.570710,15.167500
14.075301,15.265247
13.746270,16.927998
13.059393,16.816031
10.172711,18.733198
9.980092,19.388013
9.887294,18.271042
9.169909,19.784142
7.924942,20.309952
8.894377,18.193673
9.270652,18.009749
9.132758,18.659645
8.518293,18.377639
9.346860,19.138445
14.319857,14.320074
14.024040,14.615948
15.119885,14.528767
14.647410,14.679395
14.615795,14.024181
16.636400,14.090457
15.072348,15.041883
15.734934,15.097159
15.773128,13.912693
15.287534,14.050912
15.096977,15.735078
14.404194,15.679532
8.092761,19.498725
8.587202,19.529176
8.345164,20.145962
7.234189,19.761491
8.322641,19.036583
7.730918,19.853131
7.504872,20.473797
15.453403,13.088718
15.182653,13.408401
16.268637,13.230606
15.809924,13.419693
15.724264,12.769024
17.743096,12.668694
16.262787,13.746014
16.927836,13.746443
16.868400,12.562747
16.395816,12.740429
16.345020,14.434443
15.648982,14.436943
7.361586,18.866154
7.751702,18.713813
7.578556,19.347358
6.971583,19.018427
7.908341,19.090683
6.220650,20.895180
16.481571,11.767671
16.238428,12.108404
17.305681,11.842005
16.864080,12.068332
16.724841,11.426987
18.728426,11.159953
17.342516,12.356083
18.005185,12.301666
17.847885,11.126508
17.391699,11.342921
17.481036,13.035694
16.788112,13.095288
6.452674,20.093311
6.946208,20.167409
6.652999,20.766398
5.577071,20.292120
6.727347,19.656840
6.066313,20.422344
5.788497,21.023861
17.396771,10.366544
17.182496,10.726307
18.223930,10.372317
17.802756,10.634324
17.611153,10.006852
19.585800,9.575095
18.303388,10.881531
18.959165,10.772431
18.705580,9.614804
18.268794,9.867924
18.497718,11.547443
17.812229,11.663972
5.778498,19.409901
6.179885,19.290201
5.377224,19.529483
4.473884,21.337781
18.193378,8.894488
18.009498,9.270704
19.018321,8.832091
18.620111,9.127928
18.377328,8.518356
20.309602,7.925070
19.139166,9.333017
19.783887,9.170013
19.435674,8.037363
19.021279,8.325695
19.387735,9.980159
18.713969,10.153248
5.951112,19.907388
6.306782,19.681521
4.771491,20.558478
5.256965,20.672795
4.915379,21.245177
3.882199,20.683528
5.080682,20.145697
4.358910,20.853883
4.032637,21.430298
18.865784,7.361710
18.713577,7.751846
19.682837,7.231453
19.310375,7.559134
19.018062,6.971676
20.894769,6.220760
19.844504,7.720733
20.473522,7.504953
20.033109,6.404953
19.643925,6.726514
20.145684,8.345164
19.488582,8.573267
4.155914,19.820905
4.565771,19.734872
3.746133,19.906781
2.696568,21.634186
19.409461,5.778580
19.289929,6.179986
20.212998,5.581373
19.868821,5.938659
19.529036,5.377299
21.337260,4.473945
20.414365,6.055653
21.023514,5.788539
20.493848,4.728823
20.132553,5.081402
20.766013,6.652970
20.129990,6.934588
4.287113,20.331072
4.659793,20.135114
3.057851,20.882710
3.532103,21.036628
3.144220,21.578588
2.161507,20.933242
3.399616,20.496412
2.622256,21.142618
2.249230,21.689876
19.820371,4.155997
19.734496,4.565881
20.605089,3.892917
20.291556,4.277564
19.906181,3.746206
21.633644,2.696586
20.844832,4.349104
21.429817,4.032632
20.814012,3.019942
20.483183,3.401424
21.244710,4.915307
20.634131,5.248650
2.505000,20.096628
2.920512,20.044527
2.089489,20.148481
0.900942,21.782954
20.096001,2.505104
20.044046,2.920591
20.855700,2.178286
20.575323,2.587202
20.147805,2.089576
21.782329,0.900995
21.132670,2.612863
21.689198,2.249140
20.992708,1.291496
20.694397,1.698513
21.577982,3.144170
20.997142,3.526254
2.594230,20.615737
2.981332,20.450813
1.322532,21.062778
1.782647,21.255722
1.351482,21.764326
0.000000,20.831783
0.836834,20.235016
0.506183,20.248469
1.696150,20.707470
1.255265,20.217641
0.623697,21.151245
1.006852,21.364470
0.450380,21.801665
0.000000,21.325708
0.462358,20.712630
0.968287,20.711219
20.234288,0.836887
20.216885,1.255343
21.043324,0.000000
20.247795,0.506180
21.178935,0.652131
21.369458,1.057845
20.728282,0.863297
21.800938,0.450280
21.324843,0.000000
20.762001,0.000000
20.669125,0.428807
21.216331,1.780956
