27.796296,-0.000000
27.697590,2.295428
27.412741,4.573979
26.940958,6.823176
26.284873,9.024988
25.449916,11.164889
24.440902,13.228350
23.264821,15.201524
21.930499,17.070567
20.445303,18.824065
18.822264,20.446957
17.067887,21.932850
15.199393,23.267113
13.228431,24.441699
11.163119,25.450347
9.023744,26.285847
6.821799,26.941481
4.574317,27.413028
2.295323,27.699288
0.000000,27.797777
-0.000000,28.947459
2.392659,28.847304
4.765560,28.552602
7.106920,28.061545
9.400135,27.378674
11.628338,26.509098
13.778386,25.458340
15.834034,24.233902
17.780756,22.843168
19.605650,21.297359
21.297563,19.604800
22.843186,17.780065
24.233605,15.833221
25.457979,13.777395
26.508762,11.628461
27.378431,9.399629
28.061556,7.106014
28.551940,4.766174
28.847943,2.391049
28.946253,0.000000
14.218183,23.861556
14.808538,24.852804
14.026488,24.640308
13.728146,24.152164
14.971267,24.020574
14.376467,24.183784
14.708945,23.566926
16.810569,23.544977
14.642811,24.509039
15.324931,24.543063
16.009284,23.402006
15.419414,23.556428
15.588332,23.915697
15.158185,24.276063
14.292879,25.159555
12.706210,25.990449
16.139363,22.605909
15.675729,22.936440
16.905398,22.704994
16.322740,22.916411
16.604918,22.272996
18.697229,22.076506
16.613863,23.218187
17.300379,23.194754
17.887508,21.999796
17.310089,22.203905
16.321940,23.893673
13.011504,25.230230
11.909869,25.744130
17.950892,21.194976
17.516421,21.564087
18.722780,21.231531
18.159811,21.489705
18.388926,20.825278
20.456311,20.456544
18.474434,21.767287
19.156400,21.687281
19.643523,20.447707
19.085142,20.698468
18.237757,22.464568
17.509478,22.546735
13.632213,25.104695
13.247288,25.725412
13.403673,24.768803
12.165340,26.253803
10.515932,26.951006
12.199058,24.952721
12.714390,24.702101
12.380723,25.294863
11.687602,25.205262
12.530878,25.657325
19.639754,19.640623
19.237310,20.043986
20.410836,19.613090
19.871712,19.916643
20.044676,19.236245
22.075390,18.697804
20.208743,20.166783
20.882041,20.031296
21.264292,18.756098
20.728785,19.052025
20.030610,20.882146
19.312593,21.023080
10.891815,26.242402
11.503238,26.161400
11.078838,26.730411
9.750903,26.633858
11.280612,25.805497
10.364194,26.611873
9.955424,27.168326
21.194381,17.951966
20.826006,18.387633
21.961146,17.860677
21.448872,18.207703
21.564965,17.515056
23.543990,16.811285
21.804768,18.429445
22.464853,18.238710
22.740849,16.936152
22.231352,17.274930
21.687062,19.156687
20.981507,19.357281
10.096901,25.875654
10.629258,25.665805
10.273768,26.225339
9.565789,26.084031
10.747199,25.942607
8.253463,27.727446
22.604446,16.139839
22.273768,16.604782
23.361106,15.986302
22.878840,16.374240
22.937711,15.675050
24.851503,14.809843
23.252149,16.566106
23.893992,16.321641
24.061414,15.000463
23.581807,15.380149
23.194523,17.300867
22.508569,17.558490
8.686119,27.046786
9.304594,27.018800
8.833255,27.554400
7.517034,27.348534
9.118549,26.646549
8.133247,27.375284
7.678103,27.897523
23.859965,14.218196
23.568459,14.709394
24.601001,14.002916
24.152743,14.428889
24.153619,13.727800
25.989580,12.706683
24.540627,14.589339
25.159945,14.292744
25.217874,12.962633
24.771448,13.380285
24.543746,15.326533
23.881815,15.639738
7.925770,26.621207
8.474201,26.455394
7.378955,26.785081
5.935133,28.314677
24.952856,12.199360
24.702552,12.713369
25.673399,11.923681
25.262047,12.385300
25.204317,11.686558
26.950233,10.517243
25.661364,12.513244
26.254227,12.166133
26.202219,10.836074
25.791716,11.289015
25.725537,13.247171
25.091246,13.614590
8.068129,26.985152
8.569477,26.743002
6.422891,27.672658
7.041038,27.695300
6.527631,28.189941
5.232794,27.876253
6.886304,27.308631
5.844389,27.953476
5.348556,28.436520
25.875134,10.097192
25.667883,10.630157
26.570232,9.762943
26.198749,10.256852
26.083292,9.565651
27.726683,8.255734
26.607126,10.351688
27.169161,9.956458
27.007415,8.635429
26.635986,9.120407
26.731508,11.077660
26.129876,11.496122
5.700192,27.185023
6.260166,27.064952
5.141506,27.302604
3.575894,28.707287
26.620615,7.925250
26.458138,8.474610
27.286214,7.535623
26.956117,8.057936
26.784337,7.378784
28.313742,5.936932
27.370865,8.119029
27.898513,7.678969
27.628114,6.375310
27.298484,6.889799
27.554816,8.831931
26.990036,9.299047
5.812416,27.559095
6.331708,27.359424
4.116028,28.108419
4.729687,28.182512
4.177614,28.633192
2.913029,28.212286
4.608039,27.784397
3.516747,28.340354
2.983321,28.781814
27.184562,5.700240
27.067348,6.260825
27.815016,5.255503
27.530469,5.803764
27.300623,5.141838
28.708255,3.577761
27.948013,5.831504
28.437080,5.348625
28.061050,4.071176
27.773534,4.612669
28.190435,6.526181
27.666121,7.038028
3.436681,27.563679
4.003339,27.489449
2.869473,27.632891
1.195575,28.904358
27.563206,3.437648
27.491726,4.003694
28.152821,2.941380
27.916704,3.510146
27.632252,2.870175
28.906288,1.197410
28.334818,3.504506
28.780654,2.981876
28.299908,1.741940
28.060706,2.303940
28.633091,4.176990
28.152158,4.727826
3.517105,27.946123
4.050621,27.788060
1.780264,28.352578
2.386480,28.476441
1.795839,28.881334
0.000000,28.204006
1.147481,27.753124
0.693397,27.769114
2.299398,28.071255
1.718826,27.727866
0.836549,28.438646
1.349845,28.588426
0.594407,28.929346
0.000000,28.571090
0.632658,28.113717
1.313099,28.101910
27.752794,1.148201
27.726525,1.720019
28.359869,0.000000
27.769789,0.693267
28.460885,0.876598
28.590527,1.418262
28.117413,1.170773
28.928891,0.592132
28.568892,0.000000
28.153563,0.000000
28.082623,0.588143
28.447247,2.386679
