20.499944,-0.000000
20.429714,1.692923
20.219679,3.374163
19.872207,5.032468
19.388457,6.656373
18.772489,8.234754
18.028327,9.756813
17.161098,11.212342
16.177038,12.590937
15.081321,13.884470
13.884139,15.081667
12.590569,16.177473
11.212046,17.161568
9.756700,18.028690
8.234508,18.772812
6.656181,19.388921
5.032285,19.872729
3.374105,20.220299
1.692838,20.430601
-0.000000,20.500885
-0.000000,22.035349
1.819802,21.959465
3.626945,21.734708
5.409280,21.360781
7.154784,20.840798
8.851282,20.178820
10.487250,19.378918
12.052173,18.447180
13.534352,17.388732
14.923588,16.211884
16.211702,14.923693
17.388509,13.534429
18.446873,12.052234
19.378618,10.487267
20.178531,8.851358
20.840464,7.154738
21.360359,5.409157
21.734126,3.626874
21.958795,1.819561
22.034356,-0.000000
10.484703,17.595675
11.269863,18.913520
10.513744,18.470344
10.121018,17.812240
11.207354,17.982247
10.711448,18.017907
10.848484,17.378756
12.793487,17.918417
11.033826,18.468954
11.661237,18.680351
12.001127,17.542994
11.494825,17.561393
11.745675,18.021395
11.442378,18.328609
10.878589,19.146453
9.669448,19.779377
11.901744,16.669959
11.557297,16.915790
12.655916,16.998647
12.162518,17.074286
12.246334,16.423940
14.229242,16.800761
12.519047,17.496778
13.164231,17.653652
13.408624,16.492159
12.904999,16.553534
12.422891,18.183027
9.762025,18.930654
8.930010,19.304951
13.237791,15.629911
12.914626,15.903770
14.017415,15.895600
13.531511,16.011500
13.561237,15.356073
15.567969,15.568197
13.920916,16.403208
14.576739,16.506381
14.725009,15.328116
14.228142,15.431034
13.881762,17.094995
13.194342,16.989859
10.277599,18.926458
10.078652,19.579252
9.994565,18.469352
9.260293,19.979351
8.003080,20.510350
8.995842,18.401263
9.376437,18.215264
9.231845,18.862162
8.615599,18.587340
9.443437,19.336242
14.483178,14.483434
14.184079,14.782631
15.280933,14.683550
14.806858,14.839264
14.782500,14.184198
16.800456,14.229454
15.228142,15.197348
15.890187,15.246016
15.940156,14.060025
15.453544,14.203507
15.245801,15.890322
14.553041,15.841609
8.177826,19.703762
8.675601,19.730280
8.427629,20.344655
7.310733,19.970565
8.412886,19.243146
7.810796,20.058185
7.578812,20.675778
15.629660,13.238030
15.355902,13.561304
16.441917,13.371555
15.982034,13.565846
15.903620,12.914732
17.918080,12.793683
16.430887,13.888082
17.094851,13.881982
17.047035,12.695781
16.573867,12.878785
16.506162,14.576875
15.810693,14.586180
7.445553,19.081431
7.840087,18.927304
7.660781,19.557261
7.051225,19.235435
7.995095,19.300065
6.281952,21.101339
16.669569,11.901901
16.423726,12.246484
17.490025,11.968177
17.047675,12.199769
16.915645,11.557404
18.913156,11.270091
17.521782,12.483799
18.182828,12.422968
18.036921,11.244361
17.580588,11.466109
17.653388,13.164348
16.961597,13.230664
6.520556,20.304733
7.017692,20.375177
6.718758,20.971243
5.636072,20.506788
6.800305,19.870153
6.129013,20.633286
5.845510,21.231246
17.595246,10.484801
17.378588,10.848634
18.418093,10.482863
17.996613,10.750167
17.812099,10.121094
19.779022,9.669601
18.492620,10.994025
19.146249,10.878674
18.903731,9.716665
18.467249,9.975111
18.680119,11.661451
17.996322,11.784573
5.844413,19.631377
6.250365,19.510228
5.438667,19.752313
4.517945,21.548300
18.400966,8.995970
18.215040,9.376454
19.220967,8.926236
18.822899,9.227382
18.587023,8.615640
20.509976,8.003290
19.337063,9.429513
19.979122,9.260445
19.641560,8.122518
19.227916,8.416135
19.578965,10.078725
18.907424,10.258261
6.015690,20.123397
6.375921,19.897280
4.821673,20.774787
5.311038,20.885740
4.964001,21.454751
3.923273,20.902347
5.135771,20.364284
4.403978,21.069271
4.072349,21.641686
19.081038,7.445715
18.927145,7.840284
19.892549,7.308548
19.520688,7.641500
19.235060,7.051332
21.100902,6.282153
20.049697,7.800564
20.675552,7.578942
20.245307,6.472820
19.857311,6.799575
20.344404,8.427597
19.690063,8.661947
4.203310,20.047083
4.617814,19.959959
3.788947,20.133921
2.723093,21.847606
19.630903,5.844509
19.510049,6.250494
20.428343,5.640878
20.085197,6.003370
19.751839,5.438756
21.547721,4.518072
20.625423,6.118254
21.230941,5.845589
20.710883,4.778907
20.351232,5.136595
20.970845,6.718697
20.338095,7.006319
4.333639,20.551666
4.710880,20.355844
3.090003,21.102410
3.568396,21.253326
3.175374,21.791496
2.184343,21.154688
3.436482,20.718835
2.649397,21.360989
2.271395,21.903884
20.046492,4.203422
19.959646,4.617975
20.824579,3.934404
20.512537,4.324161
20.133222,3.789045
21.847048,2.723146
21.060306,4.394079
21.641197,4.072356
21.034461,3.051923
20.705639,3.438397
21.454259,4.963878
20.847432,5.302933
2.533593,20.325978
2.953780,20.273157
2.113411,20.378346
0.909841,21.997872
20.325269,2.533760
20.272704,2.953895
21.077788,2.201512
20.799432,2.615370
20.377560,2.113548
21.997204,0.909947
21.351133,2.639909
21.903089,2.271245
21.214954,1.305195
20.919154,1.716984
21.790810,3.175302
21.214158,3.562686
2.622368,20.839483
3.013997,20.675006
1.336403,21.284470
1.800953,21.474702
1.364890,21.979138
0.000000,21.056661
0.846328,20.465968
0.511870,20.479443
1.714536,20.932235
1.269511,20.448282
0.630172,21.372747
1.017248,21.583481
0.454748,22.016764
0.000000,21.545475
0.467567,20.938715
0.978827,20.936916
20.465112,0.846416
20.447367,1.269642
21.265785,0.000000
20.478688,0.511861
21.400068,0.658958
21.588204,1.068749
20.953751,0.872715
22.015910,0.454568
21.544376,0.000000
20.987550,0.000000
20.895564,0.433689
21.435615,1.799322
