23.731547,0.000000
23.647971,1.959700
23.404821,3.905385
23.002208,5.825347
22.442128,7.705128
21.729204,9.532178
20.867750,11.293932
19.863706,12.978636
18.724511,14.574411
17.456315,16.071646
16.070568,17.457337
14.572906,18.725925
12.977443,19.865144
11.293908,20.868372
9.531228,21.729499
7.704483,22.442847
5.824661,23.002716
3.905548,23.405229
1.959533,23.649308
0.000000,23.732865
-0.000000,25.070362
2.071480,24.983230
4.127062,24.727818
6.154733,24.302481
8.140671,23.711024
10.070507,22.957945
11.932206,22.047969
13.712465,20.987767
15.398602,19.783348
16.979094,18.444497
18.444466,16.978774
19.783227,15.398295
20.987378,13.712132
22.047652,11.931699
22.957753,10.070538
23.710860,8.140247
24.302376,6.154059
24.727365,4.127077
24.983237,2.070342
25.068915,-0.000000
12.137895,20.370463
12.823430,21.521199
12.062403,21.190403
11.718248,20.619716
12.867275,20.645314
12.329860,20.740851
12.558133,20.118878
14.557098,20.388802
12.622659,21.128083
13.269634,21.254411
13.768038,20.125867
13.227488,20.208218
13.437241,20.616206
13.077384,20.945551
12.377806,21.786389
11.002671,22.506431
13.778160,19.298537
13.380840,19.581903
14.529916,19.515122
13.999515,19.654153
14.176524,19.013898
16.190819,19.117094
14.321756,20.015532
14.980144,20.086497
15.383132,18.920023
14.849757,19.048054
14.134937,20.690140
11.194205,21.707075
10.243585,22.143289
15.324744,18.094094
14.952203,18.410330
16.092431,18.248684
15.575126,18.430546
15.699249,17.777776
17.714104,17.714451
15.925541,18.764671
16.587358,18.781086
16.893290,17.584969
16.372393,17.756542
15.794286,19.452280
15.093793,19.436054
11.753999,21.645938
11.469771,22.277802
11.499443,21.250477
10.535849,22.734059
9.106132,23.338183
10.414204,21.302416
10.854845,21.087609
10.621899,21.702221
9.975858,21.517969
10.802559,22.119046
16.766509,16.767063
16.421622,17.112526
17.543146,16.857489
17.043313,17.081310
17.112883,16.421169
19.116346,16.191272
17.420786,17.385085
18.081824,17.347025
18.287255,16.130192
17.782467,16.344038
17.346609,18.081771
16.648150,18.122552
9.373667,22.585205
9.920009,22.560623
9.591624,23.148380
8.386348,22.907792
9.678843,22.140177
8.934863,22.943271
8.622338,23.526186
18.093730,15.325338
17.778046,15.698591
18.875855,15.351221
18.395993,15.615556
18.410751,14.951689
20.388073,14.557621
18.796676,15.887329
19.452493,15.794886
19.557104,14.565026
19.071559,14.819573
18.780856,16.587448
18.086848,16.686456
8.619428,22.090060
9.075382,21.911106
8.814289,22.501093
8.164617,22.268204
9.210976,22.234453
7.147353,24.010532
19.297567,13.778396
19.014130,14.176540
20.079138,13.740170
19.622529,14.043056
19.582540,13.380598
21.520385,12.824249
20.044527,14.280950
20.690287,14.134765
20.692825,12.900143
20.230065,13.194043
20.086226,14.980307
19.403354,15.135799
7.474799,23.275871
8.024070,23.299167
7.647034,23.861712
6.465197,23.522643
7.823721,22.861751
7.011339,23.601250
6.650138,24.157920
20.369370,12.137885
20.119545,12.558382
21.144787,12.035226
20.715033,12.374579
20.620495,11.718046
22.505814,11.003071
21.155267,12.576806
21.786609,12.377743
21.687378,11.147587
21.250562,11.478414
21.254566,13.270475
20.587122,13.481643
6.765919,22.726626
7.235349,22.585483
6.297742,22.866558
5.139968,24.519022
21.302286,10.414382
21.087844,10.854282
22.066570,10.248153
21.666330,10.621832
21.517550,9.975372
23.337637,9.107046
22.121375,10.787090
22.734284,10.536333
22.533858,9.318727
22.125855,9.684446
22.277692,11.469703
21.629628,11.735779
6.921704,23.152794
7.345015,22.921257
5.527175,23.814575
6.072314,23.882671
5.650400,24.411947
4.500494,23.976442
5.908555,23.429948
5.038137,24.099777
4.632718,24.624788
22.089577,8.619733
21.912091,9.075943
22.837454,8.391005
22.469632,8.796327
22.267809,8.164618
24.010006,7.148612
22.936655,8.923668
23.526638,8.622908
23.226408,7.426170
22.850080,7.824139
23.148728,9.590976
22.525002,9.909598
4.866011,23.207926
5.345225,23.105939
4.387710,23.308322
3.097435,24.859183
22.726094,6.765818
22.586781,7.235586
23.452664,6.476465
23.119316,6.910602
22.866067,6.297687
24.518304,5.140959
23.595115,6.999036
24.158391,6.650639
23.760294,5.482571
23.418450,5.910591
23.861572,7.646394
23.266382,8.015582
4.986417,23.645333
5.426950,23.449505
3.542068,24.189777
4.079388,24.302922
3.615212,24.795516
2.505424,24.265591
3.953650,23.838079
3.031262,24.433328
2.584029,24.923598
23.207360,4.866166
23.107000,5.345694
23.907362,4.517006
23.611563,4.977475
23.307084,4.387887
24.859462,3.098229
24.092543,5.026903
24.624882,4.632874
24.132130,3.501241
23.826114,3.956835
24.411824,5.649638
23.849100,6.066735
2.933417,23.530982
3.418719,23.468442
2.448066,23.590709
1.035328,25.030120
23.530401,2.934050
23.469353,3.418986
24.197679,2.527768
23.942457,3.010372
23.589896,2.448546
25.030620,1.036246
24.425686,3.020524
24.922588,2.583293
24.338247,1.497675
24.072223,1.976063
24.794943,3.614969
24.268358,4.075473
3.017268,23.977041
3.471925,23.817014
1.531713,24.399345
2.058629,24.556218
1.554030,25.009746
0.000000,24.210964
0.979430,23.692991
0.591868,23.707187
1.972592,24.084008
1.468661,23.671546
0.721132,24.485817
1.163607,24.665846
0.516174,25.051629
-0.000000,24.637602
0.540545,24.107487
1.126534,24.100873
23.692244,0.979862
23.670287,1.469289
24.392616,0.000000
23.707078,0.591785
24.510386,0.754897
24.669067,1.222463
24.116749,1.004522
25.050881,0.514997
24.635622,0.000000
24.151499,0.000000
24.070343,0.502004
24.522182,2.057823
