24.763794,-0.000000
24.676251,2.044930
24.422501,4.075129
24.002300,6.078696
23.417834,8.040241
22.673924,9.946736
21.775001,11.785097
20.727270,13.543045
19.538529,15.208212
18.215230,16.770523
16.769233,18.216444
15.206379,19.540217
13.541588,20.728971
11.785095,21.775697
9.945575,22.674260
8.039450,23.418641
6.077845,24.002823
4.075360,24.422872
2.044774,24.677694
0.000000,24.765171
-0.000000,26.049613
2.152630,25.959087
4.288369,25.693770
6.395247,25.251838
8.458782,24.637300
10.463955,23.854802
12.398478,22.909282
14.248268,21.807611
16.000223,20.556125
17.642439,19.165002
19.165020,17.641988
20.556032,15.999810
21.807222,14.247812
22.908944,12.397829
23.854579,10.463987
24.637120,8.458296
25.251768,6.394467
25.693281,4.288494
25.959276,2.151316
26.048165,-0.000000
12.666104,21.256954
13.324770,22.362646
12.559756,22.063981
12.228589,21.516679
13.400156,21.500202
12.848632,21.613608
13.104306,20.994381
15.126217,21.185949
13.133752,21.983460
13.788691,22.085010
14.335541,20.955427
13.783018,21.056830
13.981430,21.450946
13.603652,21.787876
12.861515,22.638300
11.432901,23.386380
14.377701,20.138355
13.963533,20.433702
15.131553,20.323029
14.588388,20.481095
14.793179,19.841430
16.823826,19.864540
14.901651,20.825792
15.566135,20.871534
16.017284,19.699847
15.473310,19.847892
14.687326,21.499206
11.654306,22.599042
10.665500,23.055005
15.991558,18.881455
15.603285,19.211155
16.758611,19.004152
16.230264,19.205988
16.382267,18.551573
18.406664,18.407012
16.570401,19.524327
17.236190,19.515096
17.589690,18.309850
17.059919,18.502171
16.411422,20.213036
15.704904,20.223020
12.229087,22.520903
11.918690,23.148550
11.982015,22.142180
10.947415,23.622992
9.462146,24.250662
10.867391,22.229316
11.327084,22.005372
11.067638,22.612788
10.410489,22.454273
11.239801,23.014220
17.496063,17.496718
17.136563,17.856906
18.269433,17.555416
17.760239,17.800015
17.857372,17.135946
19.863676,16.824329
18.126127,18.088848
18.789051,18.024986
19.041085,16.795103
18.529193,17.030371
18.024499,18.789007
17.322198,18.856354
9.757963,23.511045
10.320471,23.471425
9.967245,24.053078
8.731851,23.851240
10.084780,23.069104
9.296470,23.871397
8.959042,24.446028
18.881028,15.992280
18.551967,16.381423
19.657261,15.986796
19.169818,16.272613
19.211713,15.602557
21.185123,15.126814
19.557711,16.530472
20.213293,16.412127
20.363273,15.165417
19.872390,15.441871
19.514861,17.236312
18.819137,17.362141
8.994545,23.051310
9.469987,22.864478
9.184173,23.444989
8.520387,23.237146
9.600494,23.174634
7.426674,24.949292
20.137230,14.377995
19.841800,14.793154
20.910351,14.309059
20.447921,14.633956
20.434529,13.963178
22.361691,13.325736
20.856044,14.859080
21.499417,14.687107
21.545805,13.431963
21.079546,13.748093
20.871267,15.566364
20.188913,15.748706
7.781436,24.230514
8.347955,24.240059
7.946619,24.794375
6.731524,24.491363
8.151875,23.820972
7.295175,24.556049
6.909768,25.102379
21.255689,12.666096
20.995283,13.104602
22.020138,12.533593
21.586411,12.895299
21.517671,12.228334
23.385674,11.433341
22.011755,13.085963
22.638588,12.861421
22.581357,11.607173
22.142919,11.960427
22.085289,13.789734
21.420615,14.027610
7.060390,23.715552
7.549970,23.568103
6.572267,23.861567
5.340755,25.477658
22.229226,10.867601
22.005684,11.326382
22.980072,10.672526
22.577760,11.068827
22.453737,10.409852
24.250037,9.463205
23.016983,11.223794
23.623291,10.947985
23.462740,9.702930
23.054954,10.091107
23.148491,11.918597
22.505358,12.211095
7.212242,24.124105
7.655487,23.890208
5.753908,24.791284
6.317329,24.847073
5.871940,25.366153
4.685914,24.963874
6.156348,24.412951
5.242124,25.074720
4.813519,25.587463
23.050788,8.994863
22.865755,9.470640
23.782850,8.738493
23.414880,9.166524
23.236674,8.520350
24.948694,7.428219
23.865276,9.284946
24.446602,8.959735
24.183814,7.732367
23.809602,8.152654
24.053601,9.966432
23.436977,10.310966
5.077794,24.217805
5.577583,24.111177
4.579088,24.322561
3.218257,25.831037
23.714982,7.060195
23.569787,7.550246
24.423581,6.744725
24.091864,7.201417
23.861012,6.572168
25.476870,5.341977
24.550368,7.282379
25.103002,6.910379
24.739672,5.708603
24.401835,6.158758
24.794339,7.945795
24.208403,8.340275
5.195752,24.637267
5.656359,24.440805
3.687360,25.181799
4.243862,25.284264
3.757214,25.764807
2.608613,25.264878
4.119486,24.838236
3.154095,25.421744
2.684883,25.898037
24.217242,5.077934
24.112595,5.578117
24.897048,4.704050
24.604930,5.186906
24.321124,4.579295
25.831518,3.219312
25.067955,5.230468
25.587687,4.813681
25.126996,3.645557
24.826580,4.123049
25.366160,5.870992
24.814741,6.312456
3.061189,24.554970
3.567206,24.489420
2.555050,24.617095
1.075806,26.008585
24.554417,3.061922
24.490699,3.567498
25.199365,2.632526
24.949881,3.137025
24.616305,2.555598
26.009468,1.076972
25.414691,3.142969
25.896973,2.683974
25.341390,1.559509
25.083126,2.059147
25.764314,3.756900
25.250896,4.240483
3.143932,24.983009
3.618650,24.823804
1.594580,25.400139
2.141554,25.547832
1.615078,25.987602
0.000000,25.222728
1.022056,24.723964
0.617577,24.738535
2.055386,25.094556
1.532237,24.701479
0.750350,25.486340
1.210718,25.657928
0.535944,26.030965
-0.000000,25.632570
0.563913,25.123056
1.173844,25.115062
24.723309,1.022576
24.700176,1.533005
25.397068,0.000000
24.738641,0.617483
25.510229,0.785713
25.660811,1.271980
25.130785,1.046698
26.030288,0.534477
25.630478,0.000000
25.165841,0.000000
25.087593,0.523863
25.515163,2.141002
