22.355238,0.000000
22.277144,1.846081
22.048127,3.679117
21.668990,5.487625
21.141428,7.258413
20.469810,8.979547
19.658310,10.639185
18.712516,12.226256
17.639379,13.729522
16.444643,15.139996
15.139215,16.445399
13.728474,17.640411
12.225430,18.713582
10.639125,19.658835
8.978880,20.470088
7.257952,21.142041
5.487144,21.669504
3.679172,22.048631
1.845916,22.278357
0.000000,22.356488
-0.000000,23.771611
1.963818,23.689131
3.913079,23.446836
5.835728,23.043502
7.718765,22.482645
9.548716,21.768571
11.313826,20.905717
13.001903,19.900496
14.600747,18.758513
16.099380,17.488989
17.488885,16.099244
18.758343,14.600598
19.900112,13.001741
20.905407,11.313535
21.768372,9.548769
22.482450,7.718473
23.043294,5.835249
23.446357,3.913003
23.688828,1.962985
23.770212,0.000000
11.433736,19.188632
12.158560,20.405251
11.401145,20.028968
11.037915,19.423949
12.158640,19.508456
11.639442,19.579292
11.829967,18.951761
13.802335,19.331599
11.943716,19.991798
12.581282,20.152847
13.013549,19.022977
12.488245,19.078966
12.714368,19.507371
12.378506,19.826967
11.736252,20.656603
10.432105,21.339410
12.978905,18.178951
12.604076,18.446338
13.729861,18.440785
13.215821,18.553593
13.354402,17.910727
15.351324,18.125808
13.551415,18.939198
14.202998,19.045358
14.540007,17.883281
14.020002,17.983738
13.402296,19.617181
10.582582,20.521394
9.682665,20.931255
14.435807,17.044478
14.084265,17.342713
15.206549,17.244086
14.703259,17.398552
14.788629,16.746249
16.795625,16.795953
15.068902,17.755549
15.726874,17.807616
15.967413,16.621258
15.457514,16.764343
14.975810,18.443408
14.282048,18.390693
11.123002,20.483756
10.874420,21.122984
10.857338,20.063913
9.989994,21.555170
8.634029,22.128024
9.810065,20.066739
10.225209,19.864163
10.028792,20.490528
9.396460,20.269744
10.221749,20.929905
15.793932,15.794360
15.468533,16.120153
16.577342,15.929387
16.089196,16.124823
16.120320,15.468324
18.125223,15.351698
16.483801,16.450205
17.143881,16.447889
17.285022,15.246204
16.788804,15.430752
16.447553,17.143871
15.752795,17.147809
8.862899,21.354585
9.388144,21.350955
9.093470,21.948543
7.927028,21.653546
9.138695,20.904122
8.454513,21.710387
8.175771,22.306316
17.044172,14.436248
16.746329,14.788261
17.836745,14.506047
17.366154,14.741118
17.342907,14.084037
19.331007,13.802741
17.785704,15.032986
18.443504,14.976264
18.485288,13.766826
18.005896,13.991503
17.807381,15.726958
17.114124,15.788913
8.119397,20.808597
8.549270,20.640184
8.322112,21.245084
7.690358,20.976469
8.692423,20.982916
6.776959,22.765536
18.178197,12.979091
17.910756,13.354482
18.973792,12.983668
18.524058,13.256674
18.446664,12.603991
20.404616,12.159159
18.966493,13.512973
19.617194,13.402216
19.558762,12.193105
19.099658,12.456794
19.045072,14.203111
18.359867,14.321649
7.067234,22.006951
7.593924,22.049502
7.249743,22.624768
6.111133,22.234809
7.387064,21.585364
6.634293,22.332939
6.305800,22.905405
19.187788,11.433747
18.952074,11.830166
19.980734,11.372500
19.555346,11.681588
19.424372,11.037813
21.338902,10.432430
20.017478,11.900449
20.656673,11.736249
20.498796,10.536580
20.063085,10.837021
20.152823,12.581859
19.479958,12.756416
6.373389,21.408266
6.815858,21.275585
5.931796,21.540093
4.873730,23.247680
20.066543,9.810216
19.864237,10.224867
20.851772,9.683819
20.453333,10.026955
20.269416,9.396194
22.127564,8.634700
20.931615,10.206976
21.555235,9.990356
21.298877,8.807942
20.889482,9.143320
21.122789,10.874407
20.466343,11.104392
6.535116,21.860290
6.931700,21.631463
5.225830,22.516329
5.746922,22.601806
5.356617,23.146437
4.253995,22.663735
5.578832,22.121936
4.767150,22.804725
4.392921,23.348120
20.808155,8.119669
20.640722,8.549699
21.580254,7.928904
21.211623,8.303669
20.976121,7.690415
22.765069,6.777801
21.703035,8.443749
22.306534,8.176171
21.953502,7.019089
21.573232,7.387006
21.948640,9.093076
21.313559,9.376442
4.583713,21.861632
5.035421,21.765904
4.132625,21.956230
2.937220,23.570343
21.407763,6.373401
21.276302,6.816054
22.161534,6.119737
21.824969,6.523579
21.539638,5.931813
23.247024,4.874379
22.326124,6.622655
22.905599,6.306138
22.458191,5.182087
22.109835,5.580367
22.624495,7.249354
22.015034,7.584286
4.707878,22.325397
5.121549,22.129974
3.348968,22.871200
3.860965,22.999555
3.426938,23.509988
2.368273,22.937152
3.732987,22.507227
2.868086,23.120397
2.450258,23.631302
21.861041,4.583875
21.766416,5.035787
22.591267,4.268280
22.289508,4.698767
21.955219,4.132773
23.570275,2.937678
22.796791,4.756483
23.347982,4.393037
22.809418,3.309377
22.494768,3.735653
23.146133,5.356119
22.566379,5.740337
2.763100,22.165885
3.220718,22.107421
2.305481,22.222445
0.981637,23.732487
22.165224,2.763574
22.107765,3.220947
22.865672,2.388469
22.601652,2.841845
22.221583,2.305850
23.732428,0.982213
23.111854,2.857873
23.630336,2.449754
23.004554,1.415479
22.726962,1.865517
23.509313,3.426770
22.963184,3.856313
2.848746,22.638413
3.276608,22.476871
1.448225,23.069075
1.948497,23.239215
1.473087,23.712857
0.000000,22.864948
0.922668,22.318558
0.557694,22.332357
1.862458,22.739307
1.383855,22.298604
0.682291,23.156127
1.101044,23.348372
0.489925,23.752860
-0.000000,23.316122
0.509427,22.755820
1.063545,22.751145
22.317675,0.922970
22.297398,1.384293
23.057309,0.000000
22.331912,0.557635
23.181685,0.713927
23.352084,1.156726
22.767277,0.948342
23.751987,0.489154
23.314348,0.000000
22.801639,0.000000
22.716214,0.472886
23.203141,1.947346
