20.404148,-0.000000
20.334342,1.685012
20.125279,3.358413
19.779437,5.008962
19.297945,6.625283
18.684848,8.196295
17.944164,9.711254
17.080998,11.159996
16.101542,12.532156
15.010940,13.819651
13.819349,15.011260
12.531828,16.101940
11.159731,17.081429
9.711141,17.944515
8.196076,18.685173
6.625113,19.298397
5.008801,19.779951
3.358357,20.125887
1.684938,20.335180
0.000000,20.405036
-0.000000,21.946186
1.812402,21.870656
3.612251,21.646804
5.387386,21.274389
7.125830,20.756504
8.815479,20.097199
10.444814,19.300530
12.003418,18.372567
13.479611,17.318414
14.863234,16.146326
16.146144,14.863348
17.318193,13.479696
18.372271,12.003486
19.300233,10.444842
20.096904,8.815550
20.756162,7.125796
21.273961,5.387284
21.646229,3.612187
21.869995,1.812202
21.945255,-0.000000
10.435704,17.513415
11.224239,18.836929
10.468063,18.390102
10.073679,17.729012
11.158374,17.903654
10.663625,17.937431
10.797807,17.297531
12.741696,17.845864
10.987031,18.390627
11.614005,18.604749
11.949015,17.466807
11.443638,17.483190
11.695859,17.944968
11.394251,18.251569
10.834554,19.068918
9.630294,19.699276
11.846134,16.592040
11.503257,16.836756
12.600624,16.924393
12.108242,16.998046
12.189126,16.347171
14.171643,16.732737
12.465955,17.422594
13.110906,17.582202
13.350390,16.420553
12.847552,16.479841
12.372607,18.109399
9.719793,18.848773
8.891268,19.221231
13.175943,15.556875
12.854246,15.829472
13.956195,15.826172
13.471136,15.940022
13.497867,15.284297
15.504951,15.505168
13.861882,16.333661
14.517700,16.439579
14.661062,15.261555
14.164804,15.362335
13.825598,17.025775
13.138411,16.917818
10.234128,18.846366
10.037799,19.499988
9.950113,18.387180
9.222829,19.898442
7.970691,20.427290
8.953802,18.315259
9.332608,18.130120
9.190784,18.778247
8.575283,18.500461
9.403411,19.254271
14.415508,14.415751
14.117768,14.713572
15.214190,14.619407
14.740783,14.773018
14.713428,14.117900
16.732452,14.171840
15.163571,15.132917
15.825832,15.184315
15.870934,13.998969
15.384749,14.140274
15.184111,15.825974
14.491349,15.774437
8.142573,19.618795
8.638964,19.646937
8.393447,20.262302
7.279012,19.883926
8.375489,19.157555
7.777691,19.973206
7.548164,20.592062
15.556631,13.176167
15.284118,13.497954
16.370106,13.313145
15.910712,13.505284
15.829307,12.854362
17.845547,12.741877
16.361216,13.829203
17.025621,13.825802
16.973004,12.640650
16.500083,12.821453
16.439365,14.517837
15.743670,14.524330
7.410763,18.992243
7.803467,18.838856
7.626707,19.470286
7.018227,19.145530
7.959146,19.213308
6.256543,21.015892
16.591676,11.846287
16.346951,12.189275
17.413630,11.915891
16.971595,12.145305
16.836590,11.503370
18.836584,11.224441
17.447484,12.430869
18.109193,12.372690
17.958581,11.195522
17.502314,11.415063
17.581946,13.111022
16.889694,13.174558
6.492424,20.217121
6.988065,20.289073
6.691501,20.886341
5.611621,20.417832
6.770072,19.781765
6.103027,20.545868
5.821878,21.145291
17.513013,10.435806
17.297342,10.797952
18.337630,10.437053
17.916282,10.702165
17.728843,10.073762
19.698932,9.630430
18.414193,10.947404
19.068702,10.834639
18.821614,9.674454
18.385013,9.930696
18.604513,11.614196
17.920024,11.734592
5.817102,19.539621
6.221163,19.419072
5.413209,19.659996
4.499682,21.461047
18.314959,8.953925
18.129880,9.332641
19.136989,8.887224
18.738868,9.186172
18.500143,8.575335
20.426922,7.970869
19.255046,9.389523
19.898198,9.222963
19.556238,8.087230
19.142289,8.378660
19.499700,10.037871
18.827247,10.214741
5.988930,20.033892
6.347272,19.807881
4.800876,20.685150
5.288627,20.797491
4.943848,21.367890
3.906251,20.811672
5.112942,20.273711
4.385300,20.980011
4.055889,21.554072
18.991854,7.410912
18.838660,7.803644
19.805643,7.276601
19.433539,7.607371
19.145154,7.018331
21.015459,6.256706
19.964657,7.767480
20.591811,7.548275
20.157368,6.444696
19.768887,6.769301
20.262035,8.393430
19.606561,8.625196
4.183673,19.953380
4.596251,19.866707
3.771207,20.039819
2.712099,21.759152
19.539154,5.817195
19.418848,6.221283
20.339101,5.616220
19.995534,5.976557
19.659526,5.413295
21.460483,4.499781
20.537950,6.092311
21.144962,5.821942
20.620938,4.758152
20.260613,5.113725
20.885942,6.691454
20.251847,6.976591
4.314359,20.460262
4.689710,20.264386
3.076678,21.011369
3.553354,21.163523
3.162461,21.703254
2.174879,21.062925
3.421205,20.626674
2.638149,21.270494
2.262208,21.815186
19.952803,4.183775
19.866360,4.596393
20.733617,3.917212
20.420964,4.304853
20.039151,3.771297
21.758588,2.712136
20.971001,4.375440
21.553577,4.055891
20.943100,3.038670
20.613453,3.423077
21.367399,4.943745
20.759029,5.280436
2.521746,20.230962
2.939996,20.178439
2.103499,20.283117
0.906153,21.908798
20.230274,2.521888
20.177962,2.940098
20.985747,2.191887
20.706561,2.603698
20.282363,2.103617
21.908133,0.906237
21.260588,2.628700
21.814427,2.262082
21.122846,1.299518
20.826013,1.709330
21.702589,3.162397
21.124214,3.547587
2.610708,20.746775
3.000462,20.582115
1.330655,21.192605
1.793366,21.383955
1.359333,21.890108
0.000000,20.963483
0.842394,20.370290
0.509513,20.383755
1.706917,20.839105
1.263608,20.352731
0.627489,21.280960
1.012939,21.492721
0.452938,21.927616
0.000000,21.454403
0.465408,20.845041
0.974460,20.843401
20.369472,0.842468
20.351868,1.263718
21.173587,0.000000
20.383018,0.509507
21.308418,0.656129
21.497538,1.064230
20.860315,0.868813
21.926798,0.452791
21.453384,0.000000
20.894081,0.000000
20.801728,0.431667
21.344729,1.791711
