20.199086,-0.000000
20.130194,1.668074
19.923203,3.324695
19.580844,4.958641
19.104179,6.558728
18.497225,8.113966
17.763992,9.613733
16.909530,11.047951
15.939939,12.406342
14.860294,13.680914
13.680671,14.860563
12.406101,15.940266
11.047756,16.909893
9.613625,17.764336
8.113816,18.497580
6.558611,19.104624
4.958538,19.581351
3.324650,19.923785
1.668029,20.130914
-0.000000,20.199839
0.000000,21.755490
1.796576,21.680728
3.580823,21.458816
5.340564,21.089639
7.063911,20.576243
8.738915,19.922655
10.354067,19.132899
11.899159,18.213015
13.362554,17.168052
14.734176,16.006143
16.005957,14.734310
17.167827,13.362656
18.212731,11.899238
19.132593,10.354112
19.922326,8.738968
20.575862,7.063899
21.089183,5.340508
21.458256,3.580781
21.680097,1.796468
21.754714,-0.000000
10.330823,17.337334
11.126673,18.673146
10.370332,18.218430
9.972351,17.550859
11.053581,17.735506
10.561295,17.765224
10.689335,17.123668
12.630947,17.690718
10.886932,18.223079
11.513003,18.443080
11.837527,17.303814
11.334113,17.315855
11.589299,17.781488
11.291310,18.086784
10.740385,18.903116
9.546564,19.527981
11.727104,16.425256
11.387590,16.667586
12.482332,16.765533
11.992105,16.834911
12.066675,16.182851
14.048473,16.587278
12.352389,17.263914
12.996874,17.429417
13.225808,16.267367
12.724633,16.322161
12.265079,17.951956
9.629443,18.673596
8.808384,19.042119
13.043561,15.400551
12.725008,15.670441
13.825222,15.677641
13.341952,15.787080
13.362227,15.130670
15.370196,15.370390
13.735608,16.184901
14.391453,16.296736
14.524259,15.119163
14.029282,15.215344
13.705500,16.877763
13.018775,16.763725
10.141142,18.675045
9.950436,19.330484
9.854996,18.211348
9.142712,19.725419
7.901431,20.249667
8.863816,18.131164
9.238789,17.947864
9.102924,18.598684
8.488986,18.314493
9.317792,19.078925
14.270662,14.270885
13.975835,14.565758
15.071399,14.482182
14.599399,14.631272
14.565580,13.975998
16.587031,14.048640
15.025454,14.995102
15.688217,15.052378
15.722843,13.868351
15.237546,14.004980
15.052195,15.688378
14.359392,15.630761
8.067155,19.437020
8.560595,19.468662
8.320351,20.086191
7.211147,19.698568
8.295469,18.974405
7.706876,19.791427
7.482624,20.413037
15.400309,13.043758
15.130465,13.362360
16.216465,13.188182
15.758097,13.375698
15.670234,12.725149
17.690434,12.631089
16.212186,13.703261
16.877576,13.705665
16.814616,12.522706
16.342199,12.698781
16.296529,14.391594
15.600306,14.392035
7.336296,18.801329
7.725080,18.649527
7.553799,19.284174
6.947596,18.953081
7.882218,19.027652
6.202205,20.833163
16.424936,11.727250
16.182607,12.066824
17.250174,11.804026
16.808791,12.028764
16.667359,11.387714
18.672827,11.126812
17.288549,12.317648
17.951722,12.265168
17.790964,11.091034
17.334814,11.305835
17.429168,12.996988
16.735888,13.054548
6.432241,20.029684
6.924693,20.104890
6.633212,20.704775
5.559310,20.227514
6.705381,19.592631
6.047442,20.358869
5.771342,20.961475
17.336975,10.330931
17.123419,10.689468
18.165460,10.339039
17.744371,10.599448
17.550611,9.972447
19.527640,9.546657
18.246416,10.847673
18.902855,10.740462
18.645910,9.584141
18.209023,9.835653
18.442820,11.513140
17.756807,11.627676
5.758646,19.343209
6.158658,19.223947
5.358718,19.462384
4.460626,21.274452
18.130833,8.863924
17.947570,9.238855
18.957293,8.803748
18.559032,9.097983
18.314148,8.489056
20.249287,7.901531
19.079581,9.303972
19.725121,9.142800
19.373673,8.011727
18.959041,8.298464
19.330175,9.950500
18.655723,10.121641
5.931669,19.842366
6.285964,19.616570
4.756386,20.493380
5.240690,20.608719
4.900749,21.182131
3.869835,20.617672
5.064096,20.079899
4.345345,20.789070
4.020687,21.366706
18.800929,7.336408
18.649230,7.725208
19.619680,7.208243
19.247029,7.534334
18.952681,6.947683
20.832721,6.202286
19.782720,7.696703
20.412708,7.482688
19.969207,6.384521
19.579654,6.704515
20.085867,8.320358
19.427918,8.546574
4.141640,19.752797
4.550096,19.667093
3.733240,19.838383
2.688587,21.569981
19.342742,5.758721
19.223608,6.158747
20.148146,5.563458
19.803648,5.919174
19.461907,5.358788
21.273912,4.460667
20.350816,6.036810
20.961076,5.771372
20.428491,4.713745
20.066690,5.064783
20.704357,6.633192
20.067330,6.912996
4.273105,20.264670
4.644410,20.068666
3.048173,20.816589
3.521180,20.971421
3.134845,21.514537
2.154633,20.866594
3.388517,20.429458
2.614087,21.076905
2.242560,21.625495
19.752245,4.141711
19.666662,4.550189
20.538991,3.880427
20.224999,4.263533
19.837778,3.733302
21.569411,2.688595
20.779956,4.335567
21.366192,4.020679
20.747630,3.010314
20.416184,3.390291
21.181635,4.900692
20.569908,5.232310
2.496388,20.027563
2.910493,19.975680
2.082285,20.079261
0.898264,21.718297
20.026928,2.496472
19.975157,2.910558
20.788823,2.171294
20.507826,2.578721
20.078587,2.082355
21.717657,0.898301
21.066896,2.604722
21.624821,2.242489
20.925788,1.287372
20.626709,1.692952
21.513923,3.134804
20.931803,3.515289
2.585759,20.548384
2.971497,20.383322
1.318358,20.996056
1.777137,21.189827
1.347447,21.699702
0.000000,20.764089
0.833976,20.165466
0.504471,20.178914
1.690615,20.639809
1.250974,20.148187
0.621748,21.084581
1.003723,21.298565
0.449065,21.736954
0.000000,21.259574
0.460789,20.644567
0.965113,20.643275
20.164749,0.834017
20.147450,1.251036
20.976340,0.000000
20.178236,0.504470
21.112355,0.650077
21.303605,1.054564
20.660380,0.860460
21.736236,0.448990
21.258752,0.000000
20.694074,0.000000
20.600926,0.427337
21.150312,1.775429
