26.080095,0.000000
25.987630,2.153638
25.720370,4.291628
25.277765,6.401812
24.662207,8.467637
23.878780,10.475443
22.932072,12.411505
21.828631,14.262866
20.576702,16.016523
19.183132,17.661821
17.660294,19.184553
16.014306,20.578694
14.261100,21.830610
12.411538,22.932821
10.474018,23.879150
8.466655,24.663089
6.400741,25.278281
4.291924,25.720686
2.153502,25.989177
-0.000000,26.081511
-0.000000,27.303903
2.256543,27.209144
4.494943,26.931122
6.703300,26.467929
8.866240,25.823819
10.967935,25.003634
12.995743,24.012572
14.934620,22.857772
16.770880,21.546010
18.492162,20.087933
20.088031,18.491535
21.545968,16.770335
22.857417,14.934004
24.012228,12.994930
25.003377,10.967989
25.823626,8.865717
26.467912,6.702433
26.930582,4.495253
27.209558,2.255063
27.302538,-0.000000
13.339748,22.387459
13.966974,23.440459
13.195467,23.180590
12.879443,22.660566
14.081172,22.592701
13.511172,22.728178
13.800804,22.110931
15.855239,22.207011
13.787505,23.077582
14.453600,23.148929
15.060953,22.015791
14.492582,22.140707
14.677549,22.518699
14.276994,22.865605
13.481075,23.729552
11.984013,24.513502
15.142315,21.209361
14.706674,21.519981
15.900445,21.355517
15.340472,21.537173
15.579566,20.896798
17.634680,20.821946
15.643412,21.862213
16.316761,21.877092
16.827867,20.696653
16.269764,20.869495
15.394860,22.535580
12.242490,23.739322
11.204817,24.220448
16.841968,19.885590
16.433643,20.232420
17.609997,19.969630
17.066990,20.196315
17.253267,19.538420
19.293801,19.294112
17.395262,20.496013
18.067308,20.455287
18.479848,19.236414
17.938085,19.454525
17.201920,21.187539
16.486647,21.229672
12.836884,23.640181
12.493738,24.263891
12.598438,23.281118
11.474580,24.761661
9.918222,25.419454
11.445365,23.411372
11.929267,23.175821
11.636996,23.775792
10.964794,23.648310
11.799108,24.159252
18.426487,18.427245
18.048353,18.806186
19.197639,18.447344
18.675863,18.717884
18.806775,18.047527
20.820965,17.635220
19.028353,18.989043
19.694959,18.893382
20.004653,17.645013
19.482970,17.906994
18.892814,19.694955
18.184443,19.794999
10.249308,24.694695
10.832807,24.636641
10.448384,25.211906
9.173507,25.057218
10.603295,24.255618
9.759020,25.058600
9.390316,25.624294
19.885093,16.842842
19.538974,17.252205
20.655903,16.799051
20.158112,17.111756
20.233140,16.432631
22.206103,15.855901
20.531177,17.353134
21.187832,17.202739
21.393744,15.932864
20.895274,16.236712
20.455061,18.067487
19.755884,18.226452
9.472978,24.277174
9.973184,24.080331
9.656632,24.650589
8.974120,24.472805
10.097835,24.375107
7.784504,26.151756
21.208077,15.142683
20.897353,15.579483
21.972653,15.036084
21.502073,15.388616
21.521031,14.706170
23.439351,13.968099
21.894081,15.598585
22.535860,15.394592
22.636105,14.111760
22.164568,14.455772
21.876845,16.317089
21.193798,16.532717
8.173479,25.450971
8.762333,25.443742
8.330377,25.989005
7.071966,25.729650
8.571030,25.046165
7.658240,25.777371
7.242328,26.312177
22.386029,13.339747
22.112130,13.801160
23.138841,13.170493
22.699287,13.560330
22.661799,12.879134
24.512718,11.984479
23.107312,13.737244
23.729910,13.480953
23.724061,12.194636
23.282698,12.576093
23.149385,14.454891
22.486818,14.725994
7.435969,24.976710
7.951155,24.821264
6.922391,25.130480
5.597990,26.705594
23.411371,11.445614
23.176219,11.928409
24.147527,11.214860
23.741788,11.639704
23.647619,10.963970
25.418761,9.919420
24.162580,11.782400
24.762044,11.475252
24.650066,10.194040
24.241664,10.610531
24.263919,12.493625
23.625582,12.819101
7.583358,25.364705
8.051900,25.127449
6.043804,26.039953
6.630807,26.080845
6.155736,26.588381
4.922933,26.226086
6.472858,25.668533
5.503042,26.321819
5.045102,26.820595
24.276645,9.473292
24.081978,9.973944
24.991070,9.182564
24.622094,9.639328
24.472237,8.974036
26.151091,7.786385
25.053100,9.747071
25.625011,9.391161
25.407600,8.123760
25.035173,8.572273
25.212680,10.447389
24.603561,10.824384
5.347914,25.505683
5.873874,25.393189
4.823183,25.616005
3.373040,27.075931
24.976128,7.435639
24.823433,7.951484
25.664421,7.087555
25.333939,7.572834
25.129856,6.922248
26.704745,5.599480
25.772261,7.644821
26.312985,7.243062
25.991555,5.997546
25.657879,6.475741
25.989155,8.329328
25.413426,8.755618
5.463142,25.904218
5.949269,25.706590
3.873123,26.450063
4.454298,26.539706
3.939152,27.006344
2.740540,26.542261
4.331318,26.115715
3.311208,26.686095
2.814060,27.146211
25.505162,5.348022
25.395057,5.874473
26.161873,4.943088
25.873588,5.454391
25.614339,4.823439
27.076658,3.374439
26.315646,5.490851
26.820987,5.045243
26.398658,3.830026
26.104438,4.335352
26.588596,6.154561
26.049979,6.626776
3.224154,25.860850
3.756531,25.791506
2.691510,25.926045
1.127650,27.261935
25.860346,3.224998
25.793247,3.756851
26.479557,2.766407
26.236461,3.298804
25.925324,2.692133
27.263304,1.129117
26.679752,3.299592
27.145111,2.812924
26.623648,1.638564
26.374286,2.165282
27.006010,3.938721
26.507745,4.451586
3.305735,26.267868
3.805998,26.109374
1.675013,26.679601
2.247646,26.816423
1.693300,27.240112
0.000000,26.515276
1.076465,26.038732
0.650441,26.053866
2.161170,26.385290
1.613264,26.014998
0.787703,26.765632
1.270988,26.927247
0.561252,27.285440
0.000000,26.905448
0.593738,26.419981
1.234245,26.410295
26.038226,1.077083
26.013682,1.614211
26.681108,0.000000
26.054246,0.650333
26.788765,0.825104
26.929775,1.335344
26.425902,1.100526
27.284875,0.559427
26.903292,0.000000
26.461393,0.000000
26.386527,0.551756
26.785369,2.247418
