23.152933,-0.000000
23.071632,1.911931
22.834425,3.810252
22.441678,5.683355
21.895268,7.517311
21.199710,9.299831
20.359258,11.018650
19.379703,12.662304
18.268280,14.219185
17.030968,15.679944
15.678990,17.031878
14.217871,18.269534
12.661264,19.380987
11.018612,20.359839
9.298999,21.199992
7.516744,21.895939
5.682756,22.442183
3.810372,22.834865
1.911762,23.072914
0.000000,23.154221
-0.000000,24.523336
2.026139,24.438139
4.036940,24.188255
6.020372,23.772186
7.962967,23.193620
9.850727,22.456972
11.671744,21.566846
13.413172,20.529804
15.062541,19.351680
16.608554,18.042030
18.041970,16.608309
19.351541,15.062298
20.529417,13.412909
21.566536,11.671324
22.456785,9.850765
23.193452,7.962591
23.772048,6.019772
24.187803,4.036909
24.438026,2.025119
24.521901,-0.000000
11.841844,19.873588
12.543384,21.051162
11.784127,20.701631
11.432212,20.116979
12.569082,20.166926
12.039413,20.252208
12.251996,19.628180
14.239190,19.943509
12.336853,20.649755
12.979695,20.790432
13.450521,19.661730
12.916487,19.733139
13.132938,20.149428
12.783154,20.474622
12.107591,21.310518
10.762347,22.014883
13.442127,18.827828
13.054258,19.104478
14.193251,19.063036
13.669826,19.191167
13.830885,18.550086
15.837222,18.699565
13.997476,19.562438
14.652808,19.647970
15.028318,18.483719
14.500676,18.600289
13.826356,20.238203
10.936800,21.208071
10.007527,21.633208
14.951006,17.652797
14.587288,17.961472
15.719649,17.825943
15.208340,17.996400
15.316405,17.344084
17.327240,17.327581
15.564933,18.339872
16.224921,18.371062
16.503650,17.179402
15.987500,17.339120
15.449547,19.027334
14.752075,18.995994
11.488360,21.156690
11.219007,21.791395
11.229300,20.751284
10.305939,22.237506
8.907275,22.828465
10.160203,20.782899
10.590138,20.573227
10.372372,21.192460
9.732258,20.993178
10.558059,21.618466
16.357606,16.358105
16.020910,16.695304
17.136732,16.466941
16.641930,16.678929
16.695588,16.020557
18.698885,15.837643
17.026356,16.991539
17.686763,16.968310
17.865482,15.758176
17.364431,15.959814
16.967930,17.686719
16.271236,17.712220
9.158695,22.067274
9.696100,22.051367
9.381801,22.643010
8.193045,22.379951
9.451598,21.620157
8.732655,22.424273
8.434247,23.012370
17.652462,14.951532
17.344277,15.315864
18.438595,14.995567
17.962755,15.247691
17.961805,14.586895
19.942837,14.239666
18.371101,15.527685
19.027507,15.450085
19.106048,14.229112
18.623232,14.471198
18.370831,16.225002
17.677364,16.308622
8.409193,21.551292
8.854196,21.376764
8.607225,21.972682
7.965220,21.725120
8.992853,21.707994
6.991336,23.486138
18.826948,13.442338
18.550235,13.830926
19.614006,13.421831
19.160418,13.712234
19.104992,13.054082
21.050426,12.544114
19.590723,13.957662
20.238302,13.826219
20.215576,12.602594
19.754501,12.883877
19.647694,14.652945
18.964083,14.793070
7.303265,22.741823
7.842981,22.773078
7.479691,23.340715
6.316191,22.980665
7.640016,22.324766
6.852618,23.067337
6.505104,23.630352
19.872598,11.841838
19.628705,12.252222
20.654953,11.756349
20.227173,12.083046
20.117619,11.432049
22.014315,10.762719
20.676311,12.292087
21.310684,12.107550
21.187187,10.890452
20.750992,11.208576
20.790515,12.980424
20.121046,13.176348
6.600882,22.172345
7.058991,22.034751
6.143882,22.308869
5.027822,23.983529
20.782744,10.160367
20.573404,10.589663
21.555385,10.010680
21.156044,10.371575
20.992808,9.731862
22.827959,8.908095
21.620543,10.542886
22.237674,10.306373
22.014139,9.103769
21.605715,9.456791
21.791252,11.218959
21.139930,11.469989
6.759061,22.609031
7.171158,22.378699
5.400344,23.268184
5.935325,23.343444
5.526653,23.878917
4.396756,23.423995
5.769838,22.879655
4.924064,23.554605
4.531718,24.087047
21.550829,8.409487
21.377571,8.854703
22.308425,8.196553
21.940411,8.589071
21.724754,7.965244
23.485643,6.992425
22.417360,8.721642
23.012735,8.434747
22.690730,7.254855
22.312911,7.640234
22.643256,9.381255
22.015033,9.685159
4.747319,22.641901
5.214980,22.542535
4.280457,22.739857
3.029949,24.316315
22.171830,6.600831
22.035817,7.059209
22.909355,6.326352
22.574809,6.747787
22.308402,6.143855
23.982843,5.028674
23.060929,6.840594
23.630720,6.505539
23.212326,5.356113
22.867917,5.771664
23.340519,7.479156
22.739613,7.834020
4.869232,23.090028
5.298486,22.894435
3.460795,23.634826
3.987431,23.754222
3.535903,24.254056
2.447699,23.706519
3.860815,23.278178
2.962573,23.880627
2.527687,24.379279
22.641329,4.747479
22.543377,5.215407
23.353549,4.412341
23.055400,4.860225
22.738721,4.280620
24.316460,3.030600
23.547089,4.913068
24.087053,4.531862
23.575492,3.420497
23.266020,3.863784
23.878720,5.526001
23.309124,5.929333
2.861808,22.957051
3.335480,22.896216
2.388113,23.015442
1.012715,24.483553
22.956443,2.862378
22.896900,3.335732
23.637163,2.469149
23.378412,2.939472
23.014611,2.388549
24.483825,1.013490
23.872624,2.952055
24.378292,2.527048
23.776983,1.463082
23.506277,1.929554
24.253441,3.535695
23.718932,3.983210
2.946366,23.413876
3.389765,23.253273
1.496564,23.839478
2.012265,24.001776
1.519935,24.463501
0.000000,23.644644
0.955555,23.115139
0.577485,23.129154
1.926253,23.518284
1.433012,23.094305
0.704786,23.926162
1.137268,24.111186
0.505123,24.504581
-0.000000,24.081281
0.527457,23.538876
1.100039,23.533061
23.114337,0.955935
23.093068,1.433561
23.830656,0.000000
23.128910,0.577411
23.951134,0.737655
24.114606,1.194783
23.549037,0.980895
24.503785,0.504114
24.079379,0.000000
23.583623,0.000000
23.500729,0.489758
23.966916,2.011315
