20.002009,0.000000
19.933999,1.651766
19.728979,3.292231
19.389946,4.910194
18.917899,6.494654
18.316839,8.034709
17.590766,9.519858
16.744680,10.940100
15.784583,12.285236
14.715475,13.547362
13.547358,14.715480
12.285232,15.784589
10.940097,16.744686
9.519856,17.590773
8.034707,18.316846
6.494652,18.917907
4.910193,19.389956
3.292230,19.728989
1.651766,19.934011
0.000000,20.002021
-0.000000,21.571875
1.781355,21.497868
3.550608,21.277847
5.295559,20.911815
7.004406,20.402770
8.665350,19.754714
10.266888,18.971644
11.799020,18.059566
13.250144,17.023474
14.610262,15.871374
15.871370,14.610265
17.023469,13.250147
18.059561,11.799022
18.971639,10.266889
19.754708,8.665351
20.402762,7.004406
20.911807,5.295558
21.277837,3.550607
21.497856,1.781354
21.571862,-0.000000
10.229977,17.167732
11.032954,18.515607
10.276407,18.053186
9.874918,17.379252
10.952872,17.573661
10.462934,17.599428
10.585038,16.956209
12.524584,17.541522
10.790752,18.061850
11.415988,18.287585
11.730401,17.146959
11.228847,17.154773
11.486920,17.624192
11.192408,17.928236
10.649922,18.743627
9.466119,19.363181
11.612666,16.264640
11.276384,16.504663
12.368670,16.612662
11.880491,16.677883
11.948950,16.024615
13.930204,16.447425
12.243287,17.111254
12.887365,17.282498
13.106116,16.119982
12.606512,16.170408
12.161802,17.800544
9.542608,18.504971
8.728717,18.869684
12.916297,15.250036
12.600766,15.517312
13.699389,15.534737
13.217813,15.639894
13.231829,14.982759
15.240818,15.240821
13.614315,16.041813
14.270235,16.159401
14.392836,14.982182
13.899059,15.073900
13.590174,16.735450
12.903852,16.615493
10.051791,18.510172
9.866505,19.167414
9.763568,18.042053
9.065734,19.558948
7.834878,20.078744
8.777282,17.953810
9.148569,17.772293
9.018465,18.425782
8.405996,18.135328
9.235512,18.910158
14.131419,14.131423
13.839391,14.423452
14.934221,14.350170
14.463543,14.494878
14.423448,13.839394
16.447421,13.930207
14.892797,14.862558
15.556096,14.925543
15.580580,13.742709
15.096105,13.874805
14.925539,15.556099
14.232649,15.492572
7.994664,19.262014
8.485279,19.297068
8.250116,19.916730
7.145909,19.520089
8.218541,18.798035
7.638812,19.616437
7.419642,20.240759
15.250031,12.916300
14.982755,13.231832
16.068862,13.067974
15.611450,13.251015
15.517308,12.600769
17.541517,12.524586
16.069051,13.582144
16.735447,13.590177
16.662458,12.409256
16.190491,12.580756
16.159397,14.270237
15.462615,14.264805
7.264680,18.617378
7.649693,18.467113
7.483705,19.104937
6.879667,18.767645
7.808254,18.848841
6.149982,20.657296
16.264634,11.612669
16.024611,11.948953
17.093134,11.696417
16.652347,11.916636
16.504658,11.276386
18.515601,11.032956
17.135897,12.208763
17.800539,12.161804
17.629931,10.990524
17.173856,11.200744
17.282494,12.887367
16.588167,12.939136
6.374384,19.849196
6.863781,19.927576
6.577196,20.530033
5.509018,20.044230
6.643183,19.410466
5.994008,20.178823
5.722770,20.784555
17.167725,10.229979
16.956205,10.585040
18.000039,10.244749
17.579168,10.500616
17.379247,9.874920
19.363175,9.466121
18.085262,10.751758
18.743622,10.649923
18.477100,9.497264
18.039901,9.744205
18.287580,11.415990
17.600041,11.524854
5.702423,19.153934
6.098538,19.035921
5.306309,19.271946
4.423083,21.094834
17.953804,8.777284
17.772287,9.148571
18.784638,8.723443
18.386206,9.013126
18.135322,8.405998
20.078737,7.834879
18.911038,9.221692
19.558942,9.065736
19.198275,7.939096
18.782944,8.221299
19.167408,9.866507
18.490969,10.032103
5.876613,19.657884
6.227013,19.432286
4.713612,20.308691
5.194608,20.426958
4.859322,21.003325
3.834820,20.430814
5.017127,19.893201
4.306931,20.605201
3.986845,21.186341
18.617371,7.264682
18.467106,7.649695
19.441014,7.142481
19.067796,7.464054
18.767637,6.879669
20.657287,6.149983
19.607966,7.628635
20.240752,7.419643
19.788448,6.326638
19.397819,6.642178
19.916724,8.250116
19.256324,8.470961
4.101212,19.559476
4.505703,19.474715
3.696722,19.644233
2.665981,21.387859
19.153925,5.702424
19.035914,6.098540
19.964704,5.512705
19.619267,5.863959
19.271937,5.306311
21.094824,4.423083
20.171087,5.983439
20.784547,5.722770
20.243640,4.671033
19.880368,5.017692
20.530026,6.577196
19.890107,6.851839
4.233437,20.076244
4.600848,19.880109
3.020765,20.628976
3.490246,20.786427
3.108296,21.332855
2.135167,20.677467
3.357082,20.239453
2.590951,20.890460
2.223668,21.442865
19.559466,4.101213
19.474706,4.505704
20.352048,3.845046
20.036722,4.223775
19.644223,3.696723
21.387849,2.665981
20.596498,4.297229
21.186332,3.986845
20.559900,2.983044
20.226674,3.358748
21.003315,4.859322
20.388285,5.186034
2.471999,19.831503
2.882114,19.780246
2.061883,19.882758
0.890677,21.534874
19.831492,2.472000
19.780236,2.882115
20.599699,2.151488
20.316912,2.554691
19.882747,2.061884
21.534863,0.890678
20.880921,2.581670
21.442853,2.223667
20.736553,1.275691
20.435264,1.677195
21.332844,3.108295
20.747047,3.484237
2.561767,20.357236
2.943642,20.191778
1.306535,20.806715
1.761531,21.002859
1.336017,21.516372
0.000000,20.571962
0.825882,19.968017
0.499626,19.981449
1.674938,20.447780
1.238824,19.951014
0.616227,20.895407
0.994861,21.111565
0.445338,21.553375
-0.000000,21.071916
0.456346,20.451383
0.956122,20.450434
19.968005,0.825883
19.951001,1.238825
20.786929,0.000000
19.981437,0.499626
20.924102,0.644257
21.117432,1.045276
20.468334,0.852422
21.553363,0.445337
21.071903,0.000000
20.501957,0.000000
20.408030,0.423170
20.963653,1.759776
