27.344551,0.000000
27.247471,2.258099
26.967250,4.499650
26.503143,6.712256
25.857725,8.878271
25.036333,10.983401
24.043719,13.013327
22.886760,14.954436
21.574127,16.793106
20.113050,18.518123
18.516388,20.114650
16.790541,21.576392
14.952394,22.888980
13.013393,24.044512
10.981721,25.036752
8.877096,25.858682
6.710960,26.503670
4.499981,26.967547
2.257986,27.249135
-0.000000,27.346021
0.000000,28.514019
2.356767,28.415273
4.694199,28.124973
7.000480,27.641265
9.259336,26.968617
11.454173,26.112067
13.571983,25.077054
15.596832,23.870982
17.514424,22.501074
19.311991,20.978402
20.978574,19.311202
22.501073,17.513770
23.870664,15.596071
25.076692,13.571036
26.111748,11.454275
26.968383,9.258820
27.641265,6.999577
28.124341,4.694727
28.415852,2.355183
28.512759,-0.000000
13.986945,23.473531
14.586592,24.480335
13.807527,24.255694
13.504737,23.759526
14.736756,23.644383
14.148555,23.800398
14.469898,23.183656
16.558620,23.192126
14.417381,24.131757
15.095133,24.175398
15.759409,23.036757
15.175281,23.183528
15.348275,23.547494
14.925908,23.904271
14.078791,24.782425
12.515745,25.600945
15.876903,22.238293
15.420638,22.563584
16.640625,22.349454
16.064015,22.553137
16.335017,21.910733
18.417005,21.745649
16.358084,22.860799
17.040972,22.847255
17.608307,21.656433
17.036061,21.852419
16.077450,23.535507
12.808869,24.837373
11.724095,25.342650
17.658982,20.850301
17.231395,21.213552
18.429596,20.899063
17.871967,21.149040
18.089990,20.486531
20.149724,20.149983
18.190000,21.432223
18.869177,21.362376
19.336909,20.128548
18.783001,20.370812
17.964581,22.127780
17.239886,22.199599
13.422576,24.718686
13.048556,25.339974
13.191563,24.376943
11.983171,25.860285
10.358292,26.547101
12.000657,24.546991
12.507729,24.300330
12.184819,24.894741
11.497333,24.795426
12.338006,25.262485
19.320376,19.321223
18.924334,19.718160
20.091195,19.305958
19.556732,19.600903
19.718826,18.923331
21.744563,18.417574
19.897631,19.856371
20.568976,19.731202
20.932393,18.463341
20.400631,18.750422
19.730545,20.569050
19.015242,20.699398
10.722504,25.834570
11.326521,25.759499
10.912574,26.329946
9.598763,26.218429
11.102200,25.397249
10.204689,26.202482
9.806393,26.761123
20.849727,17.660007
20.487213,18.088755
21.617255,17.580976
21.108893,17.919042
21.214390,17.230124
23.191151,16.559327
21.469091,18.145765
22.128068,17.965503
22.385903,16.671798
21.879422,17.001461
21.362152,18.869435
20.658466,19.059230
9.932657,25.454884
10.456565,25.248454
10.111211,25.810547
9.410041,25.659909
10.576179,25.529780
8.129780,27.311900
22.236870,15.877353
21.911446,16.334895
22.995291,15.735954
22.516208,16.114635
22.564799,15.420005
24.479079,14.587854
22.894207,16.311099
23.535816,16.077158
23.685862,14.766301
23.208499,15.136665
22.847017,17.041417
22.162031,17.288128
8.551032,26.626279
9.161659,26.603645
8.700633,27.141571
7.399763,26.921973
8.974328,26.225000
8.008050,26.954128
7.563178,27.479425
23.471971,13.986957
23.185101,14.470322
24.215767,13.783603
23.769912,14.200118
23.760927,13.504399
25.600091,12.516219
24.162852,14.364755
24.782807,14.078658
24.824272,12.760275
24.379305,13.168458
24.176016,15.096657
23.514132,15.398903
7.796832,26.188325
8.336526,26.025235
7.258771,26.349540
5.846213,27.890323
24.547081,12.000946
24.300767,12.506748
25.271380,11.736933
24.861620,12.188916
24.794547,11.496346
26.546341,10.359581
25.266333,12.320617
25.860699,11.983935
25.793245,10.666905
25.383425,11.110299
25.340070,13.048439
24.704938,13.404924
7.940437,26.558326
8.433167,26.317515
6.322996,27.242431
6.932904,27.269758
6.429552,27.767575
5.151149,27.441448
6.777398,26.876619
5.754423,27.523424
5.268528,28.010358
25.454353,9.932956
25.250417,10.457428
26.154172,9.610036
25.783469,10.094199
25.659212,9.409917
27.311156,8.131953
26.197535,10.192330
26.761928,9.807379
26.585883,8.500611
26.214325,8.976023
26.330952,10.911439
25.727582,11.319073
5.607455,26.742968
6.158487,26.624885
5.057710,26.858639
3.522393,28.277053
26.187727,7.796364
26.027825,8.336914
26.858922,7.417575
26.528847,7.930163
26.348824,7.258605
27.889404,5.847935
26.949524,7.994042
27.480366,7.564013
27.196898,6.275771
26.866342,6.780733
27.141909,8.699380
26.574485,9.155815
5.720415,27.123199
6.230988,26.924118
4.052020,27.671429
4.657097,27.749498
4.114721,28.204158
2.867579,27.772247
4.535146,27.344859
3.462576,27.904342
2.938683,28.350466
26.742484,5.607521
26.627141,6.159134
27.379464,5.173194
27.094060,5.711740
26.856735,5.058021
28.277959,3.524135
27.517772,5.741720
28.010872,5.268621
27.623030,4.007637
27.333887,4.539622
27.767987,6.428173
27.240151,6.929634
3.380734,27.115440
3.938377,27.042490
2.822626,27.183594
1.177662,28.471207
27.114954,3.381671
27.044625,3.938724
27.711965,2.895283
27.474145,3.454474
27.182927,2.823309
28.472990,1.179404
27.898598,3.450498
28.349316,2.937322
27.858232,1.714698
27.616501,2.267413
28.203986,4.114152
27.718736,4.655013
3.461427,27.504070
3.986195,27.345943
1.752522,27.911737
2.349885,28.038890
1.768793,28.448510
0.000000,27.759150
1.128780,27.301844
0.682079,27.317597
2.262982,27.627168
1.691049,27.276978
0.823677,27.997770
1.329061,28.150547
0.585663,28.495804
0.000000,28.132054
0.622411,27.667614
1.292333,27.656357
27.301462,1.129477
27.275636,1.692176
27.917517,0.000000
27.318193,0.681957
28.020228,0.863030
28.152750,1.396407
27.671876,1.152276
28.495316,0.583505
28.129856,0.000000
27.707841,0.000000
27.635917,0.578564
28.009223,2.349970
