28.635816,0.000000
28.534114,2.364815
28.240673,4.712128
27.754629,7.029324
27.078723,9.297665
26.218556,11.502185
25.179061,13.627969
23.967445,15.660737
22.592814,17.586227
21.062797,19.392652
19.390737,21.064544
17.583338,22.595319
15.658447,23.969863
13.628077,25.179867
11.500247,26.219013
9.296290,27.079731
7.027792,27.755152
4.712469,28.240952
2.364725,28.535882
0.000000,28.637325
-0.000000,29.754404
2.459472,29.651647
4.898401,29.348743
7.305074,28.844006
9.662258,28.142100
11.952583,27.248271
14.162651,26.168198
16.275643,24.909563
18.276597,23.480060
20.152365,21.891177
21.891438,20.151404
23.480109,18.275842
24.909306,16.274736
26.167833,14.161584
27.247895,11.952755
28.141829,9.661784
28.844027,7.304176
29.348013,4.899184
29.652382,2.457830
29.753303,-0.000000
14.647940,24.582683
15.221747,25.546240
14.433780,25.355747
14.143345,24.881877
15.407462,24.720288
14.800273,24.896686
15.153196,24.279235
17.279637,24.201889
15.062260,25.211040
15.752759,25.227557
16.474090,24.081429
15.873405,24.249867
16.035007,24.600811
15.590418,24.967930
14.691444,25.861679
13.060811,26.715599
16.627142,23.289114
16.149811,23.629384
17.397877,23.366301
16.803846,23.591918
17.106509,22.946260
19.218936,22.692474
17.089782,23.883170
17.783325,23.841704
18.406858,22.638507
17.819670,22.857528
16.777102,24.560491
13.388449,25.961046
12.255435,26.490965
18.493404,21.835551
18.046136,22.215546
19.268108,21.849925
18.695068,22.123174
18.944471,21.454839
21.027098,21.027277
19.003671,22.390732
19.691132,22.292163
20.213868,21.041392
19.647002,21.307772
18.746334,23.091586
18.011110,23.192648
14.022302,25.822957
13.617275,26.442994
13.798122,25.497508
12.504484,26.986439
10.809428,27.702966
12.567790,25.706762
13.098445,25.448794
12.745032,26.038925
12.041213,25.966928
12.889753,26.391997
20.233316,20.234219
19.818969,20.649523
21.005374,20.184356
20.457425,20.503766
20.650243,19.817797
22.691301,19.219519
20.787622,20.744360
21.464880,20.589985
21.881670,19.300672
21.339019,19.612881
20.589243,21.465053
19.865874,21.625355
11.206787,27.001093
11.832073,26.909257
11.388369,27.475971
10.033909,27.406636
11.612393,26.564686
10.660983,27.373626
10.232875,27.926438
21.834915,18.494568
21.455643,18.943084
22.600786,18.380924
22.081071,18.744473
22.216485,18.044604
24.200882,17.280365
22.429352,18.957282
23.091855,18.747341
23.401098,17.427893
22.885797,17.783472
22.291952,19.691480
21.582591,19.911862
10.402156,26.657646
10.950190,26.441452
10.576061,26.996685
9.855244,26.872249
11.065183,26.710204
8.483739,28.501083
23.287581,16.627667
22.947134,17.106354
24.041528,16.451948
23.553161,16.856980
23.630744,16.149053
25.544856,15.223128
23.918160,17.040593
24.560815,16.776796
24.759990,15.436043
24.276006,15.832934
23.841482,17.783897
23.153371,18.061551
8.937423,27.829050
9.570571,27.791317
9.080158,28.322973
7.735176,28.142019
9.386747,27.430471
8.366196,28.158927
7.892063,28.675917
24.581044,14.647955
24.280917,15.153694
25.317540,14.410837
24.864623,14.854294
24.883412,14.142992
26.714706,13.061275
25.243539,15.007221
25.862070,14.691310
25.950026,13.339050
25.500672,13.774201
25.228356,15.754505
24.565965,16.087858
8.165411,27.425710
8.730052,27.254845
7.602313,27.594520
6.100689,29.104715
25.706981,12.568114
25.449256,13.097359
26.421157,12.271030
26.006646,12.750481
25.965850,12.040067
27.702169,10.810769
26.396385,12.871663
26.986866,12.505331
26.962966,11.150755
26.550967,11.621359
26.443168,13.617162
25.810049,14.004713
8.305590,27.778874
8.822922,27.534146
6.608731,28.473007
7.242256,28.487146
6.710226,28.976271
5.384666,28.685072
7.088830,28.112012
6.011785,28.753674
5.497546,29.229929
26.657147,10.402427
26.443731,10.951156
27.344108,10.047345
26.970968,10.559312
26.871418,9.855081
28.500280,8.486183
27.369236,10.648203
27.927315,10.233997
27.791524,8.886211
27.420102,9.388909
27.477232,11.387122
26.878423,11.825557
5.872551,28.006571
6.449122,27.882818
5.297241,28.127700
3.675502,29.508278
27.425125,8.164794
27.257859,8.730499
28.080981,7.755190
27.750631,8.295538
27.593719,7.602138
29.103748,6.102627
28.154838,8.351594
28.676985,7.892978
28.430236,6.560473
28.102088,7.092623
28.323537,9.078708
27.763248,9.565559
5.983503,28.369687
6.518979,28.168827
4.235100,28.921352
4.864766,28.988261
4.294713,29.431930
2.997576,29.030845
4.743596,28.601772
3.617540,29.151648
3.066424,29.584869
28.006153,5.872564
27.885461,6.449800
28.625145,5.408595
28.341973,5.974892
28.125572,5.297612
29.509349,3.677609
28.748547,5.998559
29.230560,5.497563
28.875825,4.189365
28.591093,4.748510
28.976912,6.708650
28.458722,7.239717
3.540662,28.396725
4.124057,28.320125
2.956538,28.467903
1.228919,29.710780
28.396266,3.541683
28.322650,4.124429
28.972823,3.027118
28.739633,3.613679
28.467312,2.957272
29.712966,1.230925
29.146476,3.604998
29.583688,3.064820
29.121485,1.792620
28.886732,2.371870
29.431966,4.293976
28.958624,4.863315
3.620647,28.768162
4.170411,28.610129
1.831884,29.172671
2.454578,29.290635
1.846200,29.687129
0.000000,29.031334
1.182248,28.591816
0.714445,28.608268
2.367128,28.897084
1.770430,28.565847
0.860496,29.258852
1.388514,29.403268
0.610687,29.736495
0.000000,29.388051
0.651706,28.943241
1.351710,28.930421
28.591574,1.183008
28.564502,1.771749
29.182735,0.000000
28.609074,0.714301
29.280697,0.901836
29.405183,1.458925
28.945900,1.205161
29.736093,0.608197
29.385854,0.000000
28.982414,0.000000
28.913216,0.605947
29.262274,2.454989
