22.172863,-0.000000
22.095515,1.831027
21.868370,3.649139
21.492346,5.442880
20.969093,7.199228
20.302947,8.906328
19.498066,10.552437
18.559992,12.126573
17.495609,13.617582
16.310606,15.016561
15.015819,16.311325
13.616597,17.496588
12.125797,18.561007
10.552371,19.498579
8.905698,20.303228
7.198790,20.969694
5.442425,21.492864
3.649179,21.868892
1.830864,22.096713
0.000000,22.174104
-0.000000,23.600164
1.949602,23.518313
3.884828,23.277749
5.793615,22.877318
7.663070,22.320500
9.479838,21.611573
11.232197,20.754938
12.908108,19.756973
14.495429,18.623234
15.983256,17.362861
17.362747,15.983145
18.623056,14.495302
19.756590,12.907969
20.754626,11.231937
21.611367,9.479895
22.320294,7.662799
22.877091,5.793167
23.277259,3.884744
23.517963,1.948817
23.598777,0.000000
11.340437,19.032040
12.070795,20.257939
11.313699,19.875381
10.947774,19.265513
12.064915,19.358094
11.548075,19.425573
11.733482,18.797124
13.702704,19.192042
11.853986,19.841627
12.490419,20.007435
12.913778,18.877134
12.390425,18.929539
12.618836,19.360830
12.286163,19.679169
11.651559,20.507469
10.356788,21.185356
12.873008,18.030609
12.501162,18.295878
13.624047,18.298697
13.112113,18.407949
13.245471,17.764564
15.240508,17.994952
13.449606,18.796951
14.100412,18.907921
14.428513,17.746189
13.910207,17.842907
13.305579,19.475548
10.501710,20.364620
9.608491,20.770987
14.318027,16.905411
13.969270,17.201256
15.089384,17.111222
14.587884,17.261985
14.667968,16.609580
16.674382,16.674705
14.955689,17.622185
15.613287,17.679112
15.844977,16.493822
15.336456,16.633054
14.867766,18.310237
14.174774,18.252543
11.039620,20.330174
10.795832,20.970540
10.772378,19.906905
9.917935,21.399552
8.571714,21.968276
9.730020,19.903015
10.141777,19.702064
9.950314,20.330192
9.319693,20.104357
10.144992,20.772749
15.665069,15.665482
15.342254,15.988666
16.449606,15.806638
15.962935,15.998248
15.988804,15.342079
17.994390,15.240870
16.359969,16.326652
17.020067,16.329197
17.152489,15.129309
16.657320,15.309905
16.328871,17.020069
15.634470,17.018991
8.795371,21.191877
9.317863,21.191109
9.027713,21.790158
7.866291,21.487694
9.067223,20.740569
8.391031,21.547453
8.116820,22.145291
16.905110,14.318449
16.609632,14.667643
17.699314,14.394267
17.229872,14.625401
17.201416,13.969080
19.191469,13.703093
17.652094,14.920078
18.310312,14.868200
18.343552,13.661277
17.864884,13.881933
17.678876,15.613374
16.985574,15.670299
8.053148,20.638808
8.479557,20.471795
8.256988,21.078889
7.627523,20.805318
8.623786,20.817267
6.728069,22.601191
18.029884,12.873189
17.764564,13.245559
18.827601,12.883614
18.378693,13.152611
18.296158,12.501098
20.257327,12.071363
18.824019,13.411479
19.475540,13.305514
19.408794,12.099610
18.950079,12.359242
18.907633,14.100522
18.221965,14.214056
7.013348,21.839179
7.537086,21.884367
7.197301,22.461482
6.064314,22.064516
7.329286,21.416473
6.584463,22.165324
6.260344,22.740071
19.031230,11.340455
18.797388,11.733677
19.826776,11.284849
19.401879,11.589883
19.265882,10.947688
21.184861,10.357102
19.867106,11.811062
20.507513,11.651566
20.341617,10.455783
19.905952,10.752151
20.007386,12.490962
19.333640,12.660574
6.321383,21.233588
6.760271,21.102034
5.883313,21.364342
4.838590,23.079859
19.902809,9.730168
19.702111,10.141467
20.691102,9.609180
20.292809,9.948233
20.104035,9.319458
21.967825,8.572348
20.774373,10.130309
21.399591,9.918280
21.135562,8.740399
20.725879,9.071718
20.970333,10.795828
20.312606,11.020950
6.483965,21.689264
6.876993,21.460755
5.185991,22.344680
5.703926,22.432551
5.317840,22.979381
4.221401,22.490154
5.535203,21.948863
4.731335,22.633578
4.361265,23.179598
20.638369,8.053415
20.472267,8.479967
21.413976,7.867786
21.045143,8.238475
20.804970,7.627587
22.600728,6.728852
21.539996,8.380323
22.145471,8.117197
21.785172,6.965259
21.404274,7.329165
21.790218,9.027355
21.153457,9.305982
4.546312,21.683252
4.994370,21.588361
4.098831,21.777085
2.916073,23.400215
21.233086,6.321408
21.102666,6.760463
21.990770,6.072557
21.653679,6.472363
21.363886,5.883340
23.079207,4.839190
22.158412,6.572913
22.740220,6.260660
22.286002,5.142354
21.936672,5.536672
22.461191,7.196946
21.849659,7.527288
4.671024,22.150743
5.081125,21.955332
3.323439,22.696864
3.832105,22.827326
3.402090,23.340288
2.350142,22.761494
3.703789,22.331129
2.846520,22.946889
2.432598,23.460714
21.682656,4.546474
21.588793,4.994721
22.417201,4.235384
22.114552,4.661885
21.776100,4.098977
23.400093,2.916487
22.625543,4.720745
23.179425,4.361373
22.634503,3.284006
22.318597,3.706386
22.979052,5.317377
22.396858,5.697201
2.740535,21.985015
3.194479,21.927097
2.286593,22.041158
0.974549,23.561194
21.984339,2.740985
21.927359,3.194702
22.689507,2.370047
22.424212,2.819545
22.040289,2.286945
23.561058,0.975078
22.938215,2.836378
23.459753,2.432125
22.828189,1.404611
22.548948,1.850891
23.339600,3.401930
22.790695,3.827353
2.826450,22.461282
3.250756,22.299501
1.437195,22.893190
1.933944,23.065185
1.462403,23.541657
0.000000,22.686868
0.915154,22.136448
0.553176,22.150204
1.847888,22.561375
1.372615,22.116702
0.677155,22.980339
1.092778,23.174292
0.486456,23.581418
0.000000,23.141497
0.505308,22.576938
1.055207,22.572530
22.135547,0.915437
22.115504,1.373026
22.880742,0.000000
22.149712,0.553121
23.006037,0.708509
23.178076,1.148044
22.588703,0.940903
23.580529,0.485740
23.139758,0.000000
22.623014,0.000000
22.536987,0.469030
23.028821,1.932747
