21.478197,-0.000000
21.403741,1.773683
21.183718,3.534955
20.819553,5.272451
20.312712,6.973798
19.667407,8.627444
18.887736,10.222028
17.979068,11.746900
16.948028,13.191222
15.800098,14.546411
14.545842,15.800658
13.190491,16.948780
11.746324,17.979854
10.221946,18.888171
8.626966,19.667671
6.973455,20.313230
5.272100,20.820051
3.534941,21.184268
1.773538,21.404828
-0.000000,21.479344
-0.000000,22.948586
1.895567,22.869168
3.777455,22.635179
5.633576,22.245784
7.451414,21.704310
9.218093,21.014941
10.921992,20.181936
12.551678,19.211547
14.095212,18.109147
15.541979,16.883553
16.883417,15.541953
18.108958,14.095164
19.211199,12.551621
20.181646,10.921848
21.014734,9.218164
21.704089,7.451232
22.245509,5.633253
22.634676,3.777358
22.868681,1.894981
22.947318,0.000000
10.985077,18.435573
11.737275,19.698107
10.981025,19.291067
10.604445,18.662022
11.708324,18.785989
11.200333,18.840490
11.365979,18.208117
13.324091,18.661683
11.512755,19.270518
12.145131,19.454820
12.534225,18.322292
12.018146,18.360833
12.255545,18.803540
11.935042,19.117166
11.329698,19.940717
10.070570,20.599895
12.469664,17.465573
12.109187,17.722773
13.221466,17.758088
12.717406,17.853610
12.830561,17.207834
14.819394,17.497665
13.062440,18.255993
13.710570,18.385621
14.004361,17.224647
13.492357,17.306927
12.938028,18.937311
10.194071,19.768224
9.326321,20.161277
13.869427,16.375716
13.531287,16.662446
14.643620,16.605713
14.148783,16.742204
14.208383,16.089017
16.213646,16.213932
14.525156,17.115005
15.181643,17.190762
15.379200,16.009013
14.875743,16.133386
14.457179,17.804166
13.766838,17.727172
10.722549,19.746119
10.497186,20.391198
10.449048,19.309347
9.644092,20.808160
8.334914,21.361178
9.425139,19.279387
9.823977,19.084635
9.651653,19.719967
9.027302,19.474391
9.853097,20.175080
15.174257,15.174596
14.861285,15.487830
15.963629,15.339613
15.482398,15.516499
15.487870,14.861225
17.497211,14.819695
15.889056,15.856783
16.549561,15.878138
16.648302,14.684604
16.156929,14.849983
15.877861,16.549600
15.184511,16.529109
8.538508,20.572930
9.050617,20.583258
8.777823,21.188236
7.635238,20.856736
8.795224,20.118110
8.149617,20.927819
7.892789,21.533353
16.375449,13.869765
16.088984,14.208209
17.176447,13.968980
16.711197,14.184980
16.662492,13.531222
18.661211,13.324403
17.143996,14.490695
17.804170,14.457524
17.804361,13.259736
17.328235,13.464931
17.190537,15.181739
16.496734,15.219220
7.800825,19.992076
8.214018,19.830406
8.009149,20.446370
7.388197,20.153394
8.362515,20.186719
6.542288,21.976626
17.464990,12.469824
17.207751,12.830672
18.271403,12.502943
17.825451,12.756548
17.722895,12.109192
19.697608,11.737712
18.282214,13.025503
18.937238,12.938017
18.838278,11.743926
18.380821,11.987977
18.385347,13.710670
17.697561,13.804890
6.808378,21.200962
7.320960,21.256399
6.998018,21.840933
5.886210,21.416668
7.109396,20.773691
6.394966,21.527889
6.087603,22.111759
18.434929,10.985116
18.208215,11.366149
19.241026,10.951362
18.817792,11.240850
18.662206,10.604418
20.599478,10.070830
19.295258,11.471129
19.940682,11.329740
19.743663,10.148404
19.307940,10.429153
19.454703,12.145537
18.777230,12.296097
6.123305,20.568235
6.548536,20.440986
5.698654,20.694907
4.705058,22.442087
19.279168,9.425276
19.084600,9.823793
20.079809,9.325200
19.681865,9.648614
19.474109,9.027181
21.360789,8.335392
20.176399,9.838744
20.808118,9.644367
20.514272,8.483441
20.103241,8.799212
20.390973,10.497216
19.727978,10.703628
6.289302,21.038357
6.668752,20.810960
5.034452,21.691716
5.540438,21.788919
5.170486,22.344508
4.097408,21.829797
5.369163,21.290169
4.595136,21.982712
4.240962,22.539172
19.991684,7.801058
19.830652,8.214349
20.781353,7.635248
20.411529,7.990345
20.153072,7.388286
21.976207,6.542841
20.919979,8.139117
21.533407,7.893074
21.144805,6.760469
20.761262,7.109031
21.188192,8.777604
20.544619,9.038029
4.403865,21.003800
4.838003,20.912112
3.970129,21.094721
2.835712,22.753678
20.567771,6.123373
20.441322,6.548708
21.341086,5.893054
21.001762,6.277432
20.694476,5.698716
22.441487,4.705468
21.520625,6.383751
22.111761,6.087826
21.630961,4.991203
21.277661,5.370373
21.840617,6.997790
21.220775,7.310534
4.530770,21.486028
4.927254,21.290564
3.226337,22.033685
3.722368,22.172385
3.307673,22.695362
2.281174,22.093235
3.592671,21.660923
2.764507,22.287044
2.365480,22.812427
21.003221,4.404018
20.912266,4.838289
21.754954,4.110228
21.448685,4.521513
21.093871,3.970263
22.753387,2.835966
21.974323,4.584833
22.538891,4.241033
21.969089,3.187487
21.648138,3.594995
22.344126,5.170162
21.752212,5.533162
2.654592,21.296073
3.094531,21.240251
2.214660,21.350637
0.947609,22.910219
21.295384,2.654942
21.240232,3.094723
22.019289,2.299961
21.748882,2.734677
21.349791,2.214940
22.909841,0.947961
22.277900,2.754634
22.811528,2.365131
22.157270,1.363266
21.871479,1.795227
22.694672,3.307544
22.134762,3.717227
2.741605,21.787136
3.152356,21.624347
1.395252,22.224102
1.878607,22.403392
1.421801,22.891026
-0.000000,22.009169
0.886549,21.442772
0.535992,21.456386
1.792446,21.884180
1.329799,21.423846
0.657616,22.311666
1.061347,22.512337
0.473266,22.929885
-0.000000,22.477426
0.489625,21.896058
1.023466,21.892696
21.441861,0.886759
21.422737,1.330105
22.209079,0.000000
21.455763,0.535954
22.337981,0.687900
22.516464,1.115036
21.909095,0.912576
22.928983,0.472766
22.475896,0.000000
21.943205,0.000000
21.854802,0.454349
22.365933,1.877231
