20.123900,-0.000000
20.055344,1.661859
19.849109,3.312323
19.508023,4.940178
19.033122,6.534309
18.428419,8.083759
17.697918,9.577955
16.846650,11.006846
15.880680,12.360186
14.805054,13.630017
13.629820,14.805275
12.359998,15.880947
11.006694,16.846950
9.577864,17.698216
8.083647,18.428736
6.534221,19.033508
4.940103,19.508459
3.312288,19.849604
1.661827,20.055934
-0.000000,20.124514
-0.000000,21.685550
1.790773,21.611073
3.569303,21.389876
5.323403,21.021891
7.041218,20.510146
8.710857,19.858658
10.320813,19.071442
11.860957,18.154524
13.319666,17.112936
14.686894,15.954761
15.954600,14.687014
17.112740,13.319757
18.154281,11.861027
19.071173,10.320855
19.858362,8.710898
20.509805,7.041213
21.021490,5.323366
21.389397,3.569273
21.610539,1.790703
21.684922,-0.000000
10.292362,17.272720
11.090923,18.613101
10.334506,18.155463
9.935192,17.485483
11.015166,17.673832
10.523778,17.702051
10.649557,17.059869
12.590368,17.633845
10.850245,18.161636
11.475994,18.383812
11.796662,17.244036
11.293961,17.254473
11.550245,17.721540
11.253583,18.026359
10.705877,18.842330
9.515880,19.465177
11.683455,16.364059
11.345175,16.605511
12.438973,16.707271
11.949530,16.775071
12.021772,16.122559
14.003347,16.533961
12.310768,17.205729
12.955094,17.373410
13.180146,16.211192
12.679574,16.264328
12.225679,17.894240
9.596323,18.609344
8.777999,18.976420
12.995018,15.343196
12.677618,15.612092
13.777216,15.623172
13.294595,15.730985
13.312489,15.074306
15.320827,15.320989
13.689332,16.130358
14.345201,16.244377
14.474119,15.066948
13.979603,15.161434
13.661498,16.823509
12.974931,16.707224
10.107060,18.612217
9.918422,19.268337
9.820125,18.146845
9.113352,19.661980
7.876049,20.184538
8.830815,18.063604
9.204382,17.880981
9.070712,18.532810
8.457337,18.246245
9.286410,19.014618
14.217549,14.217737
13.923789,14.511527
15.019063,14.431861
14.547571,14.579285
14.511365,13.923939
16.533756,14.003483
14.974840,14.944574
15.637801,15.004019
15.668566,13.820456
15.183586,13.955361
15.003866,15.637945
14.311035,15.578084
8.039509,19.370344
8.531870,19.403280
8.293564,20.021617
7.186268,19.630574
8.266131,18.907214
7.680918,19.724756
7.458605,20.347393
15.342987,12.995182
15.074122,13.312615
16.160151,13.142359
15.702151,13.328172
15.611902,12.677745
17.633607,12.590481
16.157572,13.657087
16.823339,13.661631
16.756563,12.479457
16.284323,12.653792
16.244200,14.345323
15.547770,14.343532
7.308986,18.731263
7.696332,18.580045
7.527068,19.215894
6.921693,18.882451
7.854011,18.959534
6.182290,20.766157
16.363791,11.683580
16.122341,12.021900
17.190260,11.763005
16.749108,11.986023
16.605299,11.345284
18.612830,11.091026
17.230304,12.276137
17.894031,12.225757
17.729526,11.052718
17.273409,11.265776
17.373197,12.955190
16.679524,13.010549
6.410177,19.960927
6.901463,20.037337
6.611850,20.638197
5.540132,20.157696
6.681662,19.523239
6.027065,20.290279
5.752820,20.894070
17.272418,10.292456
17.059638,10.649668
18.102350,10.303095
17.681348,10.561775
17.485247,9.935277
19.464881,9.515949
18.184928,10.811106
18.842092,10.705941
18.581506,9.551022
18.144505,9.800794
18.383581,11.476097
17.696993,11.588476
5.737207,19.271122
6.135733,19.152334
5.338734,19.389855
4.446310,21.206024
18.063309,8.830903
17.880711,9.204446
18.891423,8.773135
18.493101,9.065637
18.245938,8.457401
20.184204,7.876116
19.015274,9.272603
19.661707,9.113416
19.306754,7.984039
18.891861,8.269050
19.268064,9.918474
18.592862,10.087506
5.910674,19.772095
6.263484,19.546375
4.740076,20.423029
5.223118,20.539478
4.884952,21.114011
3.856484,20.546499
5.046186,20.008787
4.330697,20.719030
4.007783,21.297995
18.730912,7.309072
18.579761,7.696429
19.551515,7.183174
19.178652,7.507545
18.882097,6.921762
20.765771,6.182341
19.716042,7.670752
20.347088,7.458648
19.900240,6.362455
19.510283,6.680753
20.021322,8.293574
19.362446,8.517747
4.126224,19.679175
4.533169,19.593828
3.719315,19.764446
2.679968,21.500605
19.270716,5.737266
19.152011,6.135802
20.078155,5.544109
19.733304,5.898127
19.389441,5.338788
21.205563,4.446333
20.282236,6.016461
20.893708,5.752838
20.357959,4.697461
19.995603,5.046832
20.637829,6.611839
19.999709,6.889679
4.257979,20.192903
4.627799,19.996849
3.037722,20.745131
3.509385,20.900955
3.124722,21.445328
2.147211,20.794562
3.376531,20.357092
2.605266,21.005889
2.235358,21.555926
19.678704,4.126277
19.593436,4.533236
20.467660,3.866938
20.153164,4.248377
19.763940,3.719361
21.500114,2.679969
20.709949,4.320949
21.297548,4.007775
20.675995,2.999917
20.343877,3.378267
21.113581,4.884914
20.500603,5.214666
2.487088,19.952903
2.899672,19.901257
2.074506,20.004433
0.895372,21.648429
19.952370,2.487146
19.900796,2.899719
20.716656,2.163743
20.434982,2.569560
20.003874,2.074553
21.647887,0.895394
20.995924,2.595932
21.555368,2.235310
20.853575,1.282918
20.553659,1.686945
21.444811,3.124693
20.861299,3.503449
2.576611,20.475585
2.960876,20.310373
1.313850,20.923943
1.771187,21.118614
1.343089,21.629869
0.000000,20.690921
0.830889,20.090280
0.502623,20.103722
1.684637,20.566677
1.246341,20.073105
0.619643,21.012532
1.000344,21.227341
0.447644,21.667027
-0.000000,21.188100
0.459095,20.570998
0.961685,20.569835
20.089690,0.830917
20.072503,1.246382
20.904059,0.000000
20.103155,0.502624
21.040514,0.647858
21.232553,1.051022
20.587100,0.857396
21.666436,0.447597
21.187443,0.000000
20.620768,0.000000
20.527324,0.425749
21.079078,1.769460
