20.428767,0.000000
20.358852,1.687044
20.149539,3.362460
19.803278,5.015001
19.321206,6.633270
18.707370,8.206175
17.965792,9.722957
17.101582,11.173442
16.120942,12.547255
15.029025,13.836300
13.835997,15.029344
12.546921,16.121341
11.173173,17.102012
9.722847,17.966134
8.205951,18.707682
6.633095,19.321646
5.014835,19.803779
3.362403,20.150135
1.686967,20.359687
0.000000,20.429652
-0.000000,21.969079
1.814303,21.893459
3.616025,21.669374
5.393009,21.296572
7.133267,20.778148
8.824675,20.118157
10.455714,19.320658
12.015942,18.391727
13.493673,17.336471
14.878738,16.163161
16.162986,14.878845
17.336258,13.493753
18.391438,12.016006
19.320372,10.455739
20.117877,8.824747
20.777822,7.133230
21.296160,5.392902
21.668814,3.615959
21.892811,1.814092
21.968149,0.000000
10.448294,17.534543
11.235958,18.856597
10.479799,18.410709
10.085842,17.750389
11.170957,17.923838
10.675912,17.958099
10.810828,17.318393
12.755000,17.864495
10.999052,18.410742
11.626138,18.624163
11.962403,17.486373
11.456789,17.503274
11.708656,17.964595
11.406615,18.271353
10.845865,19.088828
9.640351,19.719844
11.860423,16.612053
11.517142,16.857056
12.614829,16.943463
12.122186,17.017626
12.203825,16.366889
14.186439,16.750205
12.479594,17.441645
13.124604,17.600550
13.365351,16.438943
12.862311,16.498767
12.385524,18.128306
9.730642,18.869800
8.901220,19.242731
13.191835,15.575635
12.869761,15.848555
13.971924,15.844003
13.486648,15.958380
13.514150,15.302733
15.521140,15.521354
13.877048,16.351522
14.532866,16.456734
14.677491,15.278649
14.181078,15.379979
13.840026,17.043550
13.152780,16.936319
10.245295,18.866933
10.048292,19.520342
9.961533,18.408283
9.232452,19.919217
7.979010,20.448618
8.964604,18.337348
9.343869,18.151988
9.201333,18.799797
8.585641,18.522775
9.413693,19.275321
14.432896,14.433136
14.134807,14.731310
15.231338,14.635881
14.757760,14.790032
14.731177,14.134929
16.749922,14.186636
15.180160,15.149464
15.842364,15.200161
15.888719,14.014650
15.402425,14.156515
15.199958,15.842499
14.507198,15.791688
8.151629,19.640614
8.648375,19.668339
8.402227,20.283448
7.287161,19.906175
8.385097,19.179536
7.786195,19.995028
7.556036,20.613558
15.575397,13.192057
15.302564,13.514226
16.388557,13.328147
15.929038,13.520839
15.848403,12.869869
17.864181,12.755182
16.379116,13.844325
17.043406,13.840230
16.992025,12.654810
16.519042,12.836178
16.456525,14.532999
15.760889,14.540215
7.419701,19.015150
7.812876,18.861572
7.635461,19.492622
7.026705,19.168620
7.968382,19.235589
6.263069,21.037832
16.611693,11.860573
16.366680,12.203970
17.433259,11.929321
16.991144,12.159294
16.856905,11.517250
18.856257,11.236165
17.466573,12.444463
18.128111,12.385603
17.978710,11.208067
17.522427,11.428175
17.600300,13.124717
16.908168,13.188968
6.499651,20.239619
6.995676,20.311184
6.698502,20.908141
5.617902,20.440675
6.777839,19.804464
6.109702,20.568316
5.827948,21.167361
17.534145,10.448392
17.318221,10.810971
18.358305,10.448820
17.936924,10.714495
17.750239,10.085921
19.719510,9.640491
18.434344,10.959378
19.088626,10.845949
18.842715,9.685296
18.406144,9.942105
18.623937,11.626333
17.939628,11.747429
5.824119,19.563187
6.228666,19.442484
5.419750,19.683706
4.504373,21.483450
18.337061,8.964726
18.151765,9.343896
19.158568,8.897245
18.760461,9.196757
18.522470,8.585688
20.448261,7.979197
19.276120,9.399795
19.918990,9.232590
19.578163,8.096294
19.164292,8.388286
19.520065,10.048364
18.847848,10.225919
5.995804,20.056878
6.354632,19.830840
4.806218,20.708168
5.294384,20.820152
4.949024,21.390192
3.910624,20.834957
5.118807,20.296971
4.390097,21.002931
4.060117,21.576568
19.014774,7.419852
18.861399,7.813057
19.827975,7.284808
19.455934,7.616138
19.168259,7.026809
21.037413,6.263242
19.986508,7.775978
20.613327,7.556152
20.179965,6.451920
19.791610,6.777078
20.283198,8.402206
19.628017,8.634636
4.188718,19.977445
4.601791,19.890656
3.775765,20.063987
2.714923,21.781863
19.562733,5.824212
19.442286,6.228787
20.362033,5.622554
20.018576,5.983445
19.683250,5.419836
21.482898,4.504479
20.560427,6.098975
21.167054,5.828016
20.644051,4.763483
20.283900,5.119600
20.907757,6.698451
20.274009,6.984227
4.319312,20.483735
4.695149,20.287873
3.080101,21.034747
3.557218,21.186582
3.165778,21.725911
2.177310,21.086489
3.425130,20.650341
2.641038,21.293732
2.264568,21.837960
19.976881,4.188822
19.890334,4.601938
20.756991,3.921629
20.444497,4.309813
20.063327,3.775856
21.781317,2.714964
20.993949,4.380227
21.576090,4.060120
20.966577,3.042074
20.637143,3.427013
21.389717,4.948916
20.781745,5.286215
2.524790,20.255365
2.943538,20.202765
2.106046,20.307574
0.907100,21.931669
20.254687,2.524938
20.202310,2.943643
21.009399,2.194359
20.730427,2.606696
20.306828,2.106168
21.931019,0.907190
21.283854,2.631579
21.837208,2.264435
21.146515,1.300976
20.849948,1.711296
21.725257,3.165712
21.147326,3.551466
2.613703,20.770582
3.003939,20.605970
1.332131,21.216195
1.795315,21.407256
1.360760,21.912967
0.000000,20.987411
0.843405,20.394862
0.510118,20.408330
1.708874,20.863021
1.265125,20.377271
0.628178,21.304530
1.014046,21.516026
0.453403,21.950505
0.000000,21.477788
0.465963,20.869097
0.975582,20.867416
20.394051,0.843482
20.376410,1.265240
21.197279,0.000000
20.407605,0.510112
21.331969,0.656856
21.520835,1.065391
20.884326,0.869816
21.949695,0.453247
21.476765,0.000000
20.918101,0.000000
20.825842,0.432186
21.368083,1.793666
