22.919700,0.000000
22.839327,1.892677
22.604516,3.771908
22.215746,5.626123
21.674848,7.441608
20.986289,9.206179
20.154303,10.907693
19.184618,12.534802
18.084389,14.076006
16.859527,15.522062
15.521159,16.860390
14.074770,18.085577
12.533825,19.185837
10.907650,20.154864
9.205396,20.986566
7.441073,21.675498
5.625560,22.216250
3.772009,22.604969
1.892508,22.840585
-0.000000,22.920973
-0.000000,24.303241
2.007894,24.218833
4.000677,23.971171
5.966312,23.558831
7.891469,22.985451
9.762302,22.255413
11.566950,21.373273
13.292756,20.345549
14.927333,19.178006
16.459473,17.880104
17.880033,16.459259
19.177860,14.927115
20.345165,13.292522
21.372967,11.566567
22.255228,9.762343
22.985280,7.891115
23.558679,5.965745
23.970718,4.000630
24.218670,2.006925
24.301818,0.000000
11.722515,19.673309
12.430712,20.862046
11.672067,20.504808
11.316921,19.914339
12.448993,19.974267
11.922412,20.055364
12.128598,19.430395
14.111284,19.764349
12.221796,20.457194
12.863043,20.603755
13.322662,19.474828
12.791212,19.541770
13.010437,19.961518
12.664719,20.285060
11.998870,21.119057
10.665656,21.817113
13.306682,18.638098
12.922625,18.912039
14.057670,18.880973
13.537017,19.004660
13.691565,18.363137
15.694957,18.531576
13.866931,19.380036
14.521109,19.471532
14.885438,18.308027
14.360062,18.419924
13.702199,20.056373
10.833151,21.007138
9.912471,21.427810
14.800363,17.474924
14.440204,17.780549
15.569524,17.655698
15.060590,17.821513
15.162089,17.169276
17.171590,17.171927
15.419763,18.168860
16.079099,18.206091
16.346747,17.016086
15.832461,17.170976
15.310844,18.856364
14.614512,18.818840
11.381428,20.959740
11.118115,21.595692
11.120487,20.550202
10.213436,22.037724
8.827270,22.623383
10.057823,20.573495
10.483438,20.365896
10.271861,20.987119
9.634071,20.781648
10.459632,21.416947
16.192790,16.193266
15.859397,16.527132
16.973063,16.309659
16.480241,16.516838
16.527385,15.859083
18.530925,15.695364
16.867570,16.833109
17.527815,16.815937
17.695639,15.608371
17.196040,15.805044
16.815571,17.527777
16.119505,17.547034
9.072138,21.858726
9.605967,21.846369
9.297381,22.439678
8.115207,22.167398
9.360062,21.410687
8.651253,22.215340
8.358570,22.805643
17.474601,14.800863
17.169439,15.161595
18.262503,14.852339
17.788234,15.099504
17.780845,14.439859
19.763702,14.111740
18.199777,15.382903
18.856519,15.311357
18.924413,14.093844
18.442641,14.330869
18.205862,16.079178
17.512522,16.156519
8.324456,21.334129
8.765039,21.161387
8.523818,21.759831
7.884850,21.506216
8.904977,21.495901
6.928567,23.275152
18.637256,13.306884
18.363254,13.691616
19.426690,13.293630
18.974267,13.578970
18.912503,12.922474
20.861342,12.431405
19.408034,13.827517
20.056451,13.702077
20.023393,12.482775
19.562938,12.758939
19.471256,14.521236
18.787249,14.655100
7.234197,22.526784
7.770087,22.561302
7.412364,23.131094
6.256189,22.762420
7.566018,22.108462
6.788722,22.852401
6.446751,23.418093
19.672364,11.722512
19.430861,12.128816
20.457688,11.644040
20.030648,11.965609
19.914920,11.316773
21.816565,10.666015
20.483497,12.177468
21.119200,11.998839
20.985765,10.786907
20.549758,11.099882
20.603809,12.863728
19.933421,13.053447
6.534362,21.948929
6.987902,21.812769
6.081868,22.084079
4.982704,23.768079
20.573332,10.057983
20.366048,10.482999
21.349520,9.915045
20.950485,10.270764
20.781296,9.633712
22.622896,8.828048
21.418921,10.444577
22.037867,10.213848
21.804855,9.017209
21.396195,9.365089
21.595537,11.118077
20.942795,11.362990
6.693548,22.389996
7.101116,22.160123
5.349277,23.048175
5.880182,23.126381
5.476868,23.664455
4.354983,23.201535
5.713961,22.657991
4.878141,23.335137
4.491081,23.870694
21.333676,8.324744
21.162121,8.765523
22.095375,8.118243
21.727224,8.505583
21.505861,7.884883
23.274671,6.929585
22.208306,8.640312
22.805971,8.359040
22.475018,7.185869
22.096531,7.566155
22.439884,9.296878
21.809737,9.594808
4.699480,22.413751
5.162479,22.315446
4.237229,22.510724
3.002799,24.097900
21.948422,6.534330
21.813739,6.988113
22.690556,6.265899
22.355464,6.682200
22.083621,6.081853
23.767407,4.983498
22.845881,6.776810
23.418417,6.447158
22.991667,5.305191
22.646155,5.715703
23.130879,7.411872
22.527555,7.760931
4.822029,22.866343
5.246732,22.670820
3.428071,23.411371
3.950416,23.533345
3.503998,24.036202
2.424457,23.481394
3.823420,23.052644
2.934920,23.658130
2.505018,24.160278
22.413178,4.699641
22.316198,5.162889
23.130518,4.370190
22.831360,4.812994
22.509630,4.237388
24.097989,3.003392
23.327505,4.867241
23.870665,4.491218
23.351340,3.387983
23.040405,3.826301
23.664231,5.476260
23.091749,5.874020
2.832946,22.725714
3.301926,22.665570
2.363950,22.783569
1.003616,24.263648
22.725096,2.833488
22.666162,3.302172
23.411436,2.445543
23.151194,2.910912
22.782732,2.364367
24.263828,1.004334
23.649977,2.924491
24.159301,2.504418
23.550970,1.449153
23.278304,1.910821
24.035573,3.503801
23.497752,3.946070
2.917807,23.187023
3.356666,23.026165
1.482416,23.614042
1.993601,23.778589
1.506218,24.243722
0.000000,23.416540
0.945936,22.882221
0.571694,22.896168
1.907589,23.290403
1.418640,22.861639
0.698204,23.700825
1.126666,23.887918
0.500674,24.284483
0.000000,23.857335
0.522184,23.309814
1.089365,23.304328
22.881398,0.946294
22.860414,1.419157
23.604370,0.000000
22.895871,0.571624
23.725967,0.730712
23.891425,1.183643
23.320351,0.971375
24.283669,0.499734
23.855470,0.000000
23.354871,0.000000
23.271254,0.484824
23.743386,1.992593
