20.018047,0.000000
19.949966,1.653104
19.744788,3.294893
19.405489,4.914168
18.933070,6.499910
18.331534,8.041212
17.604882,9.527562
16.758117,10.948954
15.797250,12.295182
14.727288,13.558335
13.558236,14.727407
12.295099,15.797394
10.948890,16.758283
9.527517,17.605065
8.041173,18.331736
6.499882,18.933298
4.914147,19.405738
3.294883,19.745057
1.653096,19.950255
-0.000000,20.018343
-0.000000,21.587023
1.782603,21.512952
3.553084,21.292772
5.299245,20.926475
7.009278,20.417063
8.671369,19.768544
10.274016,18.984915
11.807202,18.072184
13.259323,17.035354
14.620373,15.882441
15.882345,14.620445
17.035235,13.259375
18.072038,11.807238
18.984745,10.274037
19.768351,8.671381
20.416847,7.009278
20.926234,5.299237
21.292507,3.553076
21.512672,1.782590
21.586726,-0.000000
10.238215,17.181694
11.040615,18.528567
10.284082,18.066787
9.882878,17.393382
10.961100,17.586979
10.470971,17.613074
10.593557,16.969993
12.533271,17.553787
10.798611,18.075117
11.423916,18.300375
11.739150,17.159861
11.237445,17.168027
11.495284,17.637131
11.200489,17.941279
10.657317,18.756750
9.472699,19.376748
11.622010,16.277855
11.285465,16.518070
12.377950,16.625233
11.889605,16.690800
11.958561,16.037633
13.939858,16.458914
12.252197,17.123807
12.896308,17.294574
13.115886,16.132097
12.616155,16.182886
12.170239,17.812993
9.549706,18.518854
8.735231,18.883885
12.926683,15.262413
12.610907,15.529906
13.709657,15.546481
13.227944,15.651993
13.242470,14.994920
15.251371,15.251458
13.624215,16.053571
14.280127,16.170681
14.403558,14.993435
13.909685,15.085524
13.599589,16.747143
12.913234,16.627678
10.059094,18.523743
9.873369,19.180836
9.771040,18.055991
9.072031,19.572654
7.840325,20.092824
8.784354,17.968419
9.155942,17.786752
9.025369,18.440021
8.412779,18.150088
9.242240,18.924054
14.142779,14.142885
13.850523,14.435149
14.945409,14.361012
14.474626,14.506084
14.435042,13.850620
16.458802,13.939924
14.903618,14.873443
15.566871,14.935954
15.592181,13.753025
15.107640,13.885496
14.935872,15.566960
14.242990,15.503925
8.000593,19.276430
8.491439,19.311201
8.255863,19.930687
7.151246,19.534796
8.224831,18.812563
7.644380,19.630854
7.424797,20.254952
15.262287,12.926770
14.994802,13.242556
16.080895,13.077842
15.623407,13.261253
15.529779,12.610985
17.553651,12.533320
16.080720,13.592085
16.747032,13.599651
16.674860,12.418566
16.202859,12.590445
16.170578,14.280195
15.473843,14.275251
7.270535,18.632537
7.655856,18.482144
7.489437,19.119706
6.885221,18.782928
7.814302,18.863573
6.154258,20.671791
16.277703,11.622077
16.037492,11.958632
17.105931,11.705246
16.665099,11.925839
16.517922,11.285527
18.528407,11.040650
17.148337,12.217696
17.812857,12.170280
17.643051,10.998769
17.186973,11.209367
17.294446,12.896358
16.600208,12.948607
6.379118,19.864072
6.868765,19.942188
6.581782,20.544434
5.513134,20.059340
6.648271,19.425479
5.998382,20.193664
5.726748,20.799139
17.181519,10.238266
16.969833,10.593613
18.013516,10.252483
17.592629,10.508725
17.393212,9.882925
19.376565,9.472719
18.098390,10.759624
18.756590,10.657344
18.490849,9.504388
18.053679,9.751706
18.300225,11.423954
17.612814,11.533288
5.707021,19.169538
6.103455,19.051421
5.310596,19.287647
4.426158,21.109645
17.968228,8.784393
17.786569,9.155980
18.798699,8.730027
18.400284,9.020086
18.149891,8.412813
20.092617,7.840338
18.924763,9.228437
19.572470,9.072049
19.212556,7.945050
18.797285,8.227627
19.180661,9.873389
18.504388,10.039444
5.881117,19.673092
6.231835,19.447477
4.717114,20.323919
5.198381,20.441943
4.862716,21.018067
3.837687,20.446224
5.020971,19.908595
4.310076,20.620363
3.989618,21.201215
18.632322,7.270566
18.481942,7.655891
19.455560,7.147871
19.082391,7.469817
18.782708,6.885248
20.671559,6.154265
19.622192,7.634213
20.254745,7.424806
19.803160,6.331382
19.412622,6.647289
19.930490,8.255869
19.270295,8.477158
4.104519,19.575419
4.509334,19.490579
3.699710,19.660247
2.667833,21.402882
19.169300,5.707042
19.051198,6.103478
19.979634,5.516863
19.634276,5.868485
19.287405,5.310615
21.109389,4.426159
20.185713,5.987811
20.798907,5.726748
20.258681,4.674532
19.895533,5.021551
20.544209,6.581780
19.904531,6.856849
4.236683,20.091783
4.604413,19.895658
3.023009,20.644451
3.492779,20.801685
3.110471,21.347840
2.136761,20.693069
3.359655,20.255125
2.592846,20.905839
2.225216,21.457930
19.575159,4.104534
19.490334,4.509352
20.367258,3.847944
20.052044,4.227033
19.659979,3.699723
21.402610,2.667830
20.611422,4.300368
21.200958,3.989613
20.575171,2.985277
20.242094,3.361333
21.017818,4.862707
20.403062,5.189824
2.473994,19.847677
2.884436,19.796367
2.063552,19.898969
0.891299,21.550006
19.847399,2.474007
19.796102,2.884448
20.615083,2.153110
20.332445,2.556660
19.898685,2.063563
21.549722,0.891301
20.896046,2.583558
21.457647,2.225206
20.751944,1.276647
20.450839,1.678486
21.347567,3.110464
20.762075,3.486780
2.563731,20.373004
2.945922,20.207578
1.307503,20.822336
1.762810,21.018283
1.336953,21.531496
0.000000,20.587814
0.826545,19.984308
0.500022,19.997741
1.676221,20.463622
1.239818,19.967281
0.616680,20.911014
0.995587,21.126993
0.445644,21.568521
0.000000,21.087399
0.456710,20.467322
0.956859,20.466343
19.984016,0.826550
19.966989,1.239826
20.802334,0.000000
19.997452,0.500023
20.939411,0.644734
21.132570,1.046036
20.483957,0.853081
21.568229,0.445636
21.087096,0.000000
20.517586,0.000000
20.423723,0.423512
20.978833,1.761058
