27.702049,-0.000000
27.603681,2.287640
27.319798,4.558472
26.849616,6.800034
26.195757,8.994378
25.363630,11.127025
24.358037,13.183490
23.185945,15.149975
21.856149,17.012681
20.375985,18.760237
18.758449,20.377629
17.010024,21.858483
15.147861,23.188224
13.183567,24.358835
11.125274,25.364059
8.993148,26.196729
6.798674,26.850142
4.558808,27.320089
2.287533,27.605374
0.000000,27.703530
-0.000000,28.856987
2.385168,28.757125
4.750665,28.463342
7.084703,27.973819
9.370746,27.293082
11.591984,26.426225
13.735303,25.378754
15.784522,24.158149
17.725164,22.771762
19.544353,21.230783
21.230979,19.543516
22.771775,17.724480
24.157847,15.783720
25.378391,13.734321
26.425891,11.592103
27.292839,9.370238
27.973827,7.083797
28.462685,4.751261
28.757750,2.383563
28.855768,0.000000
14.169940,23.780604
14.762211,24.775058
13.980795,24.560047
13.681536,24.070249
14.922330,23.942072
14.328911,24.103787
14.659073,23.486965
16.757979,23.471326
14.595764,24.430301
15.276964,24.466320
15.957139,23.325785
15.368472,23.478618
15.538232,23.838854
15.109708,24.198469
14.248192,25.080836
12.666453,25.909147
16.084606,22.529214
15.622510,22.858652
16.850145,22.630801
16.268754,22.840610
16.548609,22.197418
18.638737,22.007446
16.560482,23.143601
17.246232,23.122220
17.829243,21.928142
17.252909,22.130563
16.270907,23.818913
12.969217,25.148247
11.871101,25.660348
17.889991,21.123067
17.456956,21.490956
18.661599,21.162153
18.099749,21.418622
18.326559,20.754606
20.392316,20.392555
18.415072,21.697360
19.096447,21.619463
19.579538,20.381105
19.022095,20.630098
18.180736,22.394269
17.453214,22.474288
13.588461,25.024135
13.205806,25.644959
13.359412,24.687036
12.127315,26.171664
10.483027,26.866698
12.157666,24.868075
12.671275,24.618281
12.339844,25.211373
11.647907,25.119760
12.490626,25.574923
19.573122,19.573987
19.172014,19.976010
20.344133,19.548999
19.805987,19.850761
19.976694,19.170962
22.006335,18.639311
20.143814,20.102001
20.816694,19.968657
21.195030,18.695005
20.660311,18.989091
19.967976,20.816792
19.250535,20.955528
10.856481,26.157294
11.466356,26.077522
11.044134,26.646822
9.719154,26.547166
11.243383,25.720311
10.330905,26.526434
9.924316,27.083330
21.122475,17.891055
20.755324,18.325279
21.889383,17.802310
21.377931,18.147471
21.491825,17.455611
23.470340,16.758693
21.734712,18.370241
22.394554,18.181683
22.666777,16.880987
22.157916,17.217867
21.619242,19.096729
20.914088,19.295078
10.062635,25.787871
10.593230,25.578735
10.239848,26.138787
9.533296,25.995548
10.711514,25.856469
8.227646,27.640709
22.527758,16.085077
22.198177,16.548476
23.284768,15.934060
22.803172,16.320070
22.859911,15.621841
24.773765,14.763507
23.177446,16.512886
23.819228,16.270610
23.983042,14.951598
23.503910,15.329343
23.121986,17.246711
22.436246,17.502066
8.657928,26.959032
9.274763,26.932157
8.805572,27.468230
7.492561,27.259519
9.088455,26.558587
8.107118,27.287390
7.654115,27.810253
23.779017,14.169953
23.488479,14.659517
24.520610,13.957150
24.072860,14.381154
24.071692,13.681192
25.908280,12.666927
24.461785,14.542469
25.081223,14.248058
25.135736,12.920404
24.689621,13.336085
24.466988,15.278551
23.805079,15.589476
7.898870,26.530897
8.445479,26.365651
7.353881,26.694216
5.916572,28.226102
24.868199,12.157965
24.618727,12.670263
25.589506,11.884711
25.178492,12.344322
25.118827,11.646874
26.865927,10.484334
25.578921,12.473043
26.172085,12.128103
26.116873,10.800772
25.706519,11.251724
25.645077,13.205689
25.010623,13.570833
8.041484,26.896090
8.541035,26.654222
6.402044,27.582877
7.018470,27.606489
6.507159,28.101781
5.215756,27.785517
6.863579,27.218486
5.825613,27.863725
5.331851,28.347567
25.787346,10.062927
25.580787,10.594121
26.483408,9.731035
26.112095,10.222913
25.994816,9.533161
27.639948,8.229897
26.521644,10.318430
27.084157,9.925341
26.919448,8.607295
26.548000,9.090279
26.647898,11.042965
26.045917,11.459172
5.680844,27.092799
6.238953,26.973142
5.124024,27.209981
3.564726,28.617483
26.530301,7.898361
26.368361,8.445883
27.197047,7.510989
26.866962,8.031275
26.693476,7.353711
28.225168,5.918355
27.282931,8.092945
27.811231,7.654974
27.538126,6.354538
27.208311,6.867041
27.468628,8.804263
26.903310,9.269155
5.793219,27.468140
6.310692,27.268595
4.102671,28.017226
4.714537,28.092142
4.164486,28.543639
2.903545,28.120458
4.592828,27.692682
3.505442,28.249359
2.974004,28.691778
27.092331,5.680896
26.975507,6.239610
27.724125,5.238327
27.439407,5.784562
27.208015,5.124351
28.618437,3.566568
27.858221,5.812766
28.348115,5.331926
27.969642,4.057916
27.681795,4.597427
28.102255,6.505723
27.577221,7.015406
3.425009,27.470165
3.989787,27.396201
2.859699,27.539156
1.191836,28.813945
27.469687,3.425970
27.398447,3.990140
28.060823,2.931761
27.824358,3.498529
27.538509,2.860398
28.815843,1.193652
28.243779,3.493235
28.690619,2.972576
28.207737,1.736255
27.968016,2.296318
28.543522,4.163873
28.061702,4.712630
3.505486,27.853883
4.037178,27.695810
1.774474,28.260581
2.378842,28.385124
1.790193,28.790991
0.000000,28.111179
1.143579,27.658976
0.691035,27.674915
2.291799,27.978591
1.713031,27.633799
0.833863,28.346641
1.345507,28.497039
0.592581,28.838852
0.000000,28.479463
0.630520,28.020634
1.308766,28.008941
27.658632,1.144295
27.632456,1.714211
28.267556,0.000000
27.675572,0.690907
28.368923,0.873767
28.499160,1.413701
28.024446,1.166914
28.838389,0.590331
28.477262,0.000000
28.060556,0.000000
27.989413,0.586144
28.355831,2.379017
