28.925507,0.000000
28.822779,2.388763
28.526374,4.759803
28.035411,7.100463
27.352665,9.391763
26.483799,11.618580
25.433787,13.765871
24.209909,15.819204
22.821368,17.764171
21.275884,19.588861
19.586908,21.277661
17.761213,22.823924
15.816861,24.212367
13.765988,25.434594
11.616584,26.484266
9.390342,27.353686
7.098877,28.035936
4.760143,28.526652
2.388677,28.824571
-0.000000,28.927027
-0.000000,30.033267
2.482558,29.929617
4.944305,29.623877
7.373549,29.114412
9.752841,28.405927
12.064635,27.503717
14.295444,26.413513
16.428255,25.143059
18.447950,23.700158
20.341300,22.096391
22.096670,20.340301
23.700218,18.447175
25.142816,16.427316
26.413146,14.294354
27.503325,12.064826
28.405645,9.752381
29.114434,7.372659
29.623122,4.945149
29.930382,2.480910
30.032204,0.000000
14.796243,24.831527
15.364545,25.785878
14.574431,25.602815
14.286621,25.133687
15.558086,24.961908
14.946587,25.142805
15.306494,24.525041
17.441740,24.428904
15.207145,25.453523
15.900610,25.464105
16.634605,24.316059
16.030146,24.489276
16.189298,24.837463
15.739731,25.206936
14.829178,26.104321
13.183356,26.966196
16.795466,23.524873
16.313407,23.868505
17.567937,23.594661
16.969944,23.825128
17.279594,23.178591
19.399228,22.905340
17.254173,24.112867
17.950222,24.065277
18.586208,22.859078
17.995603,23.083192
16.934395,24.790933
13.518626,26.213437
12.374772,26.748880
18.680615,22.056602
18.228930,22.440351
19.456419,22.063466
18.879861,22.341872
19.136174,21.672089
21.224352,21.224511
19.186478,22.606082
19.875925,22.501197
20.410828,21.246414
19.840985,21.518134
18.922088,23.308273
18.184385,23.415759
14.157052,26.071065
13.745136,26.690977
13.934310,25.749095
12.621684,27.239626
10.910859,27.962828
12.695034,25.966966
13.230969,25.706465
12.870811,26.295811
12.163237,26.229761
13.013715,26.645766
20.438144,20.439057
20.019687,20.858480
21.210678,20.381622
20.659637,20.706463
20.859206,20.018481
22.904148,19.399814
20.987576,20.943866
21.666298,20.783056
22.094873,19.488733
21.549703,19.806517
20.782295,21.666496
20.056990,21.833393
11.315568,27.263114
11.945665,27.167594
11.495334,27.733621
10.131643,27.673509
11.726943,26.826801
10.763499,27.636750
10.328756,28.188429
22.055952,18.681810
21.672918,19.134757
22.821664,18.560573
22.299332,18.929787
22.441306,18.227342
24.427892,17.442471
22.645093,19.139607
23.308535,18.923113
23.629106,17.597710
23.111746,17.959046
22.500990,19.876295
21.790219,20.103426
10.507497,26.927495
11.060933,26.709114
10.680428,27.262994
9.955129,27.144245
11.174955,26.975190
8.563321,28.768436
23.523319,16.796008
23.179499,17.279434
24.276489,16.612742
23.785964,17.023642
23.869891,16.312623
25.784466,15.365951
24.148212,17.204491
24.791256,16.934087
25.001233,15.586465
24.515679,15.989259
24.065058,17.950824
23.376100,18.235319
9.024214,28.099211
9.662450,28.058170
9.165482,28.588576
7.810509,28.416043
9.479344,27.701125
8.446661,28.429612
7.966003,28.944917
24.829874,14.796257
24.526771,15.307010
25.564972,14.551697
25.110393,15.001160
25.135244,14.286269
26.965295,13.183816
25.486337,15.151566
26.104711,14.829045
26.202864,13.469042
25.752437,13.910201
25.464944,15.902405
24.802285,16.242648
8.248110,27.703326
8.818336,27.530721
7.679389,27.873840
6.157905,29.377738
25.967214,12.695365
25.706927,13.229863
26.679370,12.390974
26.263711,12.876556
26.228635,12.162057
27.962024,10.912207
26.650273,12.995468
27.240050,12.622549
27.225679,11.259426
26.813099,11.736102
26.691167,13.745025
26.058339,14.139469
8.387574,28.052907
8.910414,27.807264
6.672913,28.749414
7.311765,28.760678
6.773327,29.248010
5.437113,28.964392
7.158754,28.389384
6.069605,29.030079
5.549034,29.504118
26.927005,10.507760
26.711460,11.061923
27.611340,10.145551
27.237568,10.663734
27.143381,9.954958
28.767620,8.565822
27.632482,10.750625
28.189317,10.329907
28.062304,8.972815
27.690818,9.481611
27.734939,11.494067
27.136986,11.939351
5.932031,28.290070
6.514324,28.165049
5.350982,28.412423
3.709926,29.785089
27.702746,8.247458
27.533826,8.818797
28.355426,7.831008
28.024927,8.377569
27.873017,7.679215
29.376759,6.159889
28.425635,8.431927
28.946009,7.966934
28.707238,6.624418
28.379532,7.162649
28.589192,9.163990
28.030331,9.657618
6.042570,28.649545
6.583627,28.448248
4.276222,29.202107
4.911428,29.266596
4.335182,29.707957
3.026773,29.313529
4.790399,28.883974
3.652355,29.431888
3.095143,29.862390
28.289667,5.932031
28.167776,6.515006
28.904896,5.461459
28.622134,6.033974
28.410243,5.351366
29.786191,3.712117
29.025065,6.056263
29.504770,5.549031
29.157195,4.230180
28.873355,4.795411
29.248702,6.771709
28.732503,7.309385
3.576546,28.684192
4.165711,28.606777
2.986582,28.756049
1.240442,29.989468
28.683736,3.577585
28.609385,4.166088
29.255985,3.056723
29.023738,3.649426
28.755474,2.987326
29.991737,1.242505
29.426835,3.639710
29.861201,3.093483
29.405205,1.810124
29.171915,2.395325
29.708041,4.334404
29.237194,4.910118
3.656396,29.051972
4.211764,28.893924
1.849715,29.455898
2.478102,29.571887
1.863606,29.965594
0.000000,29.316991
1.194249,28.881231
0.721713,28.897848
2.390515,29.182203
1.788232,28.855021
0.868767,29.542130
1.401870,29.684754
0.616315,30.015433
-0.000000,29.670260
0.658281,29.229621
1.365038,29.216455
28.881017,1.195020
28.853673,1.789596
29.466909,0.000000
28.898696,0.721563
29.563843,0.910552
29.686607,1.472971
29.231927,1.217030
30.015047,0.613750
29.668065,0.000000
29.268574,0.000000
29.199952,0.612091
29.543801,2.478588
