27.712619,0.000000
27.614213,2.288514
27.330222,4.560212
26.859860,6.802632
26.205752,8.997814
25.373307,11.131275
24.367331,13.188525
23.194792,15.155760
21.864488,17.019178
20.383760,18.767401
18.765607,20.385410
17.016514,21.866830
15.153642,23.197080
13.188600,24.368137
11.129519,25.373746
8.996581,26.206733
6.801269,26.860396
4.560548,27.330523
2.288407,27.615917
0.000000,27.714111
-0.000000,28.867143
2.386008,28.767248
4.752336,28.473362
7.087195,27.983667
9.374042,27.302690
11.596062,26.435527
13.740136,25.387687
15.790075,24.166652
17.731399,22.779777
19.551228,21.238255
21.238446,19.550394
22.779784,17.730718
24.166343,15.789275
25.387316,13.739155
26.435184,11.596182
27.302437,9.373536
27.983664,7.086290
28.472693,4.752934
28.767864,2.384403
28.865914,0.000000
14.175352,23.789691
14.767407,24.783784
13.985920,24.569056
13.686765,24.079444
14.927819,23.950884
14.334245,24.112766
14.664668,23.495941
16.763877,23.479593
14.601041,24.439139
15.282344,24.474934
15.962988,23.334341
15.374187,23.487352
15.543852,23.847479
15.115145,24.207178
14.253204,25.089672
12.670913,25.918273
16.090748,22.537823
15.628480,22.867384
16.856343,22.639129
16.274809,22.849119
16.554926,22.205902
18.645297,22.015196
16.566469,23.151973
17.252305,23.130361
17.835779,21.936185
17.259322,22.138796
16.276631,23.827304
12.973961,25.157450
11.875450,25.669753
17.896822,21.131139
17.463627,21.499165
18.668461,21.169940
18.106486,21.426600
18.333555,20.762538
20.399494,20.399736
18.421731,21.705208
19.103171,21.627074
19.586715,20.388580
19.029167,20.637772
18.187132,22.402159
17.459525,22.482420
13.593369,25.033178
13.210459,25.653989
13.364377,24.696215
12.131580,26.180883
10.486718,26.876162
12.162309,24.877577
12.676112,24.627690
12.344430,25.220745
11.652360,25.129358
12.495141,25.584173
19.580596,19.581467
19.179338,19.983640
20.351615,19.556192
19.813359,19.858155
19.984320,19.178290
22.014080,18.645875
20.151097,20.109272
20.824023,19.975687
21.202799,18.701862
20.667991,18.996155
19.975001,20.824127
19.257496,20.963110
10.860445,26.166847
11.470493,26.086937
11.048027,26.656204
9.722716,26.556897
11.247560,25.729873
10.334639,26.536025
9.927806,27.092870
21.130541,17.897892
20.763252,18.332278
21.897432,17.808861
21.385887,18.154231
21.500029,17.462284
23.478600,16.764595
21.742569,18.376886
22.402438,18.188083
22.675085,16.887178
22.166153,17.224272
21.626849,19.103457
20.921650,19.302060
10.066479,25.797725
10.597271,25.588509
10.243653,26.148503
9.536941,26.005481
10.715517,25.866138
8.230542,27.650445
22.536360,16.091223
22.206656,16.554796
23.293330,15.939923
22.811658,16.326150
22.868637,15.627813
24.782483,14.768706
23.185825,16.518859
23.827613,16.276336
23.991832,14.957082
23.512647,15.335045
23.130121,17.252789
22.444357,17.508398
8.661090,26.968883
9.278110,26.941883
8.808678,27.477903
7.495306,27.269511
9.091831,26.568461
8.110049,27.297257
7.656806,27.820049
23.788096,14.175368
23.497449,14.665115
24.529626,13.962286
24.081819,14.386511
24.080881,13.686423
25.917398,12.671388
24.470627,14.547729
25.090052,14.253073
25.144948,12.925143
24.698798,13.341045
24.475596,15.283935
23.813685,15.595117
7.901887,26.541035
8.448701,26.375726
7.356694,26.704416
5.918654,28.236044
24.877694,12.162611
24.628129,12.675101
25.598914,11.889085
25.187863,12.348921
25.128415,11.651328
26.875381,10.488027
25.588167,12.477554
26.181296,12.132371
26.126444,10.804733
25.716074,11.255909
25.654100,13.210344
25.019665,13.575743
8.044473,26.906087
8.544226,26.664188
6.404383,27.592955
7.021001,27.616458
6.509455,28.111677
5.217667,27.795703
6.866128,27.228605
5.827720,27.873800
5.333725,28.357552
25.797192,10.066773
25.590556,10.598166
26.493145,9.734616
26.121814,10.226721
26.004739,9.536807
27.649674,8.232796
26.531230,10.322162
27.093690,9.928833
26.929313,8.610452
26.557867,9.093660
26.657274,11.046858
26.055333,11.463318
5.683014,27.103152
6.241332,26.983449
5.125985,27.220379
3.565979,28.627564
26.540430,7.901379
26.378430,8.449107
27.207047,7.513754
26.876960,8.034267
26.703667,7.356525
28.235100,5.920440
27.292792,8.095872
27.821019,7.657667
27.548218,6.356869
27.218423,6.869595
27.478293,8.807368
26.913035,9.272509
5.795373,27.478350
6.313050,27.278791
4.104169,28.027463
4.716237,28.102286
4.165959,28.553692
2.904609,28.130766
4.594535,27.702978
3.506710,28.259574
2.975049,28.701885
27.102675,5.683067
26.985807,6.241991
27.734318,5.240255
27.449619,5.786717
27.218401,5.126313
28.628509,3.567824
27.868290,5.814869
28.358091,5.333800
27.979893,4.059404
27.692083,4.599137
28.112143,6.508019
27.587190,7.017945
3.426318,27.480663
3.991307,27.406670
2.860796,27.549679
1.192255,28.824094
27.480175,3.427280
27.408908,3.991661
28.071140,2.932840
27.834714,3.499833
27.549022,2.861495
28.825985,1.194074
28.253988,3.494500
28.700715,2.973620
28.218073,1.736893
27.978410,2.297173
28.553566,4.165345
28.071846,4.714335
3.506790,27.864238
4.038686,27.706165
1.775123,28.270908
2.379699,28.395375
1.790827,28.801132
0.000000,28.121600
1.144017,27.669545
0.691300,27.685490
2.292652,27.988993
1.713681,27.644359
0.834164,28.356969
1.345994,28.507298
0.592786,28.849010
0.000000,28.489748
0.630760,28.031084
1.309253,28.019377
27.669193,1.144733
27.643006,1.714863
28.277908,0.000000
27.686138,0.691172
28.379236,0.874084
28.509405,1.414213
28.034871,1.167347
28.848537,0.590533
28.487538,0.000000
28.070986,0.000000
27.999866,0.586369
28.366082,2.379877
