27.143365,-0.000000
27.047013,2.241476
26.768853,4.466548
26.308166,6.662857
25.667499,8.812930
24.852147,10.902574
23.866838,12.917565
22.718393,14.844393
21.415419,16.669536
19.965083,18.381868
18.380167,19.966653
16.667027,21.417638
14.842395,22.720573
12.917627,23.867619
10.900936,24.852552
8.811787,25.668438
6.661599,26.308684
4.466875,26.769145
2.241359,27.048651
0.000000,27.144820
-0.000000,28.321157
2.340796,28.223041
4.662446,27.934699
6.953120,27.454261
9.196689,26.786162
11.376681,25.935408
13.480147,24.907401
15.491293,23.709501
17.395923,22.348860
19.181333,20.836482
20.836646,19.180567
22.348856,17.395284
23.709181,15.490553
24.907047,13.479219
25.935106,11.376772
26.785942,9.196168
27.454266,6.952219
27.934090,4.662937
28.223603,2.339225
28.319885,-0.000000
13.883964,23.300718
14.487841,24.314605
13.710059,24.084483
13.405243,23.584660
14.632362,23.476914
14.047085,23.629701
14.363437,23.012962
16.446519,23.035124
14.317049,23.963835
14.992889,24.011804
15.648181,22.874166
15.066592,23.017504
15.241434,23.383613
14.822534,23.738801
13.983534,24.614621
12.431000,25.427634
15.760018,22.074570
15.307034,22.397527
16.522761,22.191179
15.948828,22.391396
16.214815,21.749395
18.292323,21.598434
16.244244,22.701732
16.925553,22.692636
17.484024,21.503586
16.914063,21.695930
15.968667,23.376142
12.718671,24.662497
11.641401,25.163933
17.528981,20.696796
17.104459,21.057436
18.299085,20.751060
17.743815,20.997366
17.956858,20.335667
20.013314,20.013579
18.063407,21.283092
18.741382,21.217810
19.200425,19.986474
18.648486,20.224933
17.843035,21.977927
17.119901,22.045096
13.329276,24.546883
12.960133,25.168473
13.097132,24.202478
11.902117,25.685189
10.288155,26.367382
11.912299,24.366292
12.415691,24.121396
12.097601,24.716596
11.412597,24.612899
12.252165,25.086748
19.178143,19.178974
18.784951,19.573048
19.948907,19.169233
19.416499,19.460326
19.573708,18.783972
21.597368,18.292886
19.759165,19.718213
20.429683,19.597676
20.784653,18.333021
20.254536,18.616143
19.597036,20.429740
18.882903,20.555333
10.647141,25.653030
11.247872,25.580624
10.838597,26.151758
9.531041,26.033500
11.022770,25.215490
10.133698,26.020268
9.740083,26.579938
20.696238,17.529980
20.336333,17.955646
21.464173,17.456462
20.957530,17.790521
21.058261,17.103226
23.034163,16.447219
21.319692,18.019505
21.978221,17.843939
22.227905,16.554122
21.722742,16.879707
21.217589,18.741623
20.514693,18.926574
9.859512,25.267488
10.379654,25.062581
10.038839,25.625872
9.340678,25.471018
10.500034,25.345967
8.074750,27.127001
22.073172,15.760452
21.750088,16.214696
22.832449,15.624507
22.354759,15.999052
22.398723,15.306419
24.313377,14.489081
22.734899,16.197601
23.376453,15.968376
23.518692,14.662064
23.042301,15.028262
22.692400,16.925976
22.007800,17.167796
8.490902,26.439096
9.098046,26.418870
8.641625,26.957881
7.347561,26.732090
8.910120,26.037317
7.952329,26.766677
7.512044,27.293393
23.299181,13.883972
23.014375,14.363848
24.044281,13.685972
23.599471,14.098263
23.586043,13.404906
25.426795,12.431474
23.994717,14.264797
24.615007,13.983401
24.649068,12.670196
24.204721,13.074149
24.012401,14.994375
23.350490,15.291713
7.739410,25.995533
8.275211,25.833657
7.205247,26.155564
5.806650,27.701505
24.366372,11.912581
24.121835,12.414726
25.092422,11.653799
24.683346,12.101481
24.612056,11.411633
26.366638,10.289431
25.090519,12.234883
25.685606,11.902866
25.611198,10.591601
25.201653,11.030732
25.168563,12.960015
24.533007,13.311606
7.883587,26.368292
8.372475,26.128067
6.278531,27.050921
6.884779,27.080361
6.385913,27.579641
5.114805,27.247896
6.728913,26.684279
5.714381,27.332014
5.232920,27.820737
25.266961,9.859813
25.064501,10.380500
25.968964,9.541967
25.598582,10.021783
25.470349,9.340560
27.126276,8.076878
26.015241,10.121404
26.580737,9.741046
26.398246,8.440597
26.026600,8.911742
26.152733,10.837481
25.548537,11.240272
5.566155,26.546092
6.113202,26.428895
5.020392,26.660911
3.498589,28.085621
25.994943,7.738964
25.836189,8.275588
26.668715,7.365023
26.338622,7.873275
26.154870,7.205083
27.700604,5.808336
26.762001,7.938414
27.294321,7.512864
27.004952,6.231462
26.673952,6.732175
26.958194,8.640403
26.389540,9.092067
5.679455,26.929127
6.186143,26.730297
4.023529,27.476910
4.624790,27.556775
4.086738,28.013257
2.847347,27.576365
4.502695,27.149167
3.438465,27.710280
2.918822,28.158537
26.545607,5.566229
26.431098,6.113843
27.185580,5.136553
26.899766,5.670769
26.659053,5.020694
28.086507,3.500276
27.326289,5.701759
27.821240,5.233022
27.428054,3.979353
27.138156,4.507100
27.580028,6.384565
27.050568,6.881391
3.355818,26.915809
3.909445,26.843431
2.801762,26.983492
1.169692,28.278476
26.915329,3.356741
26.845512,3.909787
27.515720,2.874761
27.277113,3.429689
26.982823,2.802437
28.280202,1.171391
27.704452,3.426460
28.157401,2.917497
27.661629,1.702572
27.418739,2.251152
28.013064,4.086192
27.525838,4.622607
3.436639,27.307257
3.957510,27.149090
1.740175,27.715503
2.333598,27.844147
1.756760,28.255923
0.000000,27.561098
1.120453,27.100859
0.677041,27.116508
2.246771,27.429450
1.678676,27.076168
0.817948,27.801526
1.319811,27.955664
0.581772,28.302899
0.000000,27.936652
0.617847,27.468991
1.283087,27.457982
27.100464,1.121138
27.074838,1.679774
27.720617,0.000000
27.117078,0.676922
27.824094,0.856990
27.957924,1.386680
27.473519,1.144039
28.302406,0.579667
27.934465,0.000000
27.509405,0.000000
27.437031,0.574298
27.814276,2.333633
