20.046622,0.000000
19.978413,1.655470
19.772951,3.299604
19.433170,4.921197
18.960082,6.509206
18.357692,8.052710
17.630001,9.541181
16.782021,10.964600
15.819776,12.312750
14.748284,13.577709
13.577564,14.748454
12.312623,15.819980
10.964499,16.782255
9.541114,17.630252
8.052644,18.357967
6.509157,18.960399
4.921158,19.433521
3.299584,19.773336
1.655455,19.978842
0.000000,20.047063
-0.000000,21.613671
1.784811,21.539490
3.557466,21.319033
5.305771,20.952277
7.017905,20.442231
8.682034,19.792906
10.286654,19.008304
11.821717,18.094439
13.275614,17.056320
14.638331,15.901983
15.901849,14.638431
17.056155,13.275689
18.094237,11.821770
19.008074,10.286685
19.792647,8.682057
20.441937,7.017904
20.951942,5.305755
21.318655,3.557451
21.539082,1.784781
21.613225,0.000000
10.252837,17.206305
11.054199,18.551416
10.297699,18.090760
9.897006,17.418284
10.975699,17.610458
10.485231,17.637129
10.608679,16.994293
12.548687,17.575423
10.812554,18.098505
11.437979,18.322927
11.754679,17.182614
11.252706,17.191396
11.510124,17.659947
11.214826,17.964277
10.670431,18.779883
9.484361,19.400653
11.638602,16.301159
11.301588,16.541710
12.394427,16.647407
11.905785,16.713579
11.975629,16.060591
13.956998,16.479193
12.268012,17.145949
12.912180,17.315879
13.133236,16.153474
12.633278,16.204899
12.185208,17.834951
9.562295,18.543319
8.746782,18.908904
12.945135,15.284249
12.628920,15.552122
13.727897,15.567207
13.245940,15.673343
13.261376,15.016379
15.270120,15.270245
13.641795,16.074323
14.297694,16.190595
14.422608,15.013302
13.928562,15.106040
13.616303,16.767779
12.929892,16.649177
10.072048,18.547660
9.885536,19.204490
9.784295,18.080554
9.083191,19.596803
7.849974,20.117620
8.796901,17.994157
9.169024,17.812231
9.037614,18.465109
8.424813,18.176090
9.254168,18.948538
14.162967,14.163116
13.870305,14.455794
14.965294,14.380158
14.494319,14.525867
14.455650,13.870436
16.479035,13.957097
14.922845,14.892664
15.586018,14.954344
15.612802,13.771246
15.128144,13.904377
14.954227,15.586140
14.261360,15.523965
8.011103,19.301823
8.502359,19.336096
8.266046,19.955271
7.160705,19.560695
8.235985,18.838156
7.654249,19.656244
7.433929,20.279946
15.284076,12.945260
15.016218,13.261491
16.102291,13.095276
15.644666,13.279338
15.551952,12.629028
17.575233,12.548763
16.101466,13.609649
16.767629,13.616397
16.696916,12.435020
16.224852,12.607564
16.190451,14.297792
15.493800,14.293701
7.280920,18.659236
7.666788,18.508619
7.499601,19.145716
6.895072,18.809843
7.825027,18.889522
6.161831,20.697307
16.300946,11.638699
16.060401,11.975731
17.128697,11.720853
16.687779,11.942102
16.541513,11.301676
18.551194,11.054260
17.170464,12.233487
17.834767,12.185268
17.666396,11.013347
17.210309,11.224610
17.315703,12.912253
16.621619,12.965344
6.387508,19.890263
6.877597,19.967916
6.589904,20.569787
5.520427,20.085939
6.657290,19.451916
6.006130,20.219790
5.733791,20.824809
17.206062,10.252911
16.994080,10.608762
18.037497,10.266159
17.616580,10.523060
17.418062,9.897073
19.400403,9.484398
18.121750,10.773534
18.779669,10.670473
18.515323,9.516989
18.078199,9.764971
18.322725,11.438042
17.635537,11.548199
5.715174,19.197013
6.112173,19.078713
5.318196,19.315291
4.431603,21.135709
17.993899,8.796963
17.811987,9.169078
18.823730,8.741675
18.425342,9.032395
18.175823,8.424863
20.117337,7.850003
18.949196,9.240370
19.596556,9.083225
19.237985,7.955585
18.822817,8.238820
19.204253,9.885569
18.528270,10.052430
5.889101,19.699866
6.240383,19.474222
4.723316,20.350723
5.205063,20.468320
4.868723,21.044013
3.842765,20.473344
5.027782,19.935692
4.315647,20.647047
3.994526,21.227388
18.658940,7.280972
18.508352,7.666846
19.481463,7.157410
19.108378,7.480011
18.809542,6.895116
20.696987,6.161849
19.647525,7.644085
20.279669,7.433948
19.829366,6.339777
19.438986,6.656331
19.955007,8.266055
19.295170,8.488125
4.110382,19.603483
4.515772,19.518506
3.705005,19.688431
2.671112,21.429311
19.196680,5.715210
19.078416,6.112214
20.006228,5.524225
19.661009,5.876494
19.314952,5.318228
21.135345,4.431608
20.211767,5.995551
20.824493,5.733796
20.285479,4.680727
19.922546,5.028382
20.569477,6.589900
19.930223,6.865719
4.242436,20.119132
4.610730,19.923026
3.026984,20.671682
3.497265,20.828533
3.114322,21.374205
2.139584,20.720520
3.364214,20.282704
2.596201,20.932899
2.227956,21.484434
19.603113,4.110410
19.518168,4.515807
20.394359,3.853076
20.079340,4.232801
19.688044,3.705030
21.428924,2.671109
20.638016,4.305928
21.227025,3.994519
20.602385,2.989232
20.269568,3.365908
21.043663,4.868706
20.429390,5.196535
2.477531,19.876140
2.888552,19.824740
2.066511,19.927497
0.892400,21.576626
19.875736,2.477557
19.824365,2.888575
20.642499,2.155983
20.360122,2.560145
19.927081,2.066533
21.576213,0.892407
20.923003,2.586901
21.484019,2.227935
20.779375,1.278341
20.478592,1.680772
21.373810,3.114307
20.788856,3.491283
2.567210,20.400751
2.949962,20.235382
1.309218,20.849819
1.765073,21.045420
1.338611,21.558102
0.000000,20.615704
0.827718,20.012974
0.500725,20.026410
1.678495,20.491497
1.241580,19.995907
0.617480,20.938473
0.996872,21.154135
0.446184,21.595163
-0.000000,21.114637
0.457354,20.495366
0.958162,20.494337
20.012543,0.827730
19.995472,1.241598
20.829790,0.000000
20.025987,0.500726
20.966698,0.645578
21.159554,1.047383
20.511797,0.854247
21.594731,0.446166
21.114178,0.000000
20.545437,0.000000
20.451687,0.424116
21.005888,1.763327
