25.695438,0.000000
25.604398,2.121868
25.341084,4.228358
24.905024,6.307386
24.298551,8.342736
23.526673,10.320937
22.593930,12.228448
21.506769,14.052511
20.273306,15.780309
18.900272,17.401357
17.399891,18.901643
15.778197,20.275222
14.050828,21.508681
12.228467,22.594677
10.319587,23.527045
8.341809,24.299426
6.306379,24.905557
4.228636,25.341430
2.121726,25.605930
-0.000000,25.696859
-0.000000,26.936778
2.226130,26.843245
4.434483,26.568945
6.613135,26.111974
8.746977,25.476521
10.820416,24.667368
12.820919,23.689636
14.733717,22.550388
16.545300,21.256268
18.243438,19.817788
19.817854,18.242868
21.256202,16.544797
22.550012,14.733151
23.689283,12.820154
24.667109,10.820463
25.476320,8.746461
26.111930,6.612288
26.568408,4.434735
26.843583,2.224693
26.935367,0.000000
13.142884,22.057099
13.778994,23.124983
13.009537,22.854014
12.689240,22.326292
13.882002,22.273200
13.317454,22.402305
13.597268,21.784642
15.641846,21.908147
13.596246,22.757499
14.258973,22.837520
14.848783,21.705663
14.285106,21.823793
14.473892,22.206327
14.079985,22.550284
13.299729,23.410139
11.822697,24.183595
14.918867,20.896385
14.489500,21.202543
15.675575,21.053563
15.120570,21.228400
15.349761,20.588389
17.397334,20.541713
15.426405,21.559009
16.097046,21.582765
16.590789,20.405112
16.036881,20.570786
15.187763,22.232229
12.070451,23.405805
11.047077,23.879580
16.593447,19.592153
16.190982,19.933981
17.360999,19.687272
16.822339,19.906764
16.998737,19.250034
19.034127,19.034457
17.153944,20.211747
17.824032,20.180093
18.219495,18.965418
17.681309,19.176065
16.970536,20.902297
16.257938,20.935174
12.659059,23.312727
12.325416,23.937432
12.418192,22.948102
11.320277,24.428370
9.784720,25.077351
11.276459,23.065946
11.753297,22.833782
11.470514,23.435742
10.802806,23.299384
11.635478,23.824275
18.154583,18.155319
17.781895,18.528783
18.926174,18.186498
18.408144,18.449517
18.529333,17.781135
20.540757,17.397871
18.764400,18.725692
19.429792,18.639203
19.722828,17.396436
19.204085,17.650677
18.638652,19.429779
17.932182,19.520396
10.105586,24.348486
10.682911,24.295739
10.307552,24.872718
9.044329,24.704498
10.451679,23.908687
9.623698,24.711284
9.264081,25.279412
19.591668,16.594283
19.250534,16.997741
20.363839,16.561504
19.869144,16.866407
19.934648,16.190058
21.907251,15.642495
20.246383,17.112464
20.902575,16.971328
21.092351,15.708404
20.596182,16.004306
20.179858,17.824197
19.481827,17.973595
9.333159,23.918946
9.826138,23.725025
9.518484,24.298083
8.841523,24.111716
9.952432,24.024140
7.679760,25.799796
20.895136,14.919218
20.588882,15.349700
21.661969,14.823463
21.193849,15.167967
21.203522,14.489044
23.123909,13.780078
21.590396,15.382242
22.232483,15.187511
22.317213,13.912936
21.847306,14.248850
21.582503,16.097347
20.899806,16.303352
8.058805,25.093999
8.641095,25.091589
8.218048,25.639340
6.972393,25.367480
8.448468,24.687927
7.552024,25.420074
7.144986,25.958067
22.055702,13.142884
21.785746,13.597610
22.811662,12.984229
22.373893,13.365886
22.327449,12.688948
24.182820,11.823159
22.786799,13.546711
23.410470,13.299616
23.389841,12.022817
22.949426,12.396075
22.837914,14.260195
22.174886,14.521679
7.326208,24.608168
7.833921,24.455055
6.820072,24.759673
5.522691,26.346177
23.065905,11.276699
22.834146,11.752484
23.806091,11.056253
23.401438,11.472789
23.298729,10.802038
25.076663,9.785884
23.827427,11.618978
24.428720,11.320922
24.302795,10.050401
23.894669,10.458653
23.937423,12.325309
23.297846,12.641227
7.474843,25.001967
7.936005,24.765730
5.959007,25.674729
6.539090,25.719887
6.072666,26.230638
4.853609,25.856919
6.380310,25.301408
5.426710,25.956980
4.977317,26.459655
23.918403,9.333478
23.726553,9.826870
24.637710,9.052695
24.269117,9.501086
24.111165,8.841454
25.799136,7.681547
24.705593,9.611875
25.280078,9.264884
25.049665,8.009287
24.676814,8.449577
24.873406,10.306608
24.262263,10.674181
5.268972,25.129333
5.787292,25.018548
4.751847,25.238028
3.327732,26.711548
24.607575,7.325921
24.457071,7.834236
25.301520,6.987293
24.970769,7.464237
24.759056,6.819941
26.345331,5.524106
25.414786,7.538787
25.958810,7.145687
25.625400,5.913035
25.290611,6.383055
25.639419,8.217064
25.060881,8.634107
5.384956,25.533774
5.863634,25.336525
3.818787,26.079105
4.392729,26.172409
3.885893,26.642951
2.701952,26.168654
4.269377,25.742189
3.265245,26.316207
2.776250,26.780871
25.128784,5.269092
25.020273,5.787875
25.791958,4.873181
25.502646,5.376181
25.236415,4.752089
26.712191,3.329029
25.950623,5.414676
26.459986,4.977468
26.026720,3.776074
25.730791,4.273275
26.230776,6.071556
25.688594,6.534820
3.176528,25.479239
3.701209,25.410999
2.651630,25.543536
1.112476,26.895077
25.478707,3.177342
25.412593,3.701521
26.105144,2.727253
25.860282,3.251499
25.542778,2.652232
26.896293,1.113857
26.309648,3.253771
26.779766,2.775182
26.248609,1.615440
25.996753,2.134247
26.642552,3.885499
26.140037,4.389823
3.258422,25.892189
3.751224,25.733524
1.651480,26.305370
2.216606,26.445279
1.670401,26.873507
0.000000,26.137318
1.060560,25.654526
0.640829,25.669486
2.130235,26.007891
1.589592,25.631148
0.776778,26.391431
1.253355,26.555875
0.553845,26.918253
0.000000,26.533049
0.585020,26.040795
1.216587,26.031597
25.653961,1.061151
25.629820,1.590486
26.305536,0.000000
25.669774,0.640726
26.414761,0.813583
26.558486,1.316805
26.047217,1.084791
26.917640,0.552124
26.530891,0.000000
26.082575,0.000000
26.006757,0.543603
26.413754,2.216283
