25.848743,0.000000
25.757133,2.134530
25.492247,4.253574
25.053578,6.345020
24.443485,8.392516
23.667004,10.382516
22.728695,12.301406
21.635046,14.136349
20.394224,15.874454
19.013005,17.505166
17.503674,19.014398
15.872297,20.396173
14.134631,21.636988
12.301430,22.729446
10.381135,23.667379
8.391566,24.444367
6.343987,25.054109
4.253860,25.492585
2.134390,25.758676
-0.000000,25.850167
-0.000000,27.083042
2.238247,26.989020
4.458570,26.713237
6.649057,26.253788
8.794491,25.614885
10.879187,24.801337
12.890568,23.818295
14.813755,22.672851
16.635170,21.371702
18.342528,19.925414
19.925491,18.341937
21.371643,16.634651
22.672479,14.813171
23.817941,12.889785
24.801075,10.879237
25.614684,8.793972
26.253750,6.648201
26.712695,4.458845
26.989384,2.236792
27.081644,-0.000000
13.221344,22.188767
13.853884,23.250670
13.083625,22.984147
12.765046,22.459519
13.961366,22.400516
13.394651,22.532168
13.678387,21.914687
15.726860,22.027216
13.672452,22.885037
14.336511,22.961586
14.933326,21.829242
14.367784,21.950084
14.555037,22.330792
14.158481,22.675922
13.371977,23.537394
11.886964,24.315032
15.007922,21.021124
14.576054,21.329061
15.765180,21.173887
15.208201,21.351448
15.441350,20.711307
17.491891,20.653358
15.512870,21.679822
16.184579,21.700026
16.685257,20.521284
16.129683,20.689822
15.270270,22.353084
12.139002,23.538702
11.109932,24.015407
16.692494,19.709104
16.287694,20.052926
17.460218,19.799787
16.919831,20.022152
17.100180,19.364972
19.137579,19.137904
17.250096,20.325014
17.920952,20.289731
18.323237,19.073404
17.783632,19.287032
17.062718,21.015937
16.349065,21.052517
12.729911,23.443201
12.392475,24.067495
12.490019,23.080810
11.381751,24.561154
9.837907,25.213646
11.343776,23.203619
11.823430,22.970104
11.536856,23.571254
10.867366,23.438451
11.700676,23.957748
18.262949,18.263697
17.888091,18.639344
19.034346,18.290440
18.514829,18.556463
18.639907,17.887307
20.652390,17.492431
18.869570,18.830624
19.535433,18.740468
19.835126,17.495488
19.315219,17.752820
18.739909,19.535425
18.032693,19.629812
10.162853,24.486441
10.742635,24.431570
10.363659,25.007852
9.095802,24.845049
10.512097,24.046940
9.677616,24.849673
9.314373,25.416814
19.708611,16.693348
19.365491,17.099159
20.480219,16.656162
19.984297,16.964180
20.053612,16.286736
22.026311,15.727516
20.359857,17.208359
21.016219,17.063522
21.212446,15.797846
20.715368,16.096920
20.289497,17.921124
19.591023,18.074346
9.388884,24.061721
9.884744,23.866635
9.573535,24.438558
8.894369,24.255631
10.010376,24.164006
7.721490,25.940018
21.019858,15.008281
20.711822,15.441282
21.785768,14.908189
21.316675,15.255897
21.330065,14.575580
23.249579,13.854986
21.711397,15.468444
22.353347,15.270013
22.444281,13.992162
21.973733,14.331309
21.699767,16.184892
21.016945,16.394742
8.104498,25.236242
8.689401,25.231903
8.262799,25.778648
7.012070,25.511796
8.497309,24.830686
7.594345,25.562440
7.183767,26.099145
22.187353,13.221345
21.915825,13.678736
22.942034,13.058452
22.503562,13.443373
22.460704,12.764747
24.314249,11.887429
22.914505,13.622629
23.537732,13.371861
23.523017,12.091282
23.082232,12.467812
22.962002,14.337761
22.299173,14.603088
7.369953,24.755054
7.880645,24.601010
6.860851,24.907462
5.552690,26.489370
23.203589,11.344021
22.970478,11.822600
23.942144,11.119455
23.537066,11.539306
23.437779,10.866576
25.212952,9.839084
23.960966,11.684093
24.561513,11.382407
24.441171,10.107637
24.032944,10.519176
24.067496,12.392366
23.428429,12.712100
7.518086,25.146520
7.982190,24.909880
5.992796,25.820260
6.575633,25.863710
6.105760,26.373165
4.881233,26.004023
6.417190,25.447708
5.457124,26.102351
5.004323,26.603455
24.061179,9.389201
23.868207,9.885487
24.778514,9.104446
24.409777,9.556176
24.255069,8.894295
25.939352,7.723314
24.844054,9.665744
25.417497,9.315193
25.192290,8.054901
24.819618,8.498471
25.008570,10.362695
24.398250,10.734029
5.300434,25.279331
5.821799,25.167864
4.780278,25.388674
3.345782,26.856719
24.754460,7.369649
24.603083,7.880966
25.446126,7.027246
25.115491,7.507513
24.906837,6.860716
26.488518,5.554135
25.557219,7.581036
26.099911,7.184482
25.771300,5.946710
25.436964,6.419990
25.778751,8.261790
25.201349,8.682523
5.416113,25.681398
5.897760,25.484001
3.840438,26.226921
4.417260,26.318758
3.907111,26.787729
2.717328,26.317528
4.294061,25.891041
3.283558,26.463590
2.791313,26.926424
25.278788,5.300549
25.169642,5.822390
25.939359,4.901038
25.650465,5.407348
25.387035,4.780525
26.857391,3.347120
26.096063,5.445028
26.603806,5.004470
26.174925,3.797572
25.879686,4.298013
26.373329,6.104625
25.832584,6.571460
3.195509,25.631333
3.723258,25.562652
2.667524,25.695988
1.118521,27.041235
25.630807,3.196335
25.564301,3.723573
26.254337,2.742855
26.010188,3.270350
25.695240,2.668135
27.042507,1.119937
26.457113,3.272029
26.925316,2.790218
26.398049,1.624654
26.147197,2.146614
26.787350,3.906702
26.286547,4.414432
3.277276,26.041899
3.773052,25.883305
1.660857,26.454491
2.228974,26.593160
1.679523,27.019564
0.000000,26.287933
1.066898,25.807654
0.644659,25.822683
2.142562,26.158286
1.599027,25.784134
0.781131,26.540538
1.260381,26.703846
0.556796,27.064542
0.000000,26.681431
0.588494,26.191905
1.223624,26.182512
25.807108,1.067500
25.782806,1.599943
26.455187,0.000000
25.823003,0.644554
26.563784,0.818174
26.706419,1.324192
26.198121,1.091062
27.063943,0.555034
26.679268,0.000000
26.233531,0.000000
26.158096,0.546852
26.561820,2.228688
