22.777528,-0.000000
22.697726,1.880941
22.464374,3.748537
22.078030,5.591239
21.540491,7.395466
20.856200,9.149097
20.029373,10.840063
19.065706,12.457087
17.972301,13.988736
16.755026,15.425830
15.424955,16.755865
13.987545,17.973453
12.456147,19.066890
10.840015,20.029929
9.148342,20.856480
7.394949,21.541136
5.590696,22.078541
3.748626,22.464844
1.880773,22.698978
-0.000000,22.778802
-0.000000,24.169206
1.996782,24.085281
3.978592,23.838973
5.933388,23.428903
7.847925,22.858680
9.708450,22.132667
11.503130,21.255390
13.219423,20.233340
14.844990,19.072240
16.368682,17.781493
17.781411,16.368489
19.072086,14.844791
20.232952,13.219208
21.255080,11.502770
22.132476,9.708495
22.858500,7.847587
23.428733,5.932843
23.838509,3.978537
24.085078,1.995846
24.167782,-0.000000
11.649778,19.551234
12.362094,20.746877
11.603793,20.384895
11.246646,19.790825
12.375825,19.856887
11.851115,19.935417
12.053382,19.309841
14.033388,19.655242
12.151707,20.339894
12.792002,20.490070
13.244763,19.360960
12.714875,19.425162
12.935812,19.847053
12.592574,20.169593
11.932657,21.002461
10.606771,21.696673
13.224124,18.522453
12.842390,18.794744
13.975063,18.770048
13.456089,18.891012
13.606643,18.249188
15.608317,18.429272
13.787405,19.268925
14.440904,19.364083
14.798386,18.200989
14.274379,18.310022
13.626585,19.945641
10.770004,20.884726
9.854557,21.302675
14.708540,17.366507
14.350551,17.670272
15.478054,17.551974
14.970556,17.714946
15.068024,17.062728
17.076797,17.077134
15.331328,18.064687
15.990292,18.105626
16.251151,16.916587
15.737987,17.068521
15.226372,18.752246
14.530714,18.710927
11.316290,20.839769
11.056672,21.476511
11.054182,20.427677
10.157100,21.916060
8.778547,22.498492
9.995419,20.445859
10.418398,20.239524
10.210616,20.861999
9.574223,20.652716
10.399673,21.294191
16.092327,16.092793
15.760947,16.424627
16.873341,16.213833
16.381713,16.418068
16.424856,15.760662
18.428635,15.608717
16.770841,16.736600
17.431013,16.723143
17.592160,15.517103
17.093431,15.710737
16.722783,17.430983
16.027074,17.446411
9.019405,21.731675
9.551063,21.721499
9.245969,22.315851
8.067784,22.037905
9.304285,21.283053
8.601664,22.088069
8.312481,22.679750
17.366186,14.709027
17.062867,15.067564
18.155212,14.765075
17.681886,15.009207
17.670540,14.350237
19.654606,14.033833
18.095410,15.294708
18.752385,15.226872
18.813749,14.011434
18.332596,14.245362
18.105393,15.990374
17.412105,16.063865
8.272806,21.201764
8.710693,21.030112
8.472995,21.630136
7.835862,21.372790
8.851426,21.366659
6.890342,23.146666
18.521630,13.224322
18.249280,13.606703
19.312560,13.215521
18.860832,13.497765
18.795171,12.842257
20.746187,12.362765
19.296743,13.748237
19.945700,13.626474
19.906301,12.409776
19.446208,12.682810
19.363802,14.441028
18.679526,14.571054
7.192119,22.395780
7.725683,22.432302
7.371362,23.003438
6.219633,22.629459
7.520928,21.976663
6.749799,22.721473
6.411213,23.288831
19.550311,11.649780
19.310266,12.053595
20.337496,11.575613
19.910891,11.894048
19.791364,11.246510
21.696132,10.607122
20.366037,12.107646
21.002583,11.932634
20.863045,10.723823
20.427133,11.033651
20.490101,12.792660
19.819124,12.978581
6.493817,21.812753
6.944570,21.677468
6.044068,21.947066
4.955227,23.636874
20.445684,9.995577
20.239654,10.417984
21.224088,9.856777
20.825223,10.209335
20.652367,9.573888
22.498007,8.779300
21.296096,10.384690
21.916181,10.157501
21.677343,8.964472
21.268521,9.309212
21.476343,11.056640
20.822704,11.297811
6.653628,22.256532
7.058432,22.026931
5.318165,22.914143
5.846592,22.994160
5.446548,23.533852
4.329533,23.066007
5.679913,22.522927
4.850166,23.201449
4.466332,23.738940
21.201309,8.273091
21.030793,8.711164
21.965565,8.070531
21.597314,8.454709
21.372433,7.835901
23.146185,6.891316
22.080952,8.590769
22.680048,8.312935
22.343591,7.143840
21.964678,7.521016
22.316026,9.245494
21.684674,9.539769
4.670321,22.274690
5.130477,22.177032
4.210881,22.371065
2.986264,23.964890
21.812243,6.493796
21.678371,6.944777
22.557242,6.229066
22.221800,6.642234
21.946605,6.044061
23.636201,4.955986
22.714876,6.737956
23.289119,6.411604
22.857225,5.274168
22.511020,5.681603
23.003203,7.370896
22.398372,7.716407
4.793267,22.730047
5.215193,22.534558
3.408135,23.275241
3.927869,23.398802
3.484568,23.903532
2.410297,23.344242
3.800634,22.915221
2.918075,23.522597
2.491211,24.026910
22.274108,4.670482
22.177721,5.130877
22.994627,4.344509
22.694834,4.784214
22.369987,4.211037
23.964936,2.986823
23.193738,4.839325
23.738879,4.466465
23.214770,3.368173
22.902923,3.803462
23.533602,5.445968
22.959328,5.840325
2.815353,22.584711
3.281473,22.524989
2.349222,22.642239
0.998075,24.129730
22.584078,2.815879
22.525514,3.281715
23.273902,2.431160
23.012732,2.893510
22.641391,2.349628
24.129845,0.998757
23.514342,2.907700
24.025932,2.490636
23.413267,1.440667
23.139385,1.899406
23.902886,3.484379
23.363012,3.923447
2.900406,23.048797
3.336495,22.887774
1.473798,23.476704
1.982232,23.642638
1.497864,24.109880
-0.000000,23.277556
0.940074,22.740253
0.568166,22.754161
1.896217,23.151550
1.409880,22.719827
0.694193,23.563550
1.120207,23.751922
0.497965,24.150448
-0.000000,23.720922
0.518970,23.170237
1.082860,23.164953
22.739409,0.940418
22.718601,1.410377
23.466502,0.000000
22.753822,0.568098
23.588790,0.726482
23.755474,1.176858
23.180995,0.965572
24.149614,0.497067
23.719073,0.000000
23.215476,0.000000
23.131411,0.481817
23.607215,1.981188
