24.032746,0.000000
23.948002,1.984568
23.701758,3.954912
23.294012,5.899269
22.726816,7.802907
22.004851,9.653138
21.132464,11.437244
20.115674,13.143320
18.962022,14.759343
17.677748,16.275567
16.274422,17.678832
14.757738,18.963523
13.142046,20.117197
11.437225,21.133117
9.652125,22.005165
7.802219,22.727570
5.898535,23.294533
3.955096,23.702163
1.984404,23.949379
0.000000,24.034092
-0.000000,25.355678
2.095126,25.267548
4.174062,25.009251
6.224809,24.579079
8.233355,23.980898
10.185139,23.219248
12.068055,22.298917
13.868570,21.226633
15.573883,20.008499
17.172358,18.654419
18.654397,17.172003
20.008382,15.573547
21.226237,13.868203
22.298587,12.067506
23.219041,10.185169
23.980723,8.232910
24.578978,6.224101
25.008782,4.174107
25.267602,2.093932
25.354217,-0.000000
12.292016,20.629132
12.969495,21.766361
12.207412,21.445106
11.867155,20.881440
13.022650,20.894585
12.481156,20.995391
12.717499,20.374337
14.722910,20.621057
12.771636,21.377421
13.420859,21.496412
13.933497,20.367735
13.389497,20.455705
13.595863,20.859526
13.230772,21.191061
12.518739,22.034597
11.128019,22.762812
13.953094,19.543586
13.550857,19.830448
14.705338,19.750692
14.171253,19.895330
14.356455,19.255360
16.375245,19.334868
14.490789,20.251717
15.150872,20.315223
15.568024,19.147388
15.031604,19.281315
14.295879,20.925865
11.328345,21.967128
10.366596,22.409106
15.519307,18.323834
15.142174,18.644002
16.286671,18.468963
15.766189,18.656701
15.898545,18.003558
17.915881,17.916234
16.113510,18.986106
16.776395,18.994945
17.096330,17.796316
16.572896,17.973994
15.974090,19.673928
15.271921,19.665446
11.892474,21.900978
11.600563,22.531502
11.640172,21.510529
10.655761,22.993054
9.209854,23.604042
10.546434,21.572875
10.992641,21.355399
10.751888,21.967778
10.102675,21.791173
10.930009,22.379984
16.979378,16.979966
16.630227,17.329728
17.754912,17.060991
17.252396,17.290917
17.330115,16.629729
19.334080,16.375717
17.626384,17.590227
18.287875,17.544554
18.507039,16.324053
18.000234,16.544197
17.544114,18.287825
16.844624,18.336448
9.485702,22.855129
10.036732,22.826101
9.701062,23.411971
8.487080,23.182863
9.797225,22.411083
9.040267,23.213813
8.720439,23.794186
18.323448,15.519942
18.003860,15.897834
19.103693,15.536541
18.621671,15.807184
18.644460,15.141601
20.620292,14.723458
19.018508,16.074800
19.674152,15.974724
19.792147,14.740075
19.305105,15.001056
18.994710,16.776495
18.300297,16.883411
8.728878,22.370542
9.190524,22.189287
8.922157,22.776367
8.268423,22.550932
9.324586,22.508673
7.228731,24.284047
19.542563,13.953349
19.255627,14.356462
20.321497,13.906047
19.863245,14.215388
19.831137,13.550584
21.765499,12.970360
20.281074,14.449470
20.926027,14.295694
20.941517,13.055200
20.477798,13.355622
20.314948,15.151055
19.632330,15.314454
7.564194,23.554193
8.118472,23.573419
7.734318,24.133453
6.542845,23.805082
7.919420,23.141494
7.094074,23.879567
6.725782,24.433093
20.627980,12.292008
20.375068,12.717764
21.400016,12.180540
20.969161,12.526444
20.882277,11.866938
22.762161,11.128432
21.404923,12.725220
22.034834,12.518667
21.948024,11.281583
21.510800,11.618985
21.496597,13.421762
20.830070,13.640786
6.851838,23.015184
7.327154,22.872197
6.377842,23.156891
5.198465,24.798328
21.572748,10.546623
21.355651,10.992037
22.332923,10.371891
21.932139,10.752195
21.790715,10.102145
23.603464,9.210815
22.382434,10.914385
22.993296,10.656272
22.804679,9.430745
22.396808,9.803041
22.531400,11.600488
21.884888,11.874328
7.006432,23.436064
7.435570,23.203866
5.593275,24.099330
6.143728,24.163774
5.714944,24.689965
4.554554,24.264336
5.980818,23.716625
5.097597,24.383965
4.685396,24.905269
22.370038,8.729189
22.190351,9.191114
23.113106,8.492326
22.745303,8.904292
22.550508,8.268414
24.283492,7.230076
23.207336,9.028977
23.794669,8.721046
23.505545,7.515444
23.129904,7.919944
23.412363,9.700364
22.790827,10.026592
4.927803,23.502598
5.413026,23.399252
4.443548,23.604265
3.132635,25.142338
23.014632,6.851712
22.873602,7.327402
23.735756,6.554684
23.402949,6.995416
23.156373,6.377773
24.797581,5.199526
23.873558,7.081627
24.433603,6.726317
24.045836,5.548471
23.705234,5.982964
24.133333,7.733624
23.540964,8.110225
5.047465,23.934617
5.493861,23.738632
3.584425,24.478995
4.127326,24.588963
3.656582,25.077930
2.535507,24.556940
4.002012,24.129760
3.067067,24.721442
2.613414,25.207508
23.502023,4.927955
23.400411,5.413515
24.195927,4.571544
23.901268,5.038553
23.602960,4.443733
25.142669,3.133505
24.376862,5.086240
24.905393,4.685556
24.422189,3.543318
24.117880,4.005308
24.689869,5.714128
24.130567,6.138360
2.970698,23.829770
3.462048,23.766348
2.479280,23.890196
1.047122,25.315202
23.829188,2.971361
23.767360,3.462323
24.489740,2.558313
24.236264,3.047308
23.889379,2.479781
25.315806,1.048113
24.713968,3.056216
25.206472,2.612628
24.630717,1.515702
24.367034,2.000292
25.077369,3.656320
24.554751,4.123569
3.054206,24.270420
3.514719,24.110658
1.550036,24.691122
2.082799,24.845253
1.571815,25.294655
-0.000000,24.506012
0.991863,23.993819
0.599363,24.008118
1.996735,24.378721
1.487215,23.972064
0.729650,24.777502
1.177339,24.955008
0.521935,25.336964
0.000000,24.927615
0.547361,24.403681
1.140333,24.396659
23.993089,0.992323
23.970781,1.487884
24.685460,0.000000
24.008064,0.599277
24.801857,0.763882
24.958117,1.236894
24.412477,1.016825
25.336228,0.520673
24.925589,0.000000
24.447313,0.000000
24.367031,0.508381
24.811618,2.082068
