20.016471,-0.000000
19.948397,1.652973
19.743235,3.294633
19.403961,4.913779
18.931579,6.499395
18.330091,8.040575
17.603496,9.526808
16.756798,10.948088
15.796007,12.294209
14.726128,13.557262
13.557168,14.726241
12.294131,15.796142
10.948027,16.756954
9.526766,17.603669
8.040539,18.330282
6.499369,18.931795
4.913760,19.404197
3.294623,19.743488
1.652966,19.948669
0.000000,20.016749
-0.000000,21.585545
1.782481,21.511480
3.552841,21.291315
5.298884,20.925044
7.008801,20.415668
8.670779,19.767193
10.273317,18.983618
11.806400,18.070951
13.258423,17.034193
14.619381,15.881359
15.881268,14.619449
17.034080,13.258472
18.070813,11.806434
18.983458,10.273337
19.767011,8.670791
20.415463,7.008800
20.924816,5.298877
21.291065,3.552834
21.511215,1.782469
21.585265,0.000000
10.237407,17.180330
11.039864,18.527300
10.283330,18.065458
9.882098,17.392001
10.960293,17.585677
10.470183,17.611741
10.592721,16.968646
12.532419,17.552588
10.797841,18.073821
11.423139,18.299125
11.738292,17.158600
11.236602,17.166732
11.494464,17.635866
11.199697,17.940005
10.656592,18.755468
9.472054,19.375423
11.621093,16.276563
11.284574,16.516760
12.377040,16.624004
11.888711,16.689537
11.957618,16.036361
13.938911,16.457790
12.251324,17.122580
12.895431,17.293393
13.114927,16.130913
12.615209,16.181666
12.169412,17.811776
9.549011,18.517498
8.734593,18.882498
12.925664,15.261203
12.609912,15.528675
13.708650,15.545332
13.226950,15.650810
13.241426,14.993731
15.250335,15.250417
13.623244,16.052422
14.279157,16.169578
14.402506,14.992335
13.908642,15.084387
13.598666,16.746000
12.912314,16.626487
10.058379,18.522417
9.872696,19.179525
9.770307,18.054629
9.071414,19.571315
7.839791,20.091449
8.783660,17.966992
9.155219,17.785340
9.024692,18.438630
8.412114,18.148646
9.241580,18.922697
14.141664,14.141764
13.849430,14.434005
14.944311,14.359952
14.473538,14.504988
14.433905,13.849522
16.457685,13.938974
14.902556,14.872378
15.565814,14.934935
15.591042,13.752016
15.106508,13.884451
14.934858,15.565898
14.241975,15.502814
8.000012,19.275022
8.490835,19.309820
8.255300,19.929324
7.150723,19.533359
8.224215,18.811144
7.643835,19.629446
7.424292,20.253566
15.261084,12.925746
14.993620,13.241507
16.079714,13.076877
15.622234,13.260252
15.528554,12.609986
17.552460,12.532465
16.079575,13.591112
16.745895,13.598724
16.673642,12.417656
16.201645,12.589498
16.169481,14.279221
15.472741,14.274229
7.269961,18.631057
7.655252,18.480675
7.488875,19.118263
6.884677,18.781435
7.813709,18.862134
6.153839,20.670375
16.276420,11.621157
16.036228,11.957685
17.104675,11.704382
16.663847,11.924939
16.516619,11.284632
18.527149,11.039897
17.147116,12.216822
17.811647,12.169450
17.641763,10.997962
17.185685,11.208523
17.293273,12.895478
16.599026,12.947680
6.378655,19.862619
6.868277,19.940761
6.581333,20.543028
5.512731,20.057865
6.647772,19.424013
5.997953,20.192215
5.726358,20.797715
17.180165,10.237455
16.968495,10.592774
18.012192,10.251726
17.591307,10.507931
17.391841,9.882142
19.375249,9.472073
18.097100,10.758854
18.755316,10.656617
18.489499,9.503691
18.052326,9.750972
18.298984,11.423175
17.611560,11.532462
5.706570,19.168014
6.102973,19.049907
5.310176,19.286114
4.425857,21.108199
17.966811,8.783697
17.785167,9.155255
18.797318,8.729383
18.398901,9.019405
18.148460,8.412146
20.091253,7.839803
18.923415,9.227776
19.571141,9.071431
19.211153,7.944467
18.795876,8.227008
19.179359,9.872715
18.503070,10.038726
5.880676,19.671607
6.231362,19.445993
4.716771,20.322433
5.198011,20.440480
4.862383,21.016628
3.837406,20.444720
5.020594,19.907092
4.309768,20.618883
3.989346,21.199763
18.630853,7.269990
18.480485,7.655284
19.454131,7.147344
19.080957,7.469253
18.781228,6.884702
20.670157,6.153845
19.620794,7.633667
20.253370,7.424300
19.801715,6.330917
19.411168,6.646788
19.929138,8.255306
19.268922,8.476552
4.104195,19.573863
4.508978,19.489030
3.699417,19.658683
2.667652,21.401415
19.167789,5.706590
19.049697,6.102995
19.978167,5.516456
19.632801,5.868042
19.285885,5.310193
21.107957,4.425857
20.184276,5.987382
20.797496,5.726359
20.257203,4.674190
19.894042,5.021173
20.542815,6.581331
19.903114,6.856358
4.236365,20.090266
4.604063,19.894140
3.022789,20.642940
3.492531,20.800195
3.110258,21.346377
2.136605,20.691546
3.359403,20.253595
2.592660,20.904338
2.225064,21.456459
19.573617,4.104209
19.488798,4.508995
20.365763,3.847660
20.050538,4.226714
19.658430,3.699429
21.401159,2.667649
20.609956,4.300061
21.199520,3.989342
20.573670,2.985058
20.240578,3.361079
21.016393,4.862376
20.401610,5.189452
2.473799,19.846098
2.884209,19.794793
2.063389,19.897386
0.891238,21.548529
19.845836,2.473810
19.794543,2.884219
20.613571,2.152952
20.330918,2.556467
19.897119,2.063398
21.548261,0.891240
20.894559,2.583373
21.456193,2.225056
20.750431,1.276554
20.449308,1.678360
21.346120,3.110251
20.760598,3.486531
2.563539,20.371465
2.945699,20.206035
1.307409,20.820811
1.762684,21.016778
1.336862,21.530020
0.000000,20.586266
0.826480,19.982717
0.499984,19.996150
1.676095,20.462075
1.239721,19.965693
0.616635,20.909491
0.995516,21.125487
0.445614,21.567042
-0.000000,21.085888
0.456674,20.465766
0.956786,20.464790
19.982443,0.826485
19.965418,1.239728
20.800820,0.000000
19.995879,0.499984
20.937906,0.644687
21.131082,1.045961
20.482421,0.853016
21.566767,0.445607
21.085603,0.000000
20.516050,0.000000
20.422181,0.423478
20.977341,1.760932
