25.713081,0.000000
25.621975,2.123325
25.358481,4.231259
24.922120,6.311716
24.315231,8.348464
23.542823,10.328023
22.609439,12.236843
21.521531,14.062158
20.287221,15.791142
18.913245,17.413302
17.411834,18.914617
15.789025,20.289139
14.060472,21.523445
12.236864,22.610184
10.326670,23.543192
8.347535,24.316104
6.310707,24.922649
4.231539,25.358822
2.123183,25.623505
-0.000000,25.714499
-0.000000,26.953603
2.227524,26.860015
4.437254,26.585543
6.617267,26.128288
8.752443,25.492438
10.827178,24.682779
12.828932,23.704437
14.742925,22.564476
16.555640,21.269547
18.254839,19.830169
19.830238,18.254265
21.269484,16.555134
22.564102,14.742356
23.704085,12.828165
24.682523,10.827225
25.492240,8.751926
26.128247,6.616420
26.585009,4.437509
26.860358,2.226085
26.952197,-0.000000
13.151913,22.072250
13.787610,23.139442
13.018062,22.868986
12.697964,22.341622
13.891134,22.287848
13.326337,22.417246
13.606603,21.799606
15.651627,21.921844
13.605014,22.772171
14.267894,22.851792
14.858511,21.719881
14.294619,21.838323
14.483228,22.220646
14.089017,22.564738
13.308041,23.424778
11.830090,24.198715
14.929116,20.910738
14.499460,21.217101
15.685885,21.067407
15.130654,21.242557
15.360301,20.602532
17.408213,20.554556
15.436354,21.572908
16.107117,21.596254
16.601659,20.418478
16.047559,20.584482
15.197256,22.246132
12.078339,23.421094
11.054309,23.895207
16.604845,19.605610
16.202111,19.947667
17.372416,19.700218
16.833557,19.920040
17.010411,19.263259
19.046029,19.046358
17.165007,20.224778
17.835183,20.192706
18.231432,18.977842
17.693083,19.188833
16.981141,20.915369
16.268423,20.948674
12.667211,23.327738
12.333131,23.952394
12.426457,22.963370
11.327349,24.443644
9.790839,25.093030
11.284206,23.081787
11.761367,22.849467
11.478148,23.451334
10.810235,23.315385
11.642980,23.839630
18.167053,18.167790
17.794116,18.541504
18.938621,18.198456
18.420420,18.461822
18.542058,17.793352
20.553601,17.408749
18.776501,18.737764
19.441946,18.650852
19.735750,17.407832
19.216874,17.662429
18.650302,19.441933
17.943747,19.532984
10.112175,24.364358
10.689782,24.311365
10.314007,24.888263
9.050252,24.720668
10.458631,23.924594
9.629901,24.727205
9.269867,25.295219
19.605126,16.605682
19.263763,17.009411
20.377230,16.572395
19.882395,16.877656
19.948339,16.201182
21.920949,15.652276
20.259439,17.123496
20.915650,16.981934
21.106169,15.718695
20.609897,16.014961
20.192472,17.835347
19.494391,17.985187
9.339572,23.935374
9.832882,23.741319
9.524819,24.314245
8.847604,24.128276
9.959100,24.040232
7.684561,25.815926
20.909489,14.929466
20.603030,15.360238
21.676214,14.833211
21.207983,15.178084
21.218085,14.499001
23.138367,13.788695
21.604319,15.392159
22.246389,15.197002
22.331834,13.922051
21.861854,14.258338
21.595995,16.107418
20.913284,16.313866
8.064062,25.110363
8.646653,25.107731
8.223196,25.655365
6.976958,25.384083
8.454088,24.704351
7.556893,25.436453
7.149448,25.974296
22.070853,13.151913
21.800716,13.606945
22.826664,12.992769
22.388815,13.374802
22.342784,12.697670
24.197942,11.830553
22.801493,13.555445
23.425112,13.307927
23.405166,12.030694
22.964708,12.404329
22.852191,14.269118
22.189187,14.531045
7.331242,24.625069
7.839298,24.471848
6.824764,24.776678
5.526142,26.362649
23.081750,11.284446
22.849836,11.760552
23.821746,11.063524
23.417045,11.480443
23.314731,10.809464
25.092344,9.792004
23.842792,11.626470
24.443998,11.327995
24.318718,10.056986
23.910580,10.465617
23.952388,12.333024
23.312871,12.649381
7.479818,25.018598
7.941319,24.782315
5.962895,25.691472
6.543294,25.736433
6.076473,26.247034
4.856788,25.873843
6.384553,25.318240
5.430209,25.973704
4.980424,26.476197
23.934834,9.339890
23.742855,9.833615
24.653912,9.058649
24.285303,9.507425
24.127726,8.847534
25.815269,7.686352
24.721525,9.618073
25.295889,9.270672
25.066077,8.014535
24.693247,8.455202
24.888957,10.313061
24.277910,10.681067
5.272593,25.146592
5.791263,25.035728
4.755119,25.255362
3.329808,26.728247
24.624478,7.330952
24.473874,7.839613
25.318160,6.991890
24.987423,7.469216
24.776063,6.824633
26.361806,5.527561
25.431175,7.543648
25.975045,7.150150
25.642189,5.916909
25.307452,6.387305
25.655450,8.222210
25.077044,8.639677
5.388541,25.550758
5.867561,25.353493
3.821278,26.096111
4.395551,26.189246
3.888334,26.659606
2.703721,26.185782
4.272218,25.759315
3.267352,26.333162
2.777983,26.797615
25.146047,5.272711
25.037463,5.791847
25.808919,4.876386
25.519656,5.379767
25.253749,4.755361
26.728898,3.331111
25.967358,5.418168
26.476533,4.980574
26.043774,3.778547
25.747925,4.276122
26.247178,6.075360
25.705162,6.539035
3.178713,25.496739
3.703746,25.428448
2.653459,25.561077
1.113171,26.911890
25.496211,3.179527
25.430052,3.704059
26.122312,2.729048
25.877533,3.253668
25.560324,2.654062
26.913116,1.114556
26.326617,3.255872
26.796512,2.776912
26.265805,1.616500
26.014065,2.135670
26.659212,3.887939
26.156895,4.392655
3.260592,25.909414
3.753736,25.750757
1.652559,26.322526
2.218029,26.462291
1.671451,26.890309
0.000000,26.154646
1.061289,25.672145
0.641270,25.687113
2.131654,26.025195
1.590678,25.648751
0.777278,26.408585
1.254164,26.572898
0.554185,26.935081
-0.000000,26.550119
0.585419,26.058181
1.217397,26.048960
25.671585,1.061881
25.647426,1.591575
26.322756,0.000000
25.687408,0.641166
26.431909,0.814112
26.575508,1.317655
26.064582,1.085513
26.934473,0.552459
26.547964,0.000000
26.099946,0.000000
26.024172,0.543977
26.430791,2.217710
