28.069798,0.000000
27.970113,2.318031
27.682464,4.618984
27.206034,6.890333
26.543491,9.113819
25.700321,11.274772
24.681377,13.358536
23.493719,15.351125
22.146266,17.238557
20.646468,19.009297
19.007459,20.648152
17.235808,22.148667
15.348941,23.496053
13.358626,24.682176
11.272947,25.700759
9.112533,26.544475
6.888906,27.206555
4.619323,27.682746
2.317931,27.971831
0.000000,28.071287
-0.000000,29.210147
2.414410,29.109142
4.808806,28.811770
7.171427,28.316260
9.485466,27.627193
11.733891,26.749722
13.903478,25.689422
15.977793,24.453852
17.942170,23.050497
19.783624,21.490666
21.490889,19.782737
23.050526,17.941456
24.453569,15.976948
25.689061,13.902461
26.749375,11.734029
27.626943,9.484969
28.316277,7.170522
28.811089,4.809474
29.109815,2.412788
29.208976,-0.000000
14.358188,24.096483
14.943051,25.078540
14.159125,24.873292
13.863409,24.389887
15.113320,24.248445
14.514501,24.415977
14.853674,23.798978
16.963266,23.758824
14.779390,24.737619
15.464202,24.765889
16.160649,23.623261
15.567276,23.782277
15.733775,24.138778
15.298921,24.501332
14.422627,25.388119
12.821644,26.226509
16.298270,22.828481
15.830175,23.162185
17.065780,22.920357
16.479436,23.136424
16.768327,22.492329
18.867062,22.277024
16.768829,23.434713
17.457594,23.405358
18.056636,22.207792
17.476056,22.416786
16.470112,24.110744
13.134255,25.468215
12.022403,25.987335
18.127630,21.403660
17.688991,21.776318
18.900373,21.432918
18.334144,21.696026
18.569913,21.030373
20.642122,20.642336
18.646761,21.970288
19.330474,21.884190
19.829258,20.641042
19.268136,20.896914
18.403317,22.668682
17.672815,22.757051
13.759228,25.338566
13.367731,25.959008
13.532141,25.006137
12.275743,26.492299
10.611473,27.195794
12.319182,25.198370
12.839509,24.945355
12.499376,25.537200
11.802801,25.453396
12.647732,25.896543
19.833123,19.834003
19.426802,20.241256
20.604454,19.799130
20.062478,20.107869
20.241959,19.425700
22.275890,18.867639
20.397234,20.354849
21.071775,20.213168
21.465344,18.933439
20.927535,19.234692
20.212465,21.071900
19.492747,21.219188
10.994382,26.489463
11.610308,26.404904
11.179602,26.973115
9.843064,26.885513
11.388670,26.052758
10.460832,26.859908
10.045745,27.415115
21.403052,18.128733
21.031128,18.568587
22.169453,18.030102
21.654779,18.382529
21.777218,17.687570
23.757831,16.963986
22.008141,18.601315
22.668964,18.404287
22.955862,17.096288
22.444501,17.440559
21.883975,19.330779
21.177227,19.537859
10.196345,26.130409
10.733813,25.918492
10.372223,26.476561
9.660088,26.340815
10.850770,26.192621
8.328424,27.979290
22.826996,16.298762
22.493136,16.768184
23.582694,16.137946
23.098466,16.531468
23.163488,15.829469
25.077213,14.944381
23.469012,16.720604
24.111066,16.469810
24.288908,15.142310
23.807904,15.527618
23.405131,17.458109
22.718524,17.722292
8.767954,27.301523
9.391197,27.270334
8.913631,27.804597
7.588072,27.606931
9.205899,26.901865
8.209098,27.630447
7.747754,28.150915
24.094876,14.358201
23.800562,14.854138
24.834351,14.135761
24.384602,14.567443
24.391372,13.863059
26.225634,12.822114
24.769505,14.725407
25.388512,14.422492
25.456302,13.085213
25.008953,13.508581
24.766610,15.465852
24.104582,15.785650
8.003839,26.883296
8.557554,26.715835
7.451720,27.048778
5.989025,28.571860
25.198533,12.319491
24.945812,12.838466
25.916917,12.036800
25.504563,12.504239
25.452410,11.801722
27.195014,10.612796
25.900697,12.629949
26.492727,12.276555
26.449959,10.938550
26.039000,11.397257
25.959151,13.367615
25.325297,13.741618
8.145468,27.243662
8.652028,27.000685
6.483408,27.933285
7.106555,27.953127
6.587072,28.445918
5.282251,28.139643
6.952265,27.570284
5.898896,28.214029
5.397057,28.694800
26.129896,10.196629
25.920638,10.734733
26.822255,9.855563
26.450262,10.355362
26.340048,9.659941
27.978516,8.330752
26.855280,10.448236
27.415967,10.046808
27.262763,8.717096
26.891369,9.207855
26.974267,11.178400
26.373612,11.603390
5.756341,27.452664
6.321725,27.331392
5.192241,27.571401
3.608319,28.968034
26.882707,8.003287
26.718670,8.557975
27.545041,7.607128
27.214891,8.135323
27.048018,7.451547
28.570916,5.990870
27.626138,8.194755
28.151933,7.748637
27.889328,6.435608
27.560215,6.955857
27.805062,8.912265
27.241803,9.385826
5.868138,27.823099
6.392705,27.623054
4.154803,28.373143
4.773669,28.444867
4.215733,28.893208
2.940562,28.478848
4.652188,28.050609
3.549567,28.604519
3.010374,29.043234
27.452219,5.756378
27.333872,6.322391
28.078845,5.305360
27.794777,5.859500
27.569374,5.192585
28.969039,3.610264
28.208678,5.885900
28.695385,5.397111
28.326385,4.109665
28.039810,4.656911
28.446461,6.585580
27.924202,7.103700
3.470555,27.835066
4.042668,27.760062
2.897837,27.904918
1.206430,29.166873
27.834599,3.471540
27.762423,4.043028
28.419865,2.969302
28.184734,3.543865
27.904297,2.898550
29.168890,1.208322
28.599106,3.537228
29.042070,3.008878
28.567458,1.758443
28.329740,2.326063
28.893153,4.215073
28.414753,4.771942
3.550827,28.213856
4.089638,28.055814
1.797072,28.619633
2.408653,28.741545
1.812232,29.143648
0.000000,28.473450
1.158806,28.026351
0.700251,28.042488
2.321456,28.340221
1.735640,28.000859
0.844347,28.705732
1.362436,28.853735
0.599706,29.192098
-0.000000,28.837094
0.638863,28.383894
1.325676,28.371755
28.026051,1.159540
27.999519,1.736874
28.627834,0.000000
28.043209,0.700118
28.727842,0.884817
28.855777,1.431503
28.387252,1.181975
29.191663,0.597361
28.834898,0.000000
28.423517,0.000000
28.353156,0.593943
28.712630,2.408920
