26.907034,-0.000000
26.811539,2.221951
26.535801,4.427668
26.079132,6.604835
25.444046,8.736182
24.635791,10.807637
23.659062,12.805085
22.520620,14.715139
21.228993,16.524394
19.791274,18.221828
18.220158,19.792821
16.521943,21.231173
14.713187,22.522769
12.805137,23.659849
10.806044,24.636202
8.735073,25.444988
6.603617,26.079666
4.427989,26.536114
2.221829,26.813174
0.000000,26.908497
-0.000000,28.094778
2.322047,27.997404
4.625171,27.711360
6.897524,27.234759
9.123148,26.571999
11.285714,25.728048
13.372342,24.708262
15.367403,23.519955
17.256817,22.170190
19.027954,20.669896
20.670037,19.027225
22.170169,17.256203
23.519615,15.366694
24.707898,13.371441
25.727742,11.285797
26.571771,9.122626
27.234745,6.896629
27.710751,4.625620
27.997919,2.320493
28.093466,0.000000
13.762999,23.097738
14.371920,24.120070
13.595607,23.883452
13.288372,23.379269
14.509775,23.280271
13.927919,23.429248
14.238382,22.812474
16.314927,22.850834
14.199246,23.766686
14.872867,23.819778
15.517571,22.683257
14.938950,22.822542
15.115990,23.191210
14.701163,23.544541
13.871712,24.417654
12.331521,25.224202
15.622719,21.882268
15.173590,22.202483
16.384355,22.005333
15.813552,22.201459
16.073620,21.559895
18.145962,21.425632
16.110582,22.514979
16.790064,22.511142
17.338084,21.324117
16.770790,21.512165
15.840967,23.189079
12.612757,24.457169
11.544297,24.954092
17.376276,20.516495
16.955355,20.874068
18.145828,20.577273
17.593313,20.819251
17.800473,20.158468
19.853182,19.853466
17.914770,21.108004
18.591364,21.048116
19.040156,19.819655
18.490514,20.053626
17.700353,21.802029
16.979023,21.863701
13.219733,24.345180
12.856335,24.967166
12.986236,23.997606
11.806968,25.479664
10.205823,26.156429
11.808512,24.154052
12.307577,23.911230
11.995176,24.507402
11.313063,24.398510
12.151377,24.880425
19.011070,19.011893
18.621225,19.402605
19.781820,19.008689
19.251808,19.295242
19.403243,18.620287
21.424575,18.146526
19.596586,19.556007
20.266167,19.440940
20.611167,18.180002
20.082962,18.458457
19.440309,20.266216
18.727519,20.386193
10.558651,25.439879
11.155532,25.370624
10.751755,25.942602
9.451519,25.816367
10.929491,25.002052
10.050346,25.806343
9.662243,26.367266
20.515941,17.377254
20.159101,17.799299
21.284408,17.310256
20.779768,17.639596
20.874862,16.954176
22.849873,16.315623
21.144276,17.871268
21.802316,17.701244
22.042372,16.415948
21.538737,16.736731
21.047885,18.591597
20.345883,18.770828
9.773595,25.047381
10.289310,24.844264
9.953848,25.409010
9.259203,25.249157
10.410607,25.130109
8.010153,26.909969
21.880884,15.623144
21.560548,16.073514
22.641224,15.493644
22.165152,15.863319
22.203638,15.173004
24.118857,14.373139
22.547847,16.064347
23.189374,15.840684
23.322388,14.539671
22.847119,14.900962
22.510894,16.790470
21.826712,17.026519
8.420298,26.219321
9.023359,26.201943
8.572356,26.742267
7.286264,26.509139
8.834717,25.816925
7.886906,26.546605
7.452018,27.075030
23.096210,13.763010
22.813830,14.238785
23.842904,13.571331
23.399302,13.978651
23.380610,13.288044
25.223361,12.331997
23.797301,14.147440
24.418024,13.871584
24.443329,12.564426
23.999690,12.963400
23.820333,14.874314
23.158351,15.165865
7.671962,25.769090
8.203186,25.608641
7.142376,25.927730
5.760211,27.479873
24.154099,11.808790
23.911649,12.306638
24.882270,11.556181
24.473976,11.998802
24.397690,11.312133
26.155682,10.207086
24.884085,12.134225
25.480062,11.807703
25.397423,10.503179
24.988178,10.937294
24.967230,12.856220
24.331134,13.202045
7.816825,26.145138
8.301197,25.905591
6.226320,26.826065
6.828277,26.858008
6.334687,27.359046
5.072130,27.020637
6.671974,26.458418
5.667367,27.107294
5.191121,27.598163
25.046838,9.773902
24.846112,10.290140
25.751472,9.462038
25.381445,9.936741
25.248497,9.259094
26.909242,8.012229
25.801198,10.038131
26.368034,9.663182
26.177906,8.370129
25.806135,8.836256
25.943518,10.750666
25.338310,11.147755
5.517645,26.314851
6.060009,26.198698
4.976557,26.428671
3.470647,27.860922
25.768486,7.671544
25.611079,8.203554
26.445351,7.303315
26.115215,7.806469
25.927037,7.142217
27.478967,5.761855
26.541818,7.873102
27.075918,7.452821
26.779551,6.179435
26.448006,6.675153
26.742528,8.571173
26.172386,9.017221
5.631354,26.701231
6.133475,26.502687
3.990075,27.248521
4.586860,27.330518
4.053890,27.789180
2.823591,27.346371
4.464585,26.919370
3.410156,27.482447
2.895507,27.933253
26.314342,5.517728
26.200811,6.060643
26.957898,5.093527
26.671580,5.622655
26.426840,4.976849
27.861758,3.472269
27.101455,5.654842
27.598626,5.191234
27.199096,3.946141
26.908286,4.468909
27.359378,6.333377
26.827969,6.824749
3.326552,26.681334
3.875459,26.609628
2.777256,26.748464
1.160336,28.052252
26.680833,3.327459
26.611619,3.875797
27.285266,2.850664
27.045710,3.400584
26.747767,2.777920
28.053885,1.161985
27.476491,3.398237
27.932108,2.894225
27.430761,1.688335
27.186484,2.232057
27.788937,4.053372
27.299344,4.584560
3.407529,27.076142
3.923822,26.917921
1.725678,27.485101
2.314476,27.615520
1.742635,28.029865
-0.000000,27.328538
1.110674,26.864792
0.671125,26.880322
2.227734,27.197273
1.664140,26.840310
0.811220,27.571116
1.308950,27.726875
0.577206,28.076471
-0.000000,27.707249
0.612488,27.235747
1.272227,27.225029
26.864356,1.111345
26.838966,1.665204
27.489402,0.000000
26.880836,0.671009
27.593789,0.849899
27.729175,1.375259
27.240563,1.134366
28.075946,0.575163
27.705051,0.000000
27.276357,0.000000
27.203447,0.569287
27.585377,2.314452
