23.105503,-0.000000
23.024390,1.908016
22.787670,3.802455
22.395732,5.671716
21.850443,7.501916
21.156309,9.280786
20.317578,10.996086
19.340030,12.636375
18.230884,14.190069
16.996104,15.647837
15.646893,16.997005
14.188769,18.232125
12.635348,19.341302
10.996047,20.318156
9.279964,21.156590
7.501355,21.851111
5.671125,22.396238
3.802570,22.788114
1.907847,23.025669
0.000000,23.106790
-0.000000,24.478559
2.022427,24.393523
4.029562,24.144090
6.009374,23.728780
7.948421,23.151269
9.832737,22.415966
11.650424,21.527465
13.388674,20.492319
15.035033,19.316347
16.578224,18.009087
18.009024,16.577986
19.316206,15.034795
20.491932,13.388417
21.527155,11.650012
22.415779,9.832776
23.151100,7.948050
23.728638,6.008781
24.143638,4.029528
24.393399,2.021417
24.477126,-0.000000
11.817577,19.832860
12.520461,21.012688
11.761333,20.661597
11.408767,20.075771
12.544656,20.127739
12.015617,20.212173
12.226902,19.587959
14.213168,19.907060
12.313449,20.610585
12.955963,20.752454
13.424514,19.623714
12.891008,19.694217
13.108019,20.111204
12.759061,20.436061
12.085472,21.271566
10.742676,21.974649
13.414583,18.789245
13.027489,19.065344
14.165673,19.026005
13.642814,19.153234
13.802553,18.512068
15.808279,18.665389
13.970921,19.525334
14.626015,19.612075
14.999255,18.447983
14.472077,18.563605
13.801097,20.201211
10.915717,21.167200
9.988192,21.591430
14.920371,17.616625
14.557377,17.924680
15.689113,17.791316
15.178290,17.960831
15.285024,17.308535
17.295573,17.295914
15.535402,18.305086
16.195254,18.337499
16.471735,17.146183
15.955967,17.304922
15.421328,18.992551
14.724092,18.959958
11.466607,21.116627
11.198481,21.751581
11.207169,20.710386
10.287120,22.196862
8.890998,22.786742
10.139383,20.740316
10.568440,20.531065
10.351929,21.150696
9.712291,20.950162
10.538037,21.577474
16.324089,16.324584
15.988065,16.661105
17.103442,16.434950
16.609044,16.645962
16.661382,15.987720
18.664714,15.808697
16.994056,16.959312
17.654426,16.937311
17.830935,15.727705
17.330182,15.928336
16.936933,17.654383
16.240371,17.678619
9.141089,22.024854
9.677765,22.009667
9.364626,22.601643
8.177213,22.336717
9.432980,21.577553
8.716096,22.381773
8.418851,22.970312
17.616292,14.920893
17.308722,15.284492
18.402778,14.966435
17.927259,15.217552
17.925005,14.556994
19.906392,14.213640
18.336250,15.498234
18.992720,15.421862
19.069102,14.201598
18.586502,14.442657
18.337269,16.195335
17.643832,16.277682
8.391961,21.507131
8.836065,21.332966
8.590261,21.929391
7.948876,21.680605
8.974981,21.664858
6.978566,23.443214
18.788373,13.414792
18.512210,13.802596
19.575905,13.395755
19.122557,13.685130
19.065848,13.027318
21.011957,12.521184
19.553560,13.931189
20.201305,13.800963
20.176485,12.578222
19.715539,12.858466
19.611799,14.626149
18.928111,14.765005
7.289216,22.698083
7.828153,22.729999
7.465994,23.298069
6.303986,22.936273
7.624966,22.280773
6.839621,23.023616
6.493233,23.587170
19.831879,11.817572
19.588471,12.227127
20.614829,11.733506
20.187202,12.059161
20.076399,11.408606
21.974083,10.743045
20.637089,12.268772
21.271727,12.085434
21.146217,10.869390
20.710063,11.186469
20.752530,12.956683
20.082879,13.151348
6.587354,22.126912
7.044535,21.989610
6.131271,22.263156
5.018643,23.939697
20.740158,10.139547
20.531236,10.567972
21.513511,9.991228
21.114236,10.351071
20.949795,9.711903
22.786240,8.891810
21.579529,10.522888
22.197024,10.287549
21.971570,9.086162
21.563101,9.438140
21.751435,11.198435
21.099829,11.448223
6.745736,22.564482
7.156913,22.334244
5.389956,23.223433
5.924108,23.299290
5.516525,23.835287
4.388259,23.378746
5.758473,22.834571
4.914722,23.509962
4.523450,24.043031
21.506669,8.392254
21.333757,8.836567
22.265090,8.180625
21.897051,8.572091
21.680240,7.948902
23.442722,6.979640
22.374834,8.705098
22.970670,8.419345
22.646853,7.240823
22.268901,7.625167
22.601881,9.364089
21.973272,9.666780
4.737591,22.595506
5.204303,22.496355
4.271666,22.693261
3.024426,24.271880
22.126398,6.587307
21.990655,7.044751
22.864851,6.314056
22.530197,6.734447
22.262690,6.131247
23.939013,5.019483
23.017184,6.827619
23.587527,6.493662
23.167443,5.345755
22.822813,5.760282
23.297868,7.465467
22.696476,7.819153
4.859631,23.044533
5.287960,22.848956
3.454138,23.589374
3.979902,23.709292
3.529412,24.209736
2.442972,23.660728
3.853209,23.232308
2.956948,23.835368
2.523075,24.334725
22.594932,4.737751
22.497178,5.204728
23.308184,4.403767
23.009833,4.850619
22.692133,4.271828
24.272013,3.025065
23.502421,4.903746
24.043030,4.523593
23.529898,3.413884
23.220132,3.856160
23.835083,5.515882
23.264905,5.918081
2.855939,22.910007
3.328656,22.849312
2.383199,22.968289
1.010864,24.438815
22.909397,2.856503
22.849977,3.328908
23.591249,2.464347
23.332199,2.933663
22.967456,2.383632
24.439067,1.011628
23.827333,2.946448
24.333738,2.522444
23.731011,1.460249
23.459910,1.925744
24.209116,3.529206
23.673939,3.975655
2.940557,23.367737
3.383033,23.207084
1.493686,23.793623
2.008468,23.956376
1.517144,24.418789
0.000000,23.598250
0.953599,23.067774
0.576307,23.081774
1.922457,23.471937
1.430090,23.046991
0.703447,23.880327
1.135111,24.065769
0.504218,24.459804
0.000000,24.035726
0.526384,23.492289
1.097868,23.486541
23.066966,0.953974
23.045755,1.430632
23.784628,0.000000
23.081519,0.576234
23.905332,0.736243
24.069205,1.192517
23.502525,0.978959
24.459002,0.503223
24.033830,0.000000
23.537097,0.000000
23.454057,0.488755
23.921446,2.007506
