22.872815,0.000000
22.792630,1.888807
22.558300,3.764202
22.170331,5.614621
21.630540,7.426394
20.943390,9.187358
20.113105,10.885394
19.145405,12.509178
18.047427,14.047232
16.825067,15.490333
15.489435,16.825928
14.046007,18.048609
12.508211,19.146620
10.885347,20.113673
9.186583,20.943677
7.425864,21.631200
5.614064,22.170848
3.764299,22.558771
1.888639,22.793899
0.000000,22.874101
-0.000000,24.259041
2.004229,24.174793
3.993393,23.927577
5.955453,23.515986
7.877108,22.943646
9.744541,22.214935
11.545901,21.334399
13.268570,20.308545
14.900174,19.143126
16.429528,17.847584
17.847504,16.429324
19.142972,14.899965
20.308152,13.268344
21.334082,11.545527
22.214738,9.744584
22.943462,7.876759
23.515816,5.954894
23.927109,3.993344
24.174605,2.003271
24.257606,0.000000
11.698530,19.633061
12.408080,20.824067
11.649551,20.465268
11.293748,19.873616
12.424864,19.935563
11.898900,20.015815
12.103796,19.390648
14.085592,19.728368
12.198681,20.418514
12.839613,20.566265
13.296972,19.437281
12.766038,19.503321
12.985826,19.923773
12.640925,20.246984
11.977032,21.080607
10.646235,21.777395
13.279458,18.599969
12.896167,18.873367
14.030427,18.844397
13.510329,18.967187
13.663561,18.325568
15.666381,18.497838
13.840703,19.343397
14.494656,19.436098
14.856729,18.272732
14.331806,18.383686
13.677260,20.019856
10.812326,20.966774
9.893372,21.386548
14.770084,17.439178
14.410641,17.744190
15.539358,17.621496
15.030899,17.786374
15.131070,17.134146
17.140324,17.140666
15.390597,18.134509
16.049808,18.172960
16.315220,16.983277
15.801305,17.137194
15.282983,18.822028
14.586875,18.783256
11.359945,20.920179
11.097850,21.556390
11.098621,20.509803
10.194856,21.997603
8.811201,22.582198
10.037246,20.531414
10.461991,20.324231
10.251664,20.945864
9.614336,20.739139
10.439858,21.376469
16.159661,16.160139
15.826932,16.493335
16.940175,16.278061
16.447748,16.484270
16.493575,15.826633
18.497186,15.666789
16.835668,16.801284
17.495887,16.785335
17.661512,15.578275
17.162201,15.773947
16.784967,17.495856
16.089021,17.513853
9.054748,21.816833
9.587860,21.805194
9.280425,22.398844
8.099567,22.124700
9.341668,21.368603
8.634899,22.173373
8.343369,22.764127
17.438850,14.770583
17.134295,15.130592
18.227119,14.823564
17.753162,15.069730
17.744470,14.410309
19.727718,14.086047
18.165356,15.353820
18.822172,15.283495
18.887916,14.066669
18.406349,14.302674
18.172724,16.049892
17.479404,16.125965
8.307424,21.290489
8.747119,21.118106
8.507058,21.717068
7.868696,21.462226
8.887318,21.453288
6.915960,23.232782
18.599127,13.279662
18.325669,13.663619
19.389049,13.267873
18.936857,13.552193
18.873811,12.896025
20.823360,12.408767
19.371329,13.801373
20.019921,13.677144
19.984775,12.458703
19.524442,12.733836
19.435813,14.494784
18.751720,14.627384
7.220320,22.483588
7.755443,22.518765
7.398841,23.088998
6.244134,22.718579
7.551149,22.065005
6.775886,22.809229
6.435030,23.375467
19.632115,11.698531
19.391093,12.104014
20.418048,11.621476
19.991153,11.942012
19.874176,11.293606
21.776841,10.646592
20.444756,12.154443
21.080735,11.977005
20.945291,10.766105
20.509317,11.078043
20.566303,12.840290
19.895724,13.028758
6.520993,21.904033
6.973614,21.768161
6.069403,22.038907
4.973642,23.724812
20.531237,10.037406
20.324367,10.461563
21.308152,9.895831
20.909174,10.250508
20.738779,9.613987
22.581702,8.811971
21.378411,10.424828
21.997730,10.195265
21.762800,8.999818
21.354088,9.346664
21.556222,11.097815
20.903186,11.341496
6.680383,22.345990
7.087040,22.116207
5.339017,23.003980
5.869105,23.082782
5.466868,23.621387
4.346590,23.156848
5.702734,22.613458
4.868915,23.291055
4.482918,23.827246
21.290025,8.307713
21.118813,8.747600
22.052562,8.102510
21.684380,8.488807
21.461860,7.868733
23.232290,6.916964
22.166301,8.623974
22.764436,8.343835
22.431672,7.172009
22.053046,7.551270
22.399030,9.279931
21.768489,9.576657
4.689865,22.367904
5.151927,22.269812
4.228541,22.464680
2.997345,24.054038
21.903514,6.520965
21.769099,6.973824
22.646587,6.253753
22.311382,6.669021
22.038437,6.069392
23.724128,4.974424
22.802672,6.763997
23.375768,6.435432
22.947326,5.294961
22.601587,5.704458
23.088765,7.398358
22.484947,7.746248
4.812544,22.821404
5.236331,22.625893
3.421496,23.366485
3.942980,23.488981
3.497589,23.992453
2.419787,23.436171
3.815906,23.007334
2.929365,23.613439
2.500464,24.116298
22.367316,4.690026
22.270532,5.152334
23.085700,4.361721
22.786334,4.803503
22.463579,4.228699
24.054101,2.997928
23.283385,4.858035
23.827195,4.483054
23.306297,3.381450
22.995063,3.818770
23.621143,5.466269
23.048073,5.862908
2.827145,22.679227
3.295182,22.619221
2.359094,22.736974
1.001789,24.219487
22.678592,2.827682
22.619780,3.295427
23.366075,2.440800
23.105529,2.905174
22.736121,2.359508
24.219633,1.002494
23.605240,2.918954
24.115309,2.499873
23.505554,1.446355
23.232488,1.907056
23.991806,3.497396
23.453311,3.938609
2.912069,23.141448
3.350014,22.980536
1.479574,23.568758
1.989852,23.733760
1.503463,24.199586
0.000000,23.370714
0.944003,22.835416
0.570530,22.849349
1.903839,23.244621
1.415752,22.814885
0.696881,23.655561
1.124536,23.843074
0.499781,24.240284
0.000000,23.812354
0.521124,23.263794
1.087220,23.258374
22.834574,0.944356
22.813648,1.416262
23.558898,0.000000
22.849026,0.570461
23.680723,0.729317
23.846584,1.181406
23.274391,0.969461
24.239450,0.498855
23.810482,0.000000
23.308898,0.000000
23.225134,0.483832
23.698473,1.988832
