26.066214,0.000000
25.973799,2.152492
25.706683,4.289345
25.264313,6.398405
24.649083,8.463130
23.866073,10.469868
22.919869,12.404900
21.817016,14.255276
20.565753,16.008001
19.172925,17.652423
17.650897,19.174346
16.005786,20.567746
14.253512,21.818995
12.404932,22.920621
10.468445,23.866447
8.462150,24.649969
6.397336,25.264834
4.289640,25.707004
2.152356,25.975350
0.000000,26.067635
-0.000000,27.290650
2.255445,27.195935
4.492760,26.918047
6.700045,26.455079
8.861934,25.811282
10.962609,24.991495
12.989431,24.000914
14.927366,22.846675
16.762735,21.535550
18.483181,20.078181
20.078275,18.482558
21.535505,16.762192
22.846317,14.926753
24.000566,12.988620
24.991234,10.962663
25.811085,8.861411
26.455057,6.699178
26.917504,4.493068
27.196343,2.253967
27.289279,-0.000000
13.332644,22.375541
13.960187,23.429070
13.188756,23.168804
12.872580,22.648506
14.073983,22.581170
13.504181,22.716419
13.793459,22.099159
15.847534,22.196222
13.780600,23.066029
14.446573,23.137687
15.053294,22.004599
14.485094,22.129271
14.670197,22.507425
14.269882,22.854223
13.474527,23.718021
11.978188,24.501593
15.134252,21.198069
14.698837,21.508529
15.892328,21.344620
15.332535,21.526031
15.571273,20.885671
17.626110,20.811829
15.635577,21.851270
16.308828,21.866466
16.819309,20.686132
16.261358,20.858715
15.387382,22.524628
12.236280,23.727285
11.199123,24.208146
16.832999,19.875003
16.424886,20.221652
17.601009,19.959440
17.058159,20.185867
17.244082,19.528015
19.284425,19.284738
17.386551,20.485753
18.058524,20.445352
18.470450,19.226634
17.928817,19.444477
17.193565,21.177241
16.478390,21.219043
12.830464,23.628362
12.487661,24.252106
12.591933,23.269101
11.469008,24.749629
9.913402,25.407104
11.439270,23.398910
11.922918,23.163481
11.630987,23.763521
10.958948,23.635721
11.793201,24.147162
18.416675,18.417434
18.038738,18.796177
19.187840,18.437930
18.666200,18.708200
18.796764,18.037916
20.810847,17.626652
19.018824,18.979538
19.685385,18.884206
19.994479,17.636041
19.472904,17.897745
18.883636,19.685382
18.175336,19.785087
10.244120,24.682200
10.827396,24.624337
10.443299,25.199661
9.168844,25.044489
10.597823,24.243098
9.754135,25.046064
9.385758,25.611844
19.874504,16.833874
19.528565,17.243024
20.645361,16.790478
20.147682,17.102902
20.222369,16.423879
22.195312,15.848196
20.520895,17.344447
21.177531,17.194385
21.382864,15.924763
20.884478,16.228325
20.445124,18.058704
19.745990,18.217325
9.467933,24.264250
9.967878,24.067513
9.651646,24.637869
8.969336,24.459778
10.092587,24.362443
7.780722,26.139050
21.196784,15.134621
20.886221,15.571193
21.961438,15.028411
21.490948,15.380654
21.509573,14.698336
23.427961,13.961311
21.883118,15.590777
22.524906,15.387116
22.624593,14.104584
22.153116,14.448305
21.866216,16.309156
21.183185,16.524438
8.169339,25.438088
8.757956,25.431032
8.326322,25.976382
7.068372,25.716580
8.566607,25.033237
7.654406,25.764476
7.238814,26.299394
22.374109,13.332644
22.100351,13.793816
23.127030,13.163771
22.687542,13.553313
22.649733,12.872272
24.500806,11.978655
23.095741,13.730367
23.718375,13.474406
23.711996,12.188435
23.270668,12.569597
23.138138,14.447861
22.475556,14.718620
7.432009,24.963414
7.946925,24.808052
6.918699,25.117103
5.595271,26.692619
23.398904,11.439520
23.163875,11.922062
24.135202,11.209136
23.729503,11.633681
23.635029,10.958127
25.406408,9.914599
24.150480,11.776501
24.750007,11.469680
24.637530,10.188855
24.229139,10.605050
24.252129,12.487548
23.613750,12.812681
7.579442,25.351616
8.047717,25.114397
6.040743,26.026772
6.627496,26.067817
6.152737,26.575467
4.920431,26.212763
6.469518,25.655285
5.500286,26.308651
5.042655,26.807565
24.263717,9.468247
24.069152,9.968638
24.978314,9.177877
24.609354,9.634339
24.459207,8.969253
26.138382,7.782600
25.040554,9.742191
25.612555,9.386602
25.394679,8.119629
25.022238,8.567845
25.200429,10.442306
24.591239,10.818962
5.345065,25.492105
5.870749,25.379673
4.820609,25.602368
3.371404,27.062777
24.962827,7.431680
24.810211,7.947254
25.651320,7.083936
25.320830,7.568915
25.116475,6.918557
26.691766,5.596759
25.759355,7.640994
26.300196,7.239547
25.978337,5.994496
25.644622,6.472396
25.976526,8.325275
25.400698,8.751232
5.460320,25.890850
5.946178,25.693237
3.871162,26.436675
4.452076,26.526450
3.937229,26.993226
2.739147,26.528778
4.329083,26.102237
3.309549,26.672745
2.812695,27.133023
25.491579,5.345174
25.381532,5.871349
26.148520,4.940565
25.860199,5.451569
25.600701,4.820864
27.063496,3.372799
26.302468,5.488101
26.807951,5.042796
26.385231,3.828079
26.090951,4.333112
26.575675,6.151564
26.036932,6.623457
3.222435,25.847082
3.754535,25.777778
2.690071,25.912246
1.127102,27.248691
25.846573,3.223278
25.779510,3.754854
26.466041,2.764994
26.222883,3.297097
25.911519,2.690693
27.250051,1.128566
26.666390,3.297938
27.131918,2.811562
26.610109,1.637729
26.360658,2.164161
26.992885,3.936799
26.494469,4.449356
3.304027,26.254312
3.804021,26.095812
1.674163,26.666095
2.246525,26.803027
1.692473,27.226878
0.000000,26.501637
1.075891,26.024871
0.650094,26.039998
2.160053,26.371672
1.612410,26.001150
0.787309,26.752127
1.270352,26.913843
0.560985,27.272185
-0.000000,26.892007
0.593423,26.406298
1.233608,26.396630
26.024359,1.076508
25.999828,1.613355
26.667550,0.000000
26.040371,0.649987
26.775263,0.824688
26.916369,1.334675
26.412233,1.099958
27.271614,0.559164
26.889847,0.000000
26.447719,0.000000
26.372820,0.551462
26.771952,2.246294
