27.456244,-0.000000
27.358761,2.267328
27.077395,4.518026
26.611390,6.739679
25.963335,8.914544
25.138589,11.028271
24.141920,13.066488
22.980232,15.015524
21.662237,16.861703
20.195197,18.593762
18.592013,20.196807
16.859112,21.664519
15.013462,22.982466
13.066559,24.142709
11.026570,25.139005
8.913353,25.964290
6.738364,26.611910
4.518360,27.077683
2.267217,27.360427
-0.000000,27.457710
-0.000000,28.621127
2.365637,28.522032
4.711834,28.230644
7.026784,27.745120
9.294131,27.069947
11.497213,26.210178
13.622990,25.171274
15.655450,23.960665
17.580241,22.585610
19.384561,21.057220
21.057403,19.383754
22.585617,17.579575
23.960356,15.654674
25.170918,13.622031
26.209861,11.497319
27.069717,9.293616
27.745130,7.025879
28.230012,4.712383
28.522633,2.364046
28.619887,-0.000000
14.044117,23.569463
14.641440,24.572377
13.861650,24.350759
13.559973,23.856598
14.794724,23.737369
14.204896,23.895169
14.529001,23.278412
16.620882,23.279320
14.473099,24.225003
15.151921,24.266253
15.821173,23.127035
15.235631,23.275706
15.407608,23.638496
14.983316,23.996157
14.131697,24.875618
12.562813,25.697196
15.941794,22.329180
15.483707,22.655766
16.706073,22.437335
16.127973,22.642936
16.401748,22.000296
18.486255,21.827408
16.421302,22.949128
17.105078,22.933127
17.677320,21.741302
17.103801,21.939303
16.137870,23.624014
12.858956,24.934474
11.770015,25.441883
17.731154,20.935515
17.301865,21.300216
18.502067,20.981241
17.943123,21.233251
18.163901,20.570280
20.225489,20.225739
18.260301,21.515035
18.940156,21.442665
19.412699,20.207435
18.857690,20.451806
18.032089,22.211004
17.306518,22.285394
13.474389,24.814088
13.097667,25.435221
13.243996,24.473807
12.028189,25.957528
10.397248,26.646911
12.049709,24.647300
12.558825,24.399660
12.233246,24.993647
11.544376,24.896750
12.385676,25.360070
19.399340,19.400189
19.001715,19.798714
20.170206,19.381874
19.634596,19.678952
19.799391,19.000693
21.826319,18.486823
19.974526,19.933090
20.646342,19.805360
21.014433,18.535703
20.481751,18.824976
19.804699,20.646420
19.088736,20.779396
10.764353,25.935371
11.370197,25.858827
10.953662,26.428906
9.636369,26.321109
11.146303,25.498163
10.244112,26.303663
9.843222,26.861747
20.934940,17.732189
20.570977,18.162648
21.702261,17.650112
21.192937,17.990397
21.301068,17.300568
23.278347,16.621589
21.552058,18.215877
22.211296,18.033016
22.473639,16.737139
21.966420,17.069060
21.442445,18.940419
20.738309,19.132894
9.973264,25.558912
10.499262,25.351636
10.151395,25.913079
9.448548,25.764765
10.618456,25.631830
8.160344,27.414586
22.327751,15.942248
22.001028,16.401620
23.085716,15.797834
22.605852,16.178808
22.657000,15.483061
24.571115,14.642711
22.982677,16.374125
23.624330,16.137574
23.778692,14.824179
23.300782,15.196853
22.932894,17.105531
22.247682,17.354949
8.584422,26.730213
9.196986,26.706249
8.733407,27.243586
7.428749,27.027405
9.009979,26.329202
8.038994,27.058216
7.591579,27.582742
23.567900,14.044127
23.279884,14.529429
24.310992,13.837812
23.864550,14.256670
23.858019,13.559631
25.696344,12.563286
24.256224,14.420262
24.876008,14.131562
24.921564,12.810292
24.476244,13.220820
24.266891,15.153463
23.605009,15.458426
7.828710,26.295346
8.370566,26.131583
7.288485,26.457219
5.868186,27.995186
24.647406,12.050000
24.400106,12.557832
25.370754,11.783093
24.960608,12.237461
24.895861,11.543372
26.646154,10.398542
25.363971,12.368226
25.957950,12.028959
25.894337,10.708719
25.484356,11.154476
25.435329,13.097549
24.800419,13.456744
7.972002,26.663833
8.466864,26.422695
6.347687,27.348768
6.959630,27.374929
6.453790,27.871946
5.171330,27.548918
6.804319,26.983407
5.776659,27.629711
5.288304,28.115667
25.558388,9.973561
25.353634,10.500133
26.257017,9.647832
25.886129,10.134406
25.764064,9.448420
27.413844,8.162541
26.298771,10.231716
26.862566,9.844219
26.690079,8.533934
26.318561,9.011714
26.429940,10.952515
25.827015,11.362831
5.630383,26.852257
6.183626,26.733683
5.078428,26.968400
3.535614,28.383368
26.294756,7.828229
26.134218,8.370958
26.964544,7.446754
26.634471,7.961748
26.456503,7.288317
27.994269,5.869927
27.053665,8.024933
27.583702,7.592421
27.303488,6.300374
26.973169,6.807693
27.243949,8.732135
26.677194,9.191216
5.743158,27.230947
6.255887,27.031724
4.067841,27.779437
4.675038,27.856515
4.130263,28.310177
2.878813,27.881010
4.553165,27.453508
3.475965,28.012101
2.949714,28.457057
26.851785,5.630444
26.735980,6.184276
27.487128,5.193540
27.201944,5.734488
26.966485,5.078743
28.384297,3.537387
27.624113,5.763911
28.116199,5.288392
27.731302,4.023342
27.442570,4.557678
27.872385,6.452392
27.345435,6.956424
3.394566,27.226258
3.954439,27.152992
2.834208,27.294674
1.182089,28.578243
27.225783,3.395510
27.155169,3.954787
27.820939,2.906677
27.583549,3.468236
27.294020,2.834896
28.580069,1.183854
28.006416,3.463847
28.455911,2.948332
27.967408,1.721431
27.726311,2.276442
28.310029,4.129680
27.825863,4.673009
3.475190,27.613341
4.002122,27.455233
1.759378,28.020697
2.358929,28.147028
1.775476,28.555466
0.000000,27.869111
1.133404,27.413414
0.684877,27.429224
2.271984,27.736941
1.697917,27.388450
0.826858,28.106737
1.334198,28.258765
0.587823,28.602936
0.000000,28.240559
0.624944,27.777888
1.297467,27.766494
27.413052,1.134106
27.387116,1.699060
28.026858,0.000000
27.429847,0.684753
28.129147,0.866384
28.260950,1.401808
27.782016,1.156849
28.602464,0.585637
28.238368,0.000000
27.818026,0.000000
27.746348,0.580932
28.117487,2.359043
