20.014658,-0.000000
19.946592,1.652822
19.741447,3.294332
19.402204,4.913330
18.929864,6.498802
18.328430,8.039842
17.601900,9.525939
16.755279,10.947090
15.794575,12.293087
14.724794,13.556025
13.555940,14.724896
12.293016,15.794699
10.947034,16.755422
9.525901,17.602058
8.039809,18.328604
6.498779,18.930061
4.913313,19.402419
3.294323,19.741678
1.652816,19.946840
-0.000000,20.014911
-0.000000,21.583839
1.782340,21.509781
3.552562,21.289634
5.298468,20.923392
7.008251,20.414057
8.670100,19.765635
10.272513,18.982123
11.805476,18.069529
13.257386,17.032854
14.618239,15.880111
15.880028,14.618301
17.032750,13.257431
18.069403,11.805507
18.981976,10.272531
19.765469,8.670110
20.413870,7.008251
20.923185,5.298462
21.289406,3.552556
21.509540,1.782330
21.583584,0.000000
10.236477,17.178756
11.038999,18.525840
10.282463,18.063926
9.881199,17.390409
10.959364,17.584177
10.469275,17.610203
10.591759,16.967093
12.531438,17.551206
10.796953,18.072326
11.422244,18.297684
11.737304,17.157146
11.235631,17.165238
11.493519,17.634408
11.198784,17.938535
10.655757,18.753989
9.471311,19.373894
11.620038,16.275074
11.283548,16.515249
12.375992,16.622587
11.887681,16.688081
11.956532,16.034893
13.937820,16.456495
12.250317,17.121166
12.894421,17.292032
13.113824,16.129547
12.614120,16.180260
12.168459,17.810373
9.548209,18.515933
8.733857,18.880898
12.924491,15.259808
12.608766,15.527256
13.707490,15.544009
13.225806,15.649446
13.240224,14.992360
15.249143,15.249218
13.622126,16.051096
14.278039,16.168306
14.401295,14.991066
13.907442,15.083077
13.597602,16.744681
12.911254,16.625113
10.057554,18.520887
9.871921,19.178013
9.769463,18.053059
9.070704,19.569771
7.839176,20.089862
8.782862,17.965346
9.154386,17.783710
9.023912,18.437025
8.411348,18.146983
9.240821,18.921131
14.140380,14.140472
13.848173,14.432687
14.943047,14.358729
14.472286,14.503725
14.432595,13.848256
16.456399,13.937878
14.901334,14.871151
15.564597,14.933761
15.589731,13.750852
15.105204,13.883245
14.933691,15.564673
14.240807,15.501535
7.999342,19.273398
8.490140,19.308228
8.254651,19.927752
7.150120,19.531703
8.223505,18.809507
7.643206,19.627821
7.423710,20.251967
15.259699,12.924566
14.992258,13.240298
16.078354,13.075764
15.620883,13.259097
15.527145,12.608834
17.551089,12.531480
16.078256,13.589991
16.744586,13.597656
16.672241,12.416605
16.200247,12.588405
16.168218,14.278098
15.471473,14.273051
7.269300,18.629349
7.654556,18.478982
7.488228,19.116600
6.884050,18.779714
7.813026,18.860474
6.153357,20.668743
16.274943,11.620096
16.034772,11.956594
17.103229,11.703386
16.662406,11.923901
16.515120,11.283602
18.525702,11.039029
17.145710,12.215814
17.810255,12.168494
17.640280,10.997032
17.184203,11.207551
17.291922,12.894464
16.597665,12.946612
6.378120,19.860943
6.867714,19.939115
6.580815,20.541405
5.512266,20.056163
6.647198,19.422322
5.997460,20.190543
5.725909,20.796072
17.178606,10.236521
16.966955,10.591807
18.010669,10.250854
17.589785,10.507017
17.390263,9.881239
19.373736,9.471329
18.095617,10.757967
18.753851,10.655780
18.487945,9.502887
18.050768,9.750126
18.297555,11.422276
17.610116,11.531511
5.706051,19.166257
6.102418,19.048161
5.309692,19.284345
4.425510,21.106531
17.965181,8.782896
17.783552,9.154419
18.795728,8.728640
18.397310,9.018620
18.146813,8.411377
20.089684,7.839187
18.921863,9.227015
19.569612,9.070719
19.209538,7.943795
18.794255,8.226294
19.177861,9.871939
18.501553,10.037897
5.880168,19.669894
6.230818,19.444282
4.716375,20.320717
5.197586,20.438792
4.862000,21.014967
3.837083,20.442984
5.020160,19.905358
4.309413,20.617175
3.989033,21.198088
18.629163,7.269326
18.478808,7.654586
19.452486,7.146735
19.079307,7.468603
18.779524,6.884073
20.668543,6.153362
19.619186,7.633037
20.251788,7.423717
19.800051,6.330382
19.409494,6.646212
19.927582,8.254657
19.267343,8.475852
4.103822,19.572067
4.508568,19.487243
3.699080,19.656879
2.667443,21.399723
19.166051,5.706069
19.047969,6.102438
19.976479,5.515987
19.631104,5.867531
19.284136,5.309708
21.106310,4.425510
20.182622,5.986889
20.795872,5.725910
20.255502,4.673795
19.892328,5.020738
20.541212,6.580814
19.901484,6.855793
4.235999,20.088516
4.603661,19.892388
3.022536,20.641197
3.492245,20.798477
3.110013,21.344689
2.136425,20.689788
3.359113,20.251830
2.592446,20.902606
2.224890,21.454763
19.571843,4.103835
19.487031,4.508584
20.364044,3.847333
20.048806,4.226347
19.656649,3.699091
21.399490,2.667440
20.608268,4.299706
21.197866,3.989030
20.571944,2.984806
20.238835,3.360788
21.014753,4.861993
20.399939,5.189025
2.473573,19.844276
2.883947,19.792978
2.063200,19.895561
0.891168,21.546825
19.844037,2.473584
19.792749,2.883956
20.611832,2.152769
20.329162,2.556245
19.895317,2.063209
21.546581,0.891170
20.892849,2.583160
21.454520,2.224882
20.748691,1.276446
20.447547,1.678214
21.344455,3.110007
20.758899,3.486244
2.563317,20.369689
2.945442,20.204256
1.307299,20.819052
1.762540,21.015041
1.336756,21.528317
0.000000,20.584481
0.826405,19.980882
0.499939,19.994315
1.675951,20.460291
1.239608,19.963861
0.616584,20.907733
0.995434,21.123750
0.445579,21.565337
-0.000000,21.084144
0.456633,20.463971
0.956703,20.462998
19.980632,0.826409
19.963610,1.239615
20.799078,0.000000
19.994068,0.499939
20.936175,0.644633
21.129371,1.045875
20.480655,0.852942
21.565086,0.445573
21.083885,0.000000
20.514283,0.000000
20.420407,0.423440
20.975624,1.760788
