25.646504,0.000000
25.555645,2.117826
25.292834,4.220308
24.857606,6.295373
24.252289,8.326846
23.481880,10.301280
22.550913,12.205158
21.465824,14.025748
20.234710,15.750256
18.864288,17.368219
17.366763,18.865649
15.748159,20.236611
14.024078,21.467722
12.205178,22.551654
10.299940,23.482247
8.325927,24.253157
6.294375,24.858134
4.220585,25.293176
2.117683,25.557168
0.000000,25.647918
-0.000000,26.890101
2.222264,26.796725
4.426796,26.522897
6.601672,26.066719
8.731815,25.432366
10.801663,24.624615
12.798694,23.648579
14.708177,22.511308
16.516623,21.219431
18.211819,19.783442
19.783508,18.211254
21.219366,16.516123
22.510934,14.707615
23.648229,12.797934
24.624362,10.801708
25.432171,8.731299
26.066677,6.600828
26.522368,4.427041
26.797060,2.220832
26.888692,-0.000000
13.117839,22.015067
13.755097,23.084874
12.985892,22.812479
12.665043,22.283762
13.856673,22.232563
13.292815,22.360853
13.571374,21.743128
15.614718,21.870150
13.571926,22.716794
14.234231,22.797928
14.821802,21.666220
14.258718,21.783481
14.447996,22.166603
14.054936,22.510188
13.276675,23.369530
11.802189,24.141651
14.890441,20.856565
14.461872,21.162155
15.646977,21.015159
15.092602,21.189123
15.320526,20.549150
17.367162,20.506085
15.398812,21.520452
16.069115,21.545345
16.560640,20.368033
16.007261,20.532791
15.161436,22.193662
12.048573,23.363388
11.027017,23.836228
16.561831,19.554819
16.160111,19.896010
17.329333,19.651361
16.791222,19.869933
16.966356,19.213342
19.001116,19.001446
17.123259,20.175598
17.793105,20.145106
18.186386,18.930953
17.648651,19.140646
16.941121,20.866032
16.228856,20.897724
12.636448,23.271086
12.304018,23.895926
12.395267,22.905742
11.300661,24.385995
9.767749,25.033856
11.254971,23.021997
11.730909,22.790264
11.449339,23.392488
10.782198,23.254989
11.614672,23.781676
18.119992,18.120722
17.747997,18.493489
18.891651,18.153322
18.374093,18.415381
18.494037,17.747242
20.505136,17.367695
18.730838,18.692202
19.396083,18.606887
19.686989,17.364821
19.168616,17.618074
18.606342,19.396066
17.900107,19.485476
10.087309,24.304455
10.663851,24.252388
10.289649,24.829594
9.027902,24.659638
10.432396,23.864558
9.606491,24.667116
9.248033,25.235565
19.554339,16.562659
19.213840,16.965366
20.326696,16.531292
19.832392,16.835199
19.896675,16.159195
21.869260,15.615364
20.210170,17.081859
20.866312,16.941907
21.054023,15.679858
20.558142,15.974744
20.144872,17.793266
19.446980,17.941441
9.315372,23.873368
9.807431,23.679819
9.500913,24.253244
8.824654,24.065774
9.933938,23.979495
7.666445,25.755047
20.855325,14.890787
20.549639,15.320464
21.622459,14.796421
21.154647,15.139900
21.163130,14.461419
23.083809,13.756174
21.551781,15.354731
22.193917,15.161184
22.276660,13.887649
21.806956,14.222531
21.545086,16.069410
20.862425,16.274185
8.044222,25.048599
8.625679,25.046806
8.203767,25.594883
6.959730,25.321418
8.432880,24.642359
7.538517,25.374637
7.132611,25.913045
22.013680,13.117838
21.744225,13.571712
22.770055,12.960540
22.332508,13.341153
22.284914,12.664751
24.140883,11.802650
22.746045,13.522481
23.369862,13.276562
23.347340,12.000965
22.907039,12.373178
22.798319,14.235442
22.135224,14.495697
7.312245,24.561278
7.819007,24.408461
6.807055,24.712494
5.513119,26.300481
23.021956,11.255209
22.790630,11.730102
23.762670,11.036080
23.358150,11.451558
23.254345,10.781436
25.033175,9.768907
23.784811,11.598197
24.386347,11.301301
24.258634,10.032134
23.850537,10.439335
23.895918,12.303911
23.256174,12.618607
7.461041,24.955826
7.921264,24.719717
5.948224,25.628279
6.527428,25.673985
6.062105,26.185155
4.844793,25.809966
6.368539,25.254710
5.417004,25.910583
4.968700,26.413765
23.872830,9.315690
23.681338,9.808158
24.592773,9.036178
24.224224,9.483503
24.065231,8.824586
25.754395,7.668219
24.661407,9.594683
25.236230,9.248830
25.004148,7.994728
24.631238,8.433971
24.830277,10.288710
24.218866,10.655081
5.258929,25.081449
5.776277,24.970881
4.742772,25.189937
3.321972,26.665220
24.560689,7.311962
24.410465,7.819319
25.255370,6.974542
24.924579,7.450424
24.711885,6.806925
26.299642,5.514524
25.369333,7.525303
25.913787,7.133307
25.578838,5.902287
25.243901,6.371266
25.594961,8.202792
25.016055,8.618655
5.375012,25.486653
5.852742,25.289450
3.811877,26.031926
4.384900,26.125701
3.879123,26.596749
2.697044,26.121138
4.261499,25.694677
3.259400,26.269168
2.771443,26.734421
25.080903,5.259050
24.972596,5.776858
25.744916,4.864290
25.455468,5.366233
25.188338,4.743011
26.665860,3.323257
25.904210,5.404989
26.414095,4.968851
25.979422,3.769212
25.683270,4.265380
26.185290,6.061003
25.642643,6.523126
3.170470,25.430685
3.694170,25.362586
2.646556,25.494868
1.110547,26.848435
25.430157,3.171279
25.364169,3.694481
26.057531,2.722274
25.812438,3.245482
25.494113,2.647156
26.849638,1.111916
26.262590,3.247945
26.733323,2.770383
26.200917,1.612500
25.948737,2.130299
26.596349,3.878733
26.093283,4.381970
3.252405,25.844403
3.744257,25.685713
1.648488,26.257775
2.212659,26.398081
1.667490,26.826897
0.000000,26.089243
1.058536,25.605642
0.639607,25.620580
2.126301,25.959886
1.586580,25.582310
0.775388,26.343841
1.251113,26.508649
0.552904,26.871568
0.000000,26.485692
0.583911,25.992561
1.214341,25.983426
25.605077,1.059124
25.580988,1.587468
26.257777,0.000000
25.620864,0.639504
26.367204,0.812118
26.511279,1.314447
25.999055,1.082790
26.870958,0.551196
26.483542,0.000000
26.034396,0.000000
25.958455,0.542566
26.366503,2.212324
