25.103412,-0.000000
25.014586,2.072975
24.757349,4.130983
24.331365,6.162058
23.738876,8.150506
22.984771,10.083140
22.073520,11.946708
21.011416,13.728756
19.806372,15.416753
18.464943,17.000476
16.999122,18.466214
15.414818,19.808143
13.727216,21.013193
11.946714,22.074233
10.081910,22.985118
8.149666,23.739706
6.161151,24.331889
4.131233,24.757706
2.072823,25.016058
-0.000000,25.104802
-0.000000,26.372662
2.179396,26.281034
4.341577,26.012447
6.474590,25.565040
8.563725,24.942886
10.593755,24.150683
12.552304,23.193434
14.425036,22.078081
16.198704,20.811070
17.861283,19.402703
19.402739,17.860788
20.810989,16.198257
22.077698,14.424539
23.193093,12.551611
24.150450,10.593791
24.942703,8.563225
25.564984,6.473782
26.011947,4.341746
26.281284,2.178034
26.371228,0.000000
12.839901,21.548628
13.490168,22.640239
12.723623,22.351807
12.396507,21.811802
13.575712,21.781836
13.019471,21.901010
13.284006,21.282448
15.313975,21.448927
13.302220,22.265411
13.959936,22.359025
14.522527,21.228753
13.965973,21.336303
14.160813,21.726099
13.777151,22.065571
13.021087,22.919351
11.574839,23.676674
14.574970,20.414675
14.155260,20.713964
15.329762,20.589190
14.782314,20.753412
14.996070,20.113713
17.032660,20.111123
15.092799,21.092873
15.759459,21.130518
16.226226,19.956788
15.678669,20.111305
14.869556,21.766123
11.805913,22.892953
10.804517,23.355410
16.210962,19.140520
15.817514,19.474643
16.978085,19.253038
16.446014,19.461349
16.606990,18.806177
18.635146,18.635487
16.782963,19.774726
17.450244,19.757245
17.819143,18.548687
17.286347,18.747731
16.615017,20.464017
15.906350,20.482426
12.385703,22.809326
12.066793,23.435810
12.140951,22.435847
11.083189,23.916255
9.579604,24.551689
11.016505,22.534288
11.482454,22.307345
11.214440,22.912664
10.553498,22.762337
11.383929,23.309289
17.736110,17.736793
17.371803,18.101822
18.508709,17.785343
17.996334,18.036692
18.102323,17.371131
20.110226,17.033175
18.358625,18.320824
19.022368,18.248644
19.289461,17.014181
18.775117,17.256403
18.248136,19.022332
17.544389,19.098236
9.884602,23.816128
10.452488,23.771676
10.091164,24.351537
8.845693,24.162096
10.218473,23.375035
9.415666,24.177332
9.070119,24.749490
19.140074,16.211724
18.806612,16.606087
19.914696,16.196184
19.424651,16.488990
19.475245,15.816713
21.448076,15.314592
19.808568,16.742468
20.464285,16.615753
20.628894,15.363239
20.136133,15.646815
19.757012,17.450380
19.060527,17.584868
9.117976,23.367584
9.599817,23.178166
9.305992,23.755845
8.637448,23.555949
9.728748,23.484207
7.518829,25.258989
20.413506,14.575283
20.114130,14.996030
21.184196,14.496477
20.719736,14.828547
20.714850,14.154866
22.639242,13.491178
21.123541,15.049646
21.766354,14.869323
21.826848,13.607191
21.359310,13.930563
21.130255,15.759712
20.447861,15.950740
7.882482,24.545086
8.454729,24.550225
8.045455,25.102057
6.819277,24.810547
8.259950,24.136878
7.388735,24.870776
6.995420,25.413962
21.547314,12.839896
21.283428,13.284318
22.308522,12.697778
21.873369,13.066780
21.812860,12.396237
23.675944,11.575287
22.294075,13.253794
22.919659,13.020985
22.875908,11.758600
22.436803,12.119171
22.359348,13.961044
21.695364,14.207578
7.157285,24.040932
7.653481,23.891415
6.662597,24.188948
5.407002,25.793915
22.534217,11.016726
22.307680,11.481709
23.281025,10.812333
22.877908,11.216030
22.761763,10.552811
24.551043,9.580704
23.312198,11.367743
23.916578,11.083786
23.768793,9.829521
23.360939,10.225036
23.435771,12.066693
22.794028,12.367774
7.307930,24.443987
7.757714,24.209260
5.828626,25.113127
6.398103,25.164991
5.945031,25.680943
4.747009,25.289225
6.237956,24.736691
5.309362,25.396088
4.873164,25.905056
23.367056,9.118294
23.179539,9.600498
24.094310,8.852970
23.726164,9.288437
23.555452,8.637399
25.258372,7.520464
24.171372,9.404033
24.750102,9.070852
24.499266,7.833254
24.125606,8.260848
24.352123,10.090300
23.737595,10.443269
5.147481,24.550079
5.654030,24.441932
4.642061,24.656270
3.258119,26.151658
24.040356,7.157057
23.893226,7.653770
24.743450,6.833102
24.412137,7.297187
24.188375,6.662485
25.793109,5.408296
24.865243,7.375777
25.414635,6.996064
25.062365,5.783080
24.725698,6.240488
25.102065,8.044573
24.518926,8.447304
5.264695,24.963943
5.731894,24.767217
3.735239,25.508690
4.298085,25.607766
3.804068,26.084571
2.642617,25.594137
4.174104,25.167623
3.194583,25.747556
2.718153,26.219506
24.549523,5.147614
24.443467,5.654583
25.223100,4.765671
24.932059,5.255876
24.654773,4.642280
26.152205,3.259262
25.389478,5.297568
25.905324,4.873324
25.454789,3.693107
25.156067,4.177790
25.681000,5.944022
25.133049,6.393453
3.103232,24.891888
3.616056,24.825354
2.590254,24.954803
1.089159,26.331385
24.891346,3.103995
24.826754,3.616355
25.529375,2.667039
25.281635,3.178737
24.954028,2.590823
26.332395,1.090404
25.740691,3.183330
26.218431,2.717187
25.671912,1.579885
25.416046,2.086512
26.084114,3.803726
25.574774,4.294879
3.185650,25.314303
3.666962,25.155316
1.615305,25.729919
2.168891,25.874722
1.635222,26.310192
-0.000000,25.555976
1.036088,25.063176
0.626049,25.077884
2.082658,25.427363
1.553148,25.040361
0.759978,25.816057
1.226249,25.984991
0.542463,26.354054
-0.000000,25.960564
0.571605,25.457481
1.189421,25.449045
25.062558,1.036635
25.039052,1.553962
25.728038,0.000000
25.078061,0.625951
25.839742,0.795867
25.987777,1.288307
25.464730,1.060582
26.353405,0.540903
25.958449,0.000000
25.499894,0.000000
25.422552,0.531058
25.842484,2.168423
