22.864346,0.000000
22.784195,1.888108
22.549952,3.762809
22.162127,5.612541
21.622536,7.423643
20.935639,9.183955
20.105662,10.881362
19.138320,12.504545
18.040748,14.042029
16.818840,15.484595
15.483703,16.819695
14.040810,18.041923
12.503582,19.139527
10.881317,20.106223
9.183183,20.935918
7.423115,21.623186
5.611986,22.162635
3.762905,22.550413
1.887939,22.785453
-0.000000,22.865621
-0.000000,24.251046
2.003567,24.166826
3.992077,23.919691
5.953491,23.508235
7.874512,22.936085
9.741331,22.207614
11.542097,21.327368
13.264199,20.301853
14.895266,19.136819
16.424117,17.841703
17.841627,16.423911
19.136669,14.895056
20.301466,13.263972
21.327058,11.541723
22.207425,9.741373
22.935909,7.874164
23.508074,5.952932
23.919233,3.992027
24.166646,2.002611
24.249621,0.000000
11.694195,19.625781
12.403990,20.817198
11.645482,20.458117
11.289560,19.866250
12.420503,19.928562
11.894651,20.008661
12.099313,19.383459
14.080950,19.721861
12.194504,20.411518
12.835379,20.559484
13.292329,19.430490
12.761489,19.496367
12.981378,19.916946
12.636626,20.240098
11.973085,21.073653
10.642725,21.770212
13.274539,18.593073
12.891386,18.866372
14.025504,18.837781
13.505506,18.960410
13.658501,18.318772
15.661217,18.491737
13.835964,19.336770
14.489876,19.429690
14.851541,18.266349
14.326700,18.377132
13.672753,20.013252
10.808562,20.959473
9.889920,21.379085
14.764612,17.432713
14.405298,17.737614
15.533907,17.615311
15.025534,17.780020
15.125465,17.127793
17.134675,17.135013
15.385327,18.128296
16.044515,18.166969
16.309523,16.977343
15.795675,17.131084
15.277948,18.815819
14.581881,18.776820
11.356063,20.913024
11.094188,21.549281
11.094669,20.502495
10.191498,21.990347
8.808296,22.574749
10.033527,20.523802
10.458115,20.316695
10.248014,20.938402
9.610770,20.731450
10.436284,21.369147
16.153675,16.154148
15.821066,16.487223
16.934233,16.272347
16.441877,16.478380
16.487466,15.820764
18.491090,15.661622
16.829904,16.795529
17.490118,16.779802
17.655346,15.572833
17.156087,15.768324
16.779437,17.490084
16.083512,17.507852
9.051605,21.809255
9.584588,21.797746
9.277360,22.391458
8.096741,22.116977
9.338344,21.360991
8.631943,22.165782
8.340622,22.756618
17.432390,14.765108
17.127945,15.124985
18.220726,14.818361
17.746825,15.064346
17.737898,14.404966
19.721217,14.081402
18.159137,15.348561
18.815966,15.278457
18.881322,14.061755
18.399792,14.297576
18.166737,16.044596
17.473420,16.120440
8.304346,21.282595
8.743880,21.110277
8.504029,21.709332
7.865777,21.454268
8.884126,21.445580
6.913681,23.225118
18.592238,13.274739
18.318878,13.658556
19.382249,13.263216
18.930099,13.547352
18.866820,12.891243
20.816498,12.404675
19.364698,13.796646
20.013322,13.672636
19.977799,12.454351
19.517487,12.729297
19.429410,14.490002
18.745301,14.622373
7.217812,22.475774
7.752796,22.511070
7.396397,23.081383
6.241955,22.710648
7.548462,22.057144
6.773566,22.801419
6.432912,23.367757
19.624843,11.694194
19.383908,12.099529
20.410887,11.617396
19.984018,11.937745
19.866815,11.289417
21.769665,10.643081
20.437758,12.150280
21.073786,11.973058
20.937980,10.762343
20.502011,11.074094
20.559528,12.836053
19.888914,13.024294
6.518576,21.895911
6.971031,21.760092
6.067151,22.030735
4.972004,23.716986
20.523633,10.033686
20.316837,10.457686
21.300679,9.892357
20.901711,10.246846
20.731098,9.610420
22.574261,8.809065
21.371093,10.421257
21.990479,10.191906
21.755203,8.996674
21.346482,9.343333
21.549120,11.094152
20.896031,11.337610
6.678004,22.338030
7.084496,22.108263
5.337162,22.995985
5.867102,23.074895
5.465061,23.613597
4.345073,23.148764
5.700704,22.605402
4.867248,23.283080
4.481443,23.819387
21.282139,8.304633
21.110989,8.744359
22.044829,8.099665
21.676641,8.485774
21.453911,7.865812
23.224635,6.914682
22.158714,8.621020
22.756933,8.341086
22.423842,7.169504
22.045191,7.548579
22.391651,9.276868
21.761038,9.573376
4.688127,22.359610
5.150019,22.261556
4.226971,22.456350
2.996360,24.046104
21.895401,6.518549
21.761034,6.971241
22.638645,6.251557
22.303419,6.666639
22.030274,6.067139
23.716312,4.972784
22.794867,6.761681
23.368065,6.433312
22.939317,5.293111
22.593537,5.702425
23.081159,7.395915
22.477251,7.743594
4.810830,22.813275
5.234451,22.617765
3.420308,23.358365
3.941636,23.480955
3.496431,23.984539
2.418943,23.427990
3.814548,22.999137
2.928360,23.605354
2.499641,24.108342
22.359031,4.688288
22.262282,5.150426
23.077604,4.360190
22.778200,4.801788
22.455260,4.227128
24.046175,2.996940
23.275416,4.856371
23.819344,4.481578
23.298161,3.380269
22.986873,3.817408
23.613360,5.464464
23.040184,5.860899
2.826096,22.670817
3.293963,22.610836
2.358216,22.728544
1.001458,24.211498
22.670191,2.826632
22.611401,3.294207
23.357882,2.439942
23.097281,2.904136
22.727702,2.358629
24.211651,1.002162
23.597160,2.917953
24.107363,2.499051
23.497350,1.445849
23.224212,1.906376
23.983901,3.496238
23.445284,3.937261
2.911031,23.133203
3.348812,22.972281
1.479060,23.560566
1.989174,23.725651
1.502965,24.191602
0.000000,23.362424
0.943654,22.826948
0.570320,22.840879
1.903161,23.236339
1.415230,22.806427
0.696642,23.647372
1.124151,23.834962
0.499619,24.232288
-0.000000,23.804217
0.520932,23.255469
1.086832,23.250061
22.826115,0.944006
22.805200,1.415739
23.550685,0.000000
22.840564,0.570251
23.672551,0.729065
23.838485,1.181001
23.266089,0.969116
24.231464,0.498696
23.802356,0.000000
23.300594,0.000000
23.216803,0.483653
23.690361,1.988152
