28.058686,-0.000000
27.959040,2.317114
27.671505,4.617156
27.195264,6.887606
26.532984,9.110212
25.690148,11.270310
24.671607,13.353251
23.484420,15.345051
22.137500,17.231737
20.638296,19.001778
18.999936,20.639985
17.228987,22.139906
15.342866,23.486759
13.353338,24.672415
11.268486,25.690594
9.108926,26.533977
6.886180,27.195796
4.617495,27.671798
2.317013,27.960769
-0.000000,28.060185
-0.000000,29.199481
2.413527,29.098510
4.807049,28.801247
7.168806,28.305918
9.481999,27.617102
11.729602,26.739951
13.898395,25.680038
15.971951,24.444920
17.935610,23.042077
19.776392,21.482816
21.483033,19.775511
23.042100,17.934901
24.444629,15.971110
25.679669,13.897381
26.739596,11.729741
27.616843,9.481502
28.305924,7.167902
28.800556,4.807715
29.099171,2.411905
29.198297,0.000000
14.352501,24.086947
14.937585,25.069374
14.153736,24.863833
13.857914,24.380237
15.107549,24.239194
14.508893,24.406550
14.847795,23.789558
16.957061,23.750140
14.773841,24.728338
15.458543,24.756841
16.154500,23.614277
15.561269,23.773108
15.727865,24.129720
15.293203,24.492186
14.417355,25.378837
12.816954,26.216924
16.291815,22.819446
15.823901,23.153021
17.059264,22.911613
16.473070,23.127492
16.761690,22.483425
18.860161,22.268881
16.762532,23.425922
17.451206,23.396805
18.049765,22.199347
17.469313,22.408143
16.464091,24.101929
13.129268,25.458553
12.017832,25.977461
18.120450,21.395188
17.681981,21.767703
18.893158,21.424741
18.327061,21.687649
18.562561,21.022047
20.634571,20.634791
18.639759,21.962045
19.323400,21.876194
19.821712,20.633191
19.260702,20.888857
18.396589,22.660393
17.666178,22.748511
13.754067,25.329071
13.362837,25.949523
13.526922,24.996502
12.271257,26.482615
10.607591,27.185854
12.314303,25.188399
12.834427,24.935480
12.494555,25.527361
11.798122,25.443324
12.642985,25.886830
19.825267,19.826152
19.419104,20.233248
20.596587,19.791576
20.054728,20.100105
20.233944,19.418009
22.267742,18.860741
20.389575,20.347212
21.064065,20.205782
21.457175,18.926238
20.919460,19.227275
20.205075,21.064194
19.485427,21.211225
10.990215,26.479432
11.605958,26.395017
11.175508,26.963260
9.839320,26.875296
11.384280,26.042720
10.456906,26.849838
10.042075,27.405094
21.394575,18.121557
21.022795,18.561241
22.160989,18.023222
21.646413,18.375431
21.768595,17.680566
23.749140,16.957784
21.999877,18.594335
22.660669,18.397563
22.947125,17.089786
22.435841,17.433834
21.875973,19.323709
21.169274,19.530526
10.192306,26.120068
10.729566,25.908235
10.368224,26.466362
9.656257,26.330392
10.846563,26.182472
8.325379,27.969064
22.817955,16.292310
22.484224,16.761550
23.573691,16.131788
23.089543,16.525084
23.154316,15.823199
25.068040,14.938916
23.460200,16.714330
24.102244,16.463792
24.279664,15.136550
23.798717,15.521630
23.396572,17.451722
22.709992,17.715640
8.764629,27.291181
9.387678,27.260122
8.910365,27.794438
7.585186,27.596441
9.202351,26.891501
8.206017,27.620087
7.744925,28.140626
24.085333,14.352517
23.791133,14.848261
24.824869,14.130366
24.375182,14.561817
24.381713,13.857568
26.216040,12.817426
24.760204,14.719881
25.379222,14.417222
25.446614,13.080236
24.999302,13.503371
24.757553,15.460194
24.095530,15.779725
8.000668,26.872657
8.554168,26.705264
7.448765,27.038074
5.986835,28.561418
25.188552,12.314613
24.935929,12.833387
25.907021,12.032207
25.494709,12.499410
25.442331,11.797046
27.185065,10.608915
25.890972,12.625210
26.483034,12.272070
26.439892,10.934389
26.028952,11.392862
25.949657,13.362723
25.315786,13.736459
8.142327,27.233168
8.648675,26.990225
6.480950,27.922704
7.103893,27.942660
6.584657,28.435524
5.280242,28.128950
6.949585,27.559662
5.896681,28.203451
5.395086,28.684313
26.119546,10.192592
25.910369,10.730487
26.812014,9.851802
26.440042,10.351362
26.329617,9.656112
27.968280,8.327705
26.845195,10.444315
27.405936,10.043138
27.252387,8.713780
26.880992,9.204304
26.964401,11.174308
26.363707,11.599033
5.754061,27.441801
6.319225,27.320577
5.190180,27.560491
3.607002,28.957447
26.872058,8.000118
26.708085,8.554590
27.534523,7.604225
27.204376,8.132180
27.037305,7.448593
28.560464,5.988680
27.615763,8.191679
28.141633,7.745807
27.878713,6.433159
27.549579,6.953175
27.794891,8.909002
27.231572,9.382302
5.865875,27.812382
6.390227,27.612352
4.153228,28.362396
4.771882,28.434215
4.214184,28.882651
2.939444,28.468026
4.650395,28.039802
3.548234,28.593794
3.009275,29.032620
27.441344,5.754099
27.323043,6.319892
28.068124,5.303335
27.784037,5.857237
27.558455,5.190524
28.958440,3.608943
28.198084,5.883690
28.684887,5.395141
28.315602,4.108102
28.028989,4.655115
28.436055,6.583168
27.913714,7.101033
3.469179,27.824050
4.041071,27.749078
2.896685,27.893877
1.205989,29.156214
27.823573,3.470164
27.751425,4.041431
28.409013,2.968168
28.173843,3.542495
27.893244,2.897398
29.158217,1.207879
28.588366,3.535899
29.031444,3.007781
28.556585,1.757773
28.318808,2.325165
28.882583,4.213526
28.404082,4.770150
3.549457,28.202987
4.088053,28.044945
1.796389,28.608792
2.407752,28.730782
1.811566,29.132997
0.000000,28.462512
1.158346,28.015261
0.699973,28.031392
2.320560,28.329303
1.734957,27.989779
0.844030,28.694889
1.361925,28.842964
0.599491,29.181430
0.000000,28.826295
0.638611,28.372927
1.325165,28.360801
28.014949,1.159079
27.988427,1.736190
28.616944,0.000000
28.032100,0.699840
28.716993,0.884483
28.844997,1.430965
28.376287,1.181520
29.180982,0.597149
28.824087,0.000000
28.412547,0.000000
28.342163,0.593708
28.701845,2.408017
