28.838746,-0.000000
28.736325,2.381592
28.440808,4.745526
27.951318,7.079159
27.270621,9.363584
26.404360,11.583724
25.357498,13.724575
24.137293,15.771750
22.752918,17.710884
21.212067,19.530105
19.528157,21.213842
17.707942,22.755468
15.769418,24.139749
13.724685,25.358316
11.581743,26.404836
9.362175,27.271651
7.077588,27.951856
4.745865,28.441100
2.381504,28.738124
0.000000,28.840277
-0.000000,29.949742
2.475643,29.846359
4.930555,29.541469
7.353037,29.033420
9.725706,28.326905
12.031069,27.427205
14.255665,26.340035
16.382539,25.073121
18.396619,23.634232
20.284702,22.034923
22.035190,20.283721
23.634280,18.395855
25.072864,16.381613
26.339657,14.254585
27.426806,12.031257
28.326614,9.725244
29.033427,7.352145
29.540707,4.931381
29.847101,2.473997
29.948652,0.000000
14.751828,24.757010
15.321768,25.714101
14.532303,25.528821
14.243712,25.058283
15.512971,24.889547
14.902765,25.069099
15.260584,24.451434
17.393180,24.360907
15.163747,25.380899
15.856319,25.393253
16.586527,24.245790
15.983200,24.417579
16.143082,24.766585
15.695006,25.135353
14.787919,26.031644
13.146647,26.891136
16.745055,23.454275
16.264412,23.796900
17.517000,23.526270
16.920196,23.755287
17.227757,23.109019
19.345219,22.841580
17.204932,24.044072
17.900226,23.998311
18.532488,22.793019
17.942909,23.015610
16.887276,24.721909
13.479635,26.137848
12.339028,26.671637
18.624547,21.990408
18.174185,22.373032
19.400016,21.999513
18.824514,22.276377
19.078761,21.607033
21.165262,21.165433
19.131720,22.541583
19.820568,22.438585
20.351833,21.185012
19.782884,21.455135
18.869439,23.243369
18.132482,23.348937
14.116690,25.996756
13.706834,26.616700
13.893521,25.673751
12.586576,27.163790
10.880474,27.884993
12.656927,25.889048
13.191281,25.629305
12.833139,26.218880
12.126693,26.151056
12.976584,26.569762
20.376800,20.377717
19.959574,20.795907
21.149184,20.322542
20.599072,20.645759
20.796624,19.958385
22.840387,19.345810
20.927682,20.884112
21.605960,20.725226
22.031012,19.432410
21.486600,19.748526
20.724464,21.606158
19.999743,21.771084
11.282985,27.184641
11.911640,27.090222
11.463292,27.656449
10.102370,27.593584
11.692634,26.748304
10.732792,27.557945
10.300034,28.109957
21.989753,18.625739
21.607847,19.077360
22.755505,18.506769
22.233959,18.874289
22.373975,18.172620
24.359888,17.393915
22.580470,19.084999
23.243625,18.870463
23.560811,17.546850
23.044070,17.906465
22.438369,19.820937
21.728026,20.046051
10.475949,26.846689
11.027767,26.628963
10.649169,27.183241
9.925215,27.062797
11.142078,26.895835
8.539481,28.688358
23.452717,16.745597
23.109908,17.227604
24.206112,16.564585
23.716236,16.973730
23.798269,16.263641
25.712686,15.323171
24.079302,17.155402
24.722223,16.886973
24.928973,15.541414
24.443893,15.942442
23.998082,17.900824
23.309383,18.183274
8.998218,28.018300
9.634929,27.978247
9.139923,28.509022
7.787946,28.333976
9.451611,27.620071
8.422560,28.348542
7.943854,28.864346
24.755351,14.751847
24.453140,15.261099
25.490859,14.509510
25.036780,14.957176
25.059822,14.243363
26.890226,13.147111
25.413608,15.108333
26.032023,14.787788
26.127131,13.430110
25.677029,13.869471
25.394069,15.858104
24.731497,16.196286
8.223343,27.620195
8.791896,27.448111
7.656306,27.790198
6.140765,29.295962
25.889276,12.657258
25.629756,13.190183
26.602028,12.355052
26.186715,12.838799
26.149933,12.125526
27.884179,10.881823
26.574222,12.958387
27.164204,12.587438
27.146988,11.226879
26.734585,11.701738
26.616874,13.706725
25.983965,14.099108
8.363019,27.970842
8.884210,27.725474
6.653689,28.666633
7.290945,28.678755
6.754425,29.166618
5.421404,28.880739
7.137811,28.306319
6.052286,28.947296
5.533610,29.421993
26.846184,10.476217
26.631277,11.028753
27.531296,10.116139
27.157716,10.632461
27.061930,9.925049
28.687532,8.541967
27.553628,10.719948
28.110829,10.301179
27.981196,8.946877
27.609733,9.453848
27.657738,11.462033
27.059535,11.905268
5.914218,28.205177
6.494797,28.080536
5.334888,28.327164
3.699614,29.702179
27.619600,8.222703
27.451175,8.792355
28.273221,7.808301
27.942770,8.353002
27.789369,7.656133
29.294972,6.142737
28.344518,8.407866
28.865417,7.944782
28.624266,6.605266
28.296432,7.141677
28.509609,9.138445
27.950327,9.630045
6.024879,28.565735
6.564265,28.364571
4.263905,29.118025
4.897451,29.183235
4.323059,29.625282
3.018028,29.228869
4.776381,28.799462
3.641927,29.347957
3.086540,29.779267
28.204756,5.914223
28.083224,6.495479
28.821101,5.445626
28.538220,6.016280
28.324985,5.335269
29.703256,3.701780
28.942234,6.038980
29.422624,5.533614
29.072915,4.217956
28.788812,4.781365
29.167281,6.752820
28.650493,7.288518
3.565799,28.598111
4.153236,28.520940
2.977584,28.669765
1.236990,29.905995
28.597640,3.566834
28.523509,4.153613
29.171168,3.047856
28.938643,3.638720
28.669171,2.978326
29.908225,1.239037
29.342854,3.629313
29.778065,3.084897
29.320221,1.804882
29.086496,2.388301
29.625336,4.322295
29.153749,4.896100
3.645689,28.966979
4.199379,28.808937
1.844374,29.371075
2.471056,29.487652
1.858392,29.882188
0.000000,29.231444
1.190655,28.794567
0.719536,28.811134
2.383510,29.096818
1.782901,28.768429
0.866290,29.457291
1.397870,29.600449
0.614629,29.931886
0.000000,29.585739
0.656312,29.143859
1.361046,29.130797
28.794330,1.191423
28.767067,1.784252
29.381788,0.000000
28.811955,0.719388
29.479029,0.907942
29.602305,1.468764
29.146256,1.213476
29.931479,0.612087
29.583528,0.000000
29.182863,0.000000
29.114070,0.610251
29.459470,2.471519
