20.009951,0.000000
19.941906,1.652429
19.736808,3.293551
19.397643,4.912164
18.925412,6.497259
18.324117,8.037932
17.597757,9.523677
16.751335,10.944489
15.790857,12.290166
14.721326,13.552802
13.552746,14.721393
12.290120,15.790938
10.944453,16.751428
9.523651,17.597860
8.037910,18.324230
6.497243,18.925540
4.912152,19.397783
3.293545,19.736958
1.652425,19.942068
-0.000000,20.010117
-0.000000,21.579389
1.781974,21.505350
3.551835,21.285249
5.297386,20.919086
7.006820,20.409858
8.668333,19.761572
10.270420,18.978225
11.803074,18.065822
13.254691,17.029364
14.615271,15.876860
15.876807,14.615311
17.029297,13.254721
18.065740,11.803094
18.978130,10.270432
19.761464,8.668340
20.409737,7.006820
20.918951,5.297381
21.285101,3.551831
21.505192,1.781967
21.579222,-0.000000
10.234059,17.174655
11.036750,18.522033
10.280210,18.059931
9.878862,17.386259
10.956948,17.580265
10.466916,17.606195
10.589258,16.963044
12.528888,17.547603
10.794646,18.068429
11.419916,18.293927
11.734735,17.153356
11.233107,17.161345
11.491064,17.630607
11.196412,17.934703
10.653586,18.750134
9.469380,19.369909
11.617295,16.271192
11.280882,16.511311
12.373267,16.618895
11.885006,16.684287
11.953711,16.031070
13.934987,16.453121
12.247702,17.117478
12.891796,17.288485
13.110956,16.125989
12.611289,16.176594
12.165982,17.806716
9.546125,18.511855
8.731945,18.876726
12.921442,15.256172
12.605789,15.523557
13.704475,15.540559
13.222832,15.645893
13.237100,14.988788
15.246045,15.246094
13.619219,16.047642
14.275135,16.164993
14.398147,14.987761
13.904323,15.079663
13.594838,16.741247
12.908500,16.621534
10.055410,18.516901
9.869906,19.174070
9.767270,18.048965
9.068855,19.565745
7.837577,20.085726
8.780785,17.961055
9.152222,17.779463
9.021885,18.432843
8.409357,18.142648
9.238845,18.917049
14.137046,14.137105
13.844905,14.429251
14.939763,14.355545
14.469033,14.500434
14.429191,13.844959
16.453058,13.935024
14.898157,14.867954
15.561433,14.930704
15.586326,13.747823
15.101818,13.880105
14.930658,15.561483
14.237771,15.498200
7.997602,19.269163
8.488331,19.304076
8.252964,19.923652
7.148554,19.527382
8.221658,18.805240
7.641571,19.623587
7.422197,20.247798
15.256102,12.921491
14.988722,13.237148
16.074822,13.072866
15.617373,13.256091
15.523485,12.605833
17.547527,12.528915
16.074831,13.587072
16.741185,13.594873
16.668600,12.413871
16.196617,12.585559
16.164936,14.275174
15.468176,14.269983
7.267581,18.624896
7.652747,18.474567
7.486545,19.112261
6.882419,18.775224
7.811250,18.856147
6.152101,20.664484
16.271107,11.617333
16.030991,11.953751
17.099472,11.700793
16.658663,11.921198
16.511228,11.280917
18.521943,11.036770
17.142059,12.213191
17.806640,12.166005
17.636429,10.994611
17.180353,11.205018
17.288414,12.891823
16.594131,12.943831
6.376730,19.856573
6.866251,19.934823
6.579469,20.537175
5.511058,20.051724
6.645704,19.417911
5.996175,20.186183
5.724741,20.791788
17.174557,10.234087
16.962955,10.589290
18.006714,10.248583
17.585834,10.504636
17.386164,9.878888
19.369806,9.469391
18.091764,10.755657
18.750045,10.653601
18.483909,9.500795
18.046724,9.747923
18.293843,11.419938
17.606367,11.529034
5.704701,19.161673
6.100974,19.043608
5.308433,19.279733
4.424607,21.102180
17.960948,8.780808
17.779360,9.152244
18.791602,8.726706
18.393178,9.016576
18.142537,8.409376
20.085610,7.837585
18.917835,9.225035
19.565641,9.068865
19.205347,7.942047
18.790046,8.224436
19.173972,9.869918
18.497614,10.035742
5.878845,19.665426
6.229402,19.439820
4.715347,20.316244
5.196478,20.434390
4.861004,21.010637
3.836241,20.438457
5.019032,19.900836
4.308489,20.612721
3.988219,21.193718
18.624775,7.267598
18.474454,7.652766
19.448217,7.145153
19.075024,7.466910
18.775101,6.882434
20.664355,6.152105
19.615011,7.631400
20.247681,7.422201
19.795734,6.328989
19.405150,6.644711
19.923541,8.252967
19.263243,8.474033
4.102851,19.567383
4.507502,19.482583
3.698203,19.652176
2.666899,21.395310
19.161539,5.704713
19.043483,6.100987
19.972097,5.514766
19.626699,5.866202
19.279597,5.308444
21.102036,4.424607
20.178330,5.985605
20.791658,5.724742
20.251088,4.672767
19.887878,5.019605
20.537049,6.579468
19.897250,6.854322
4.235045,20.083951
4.602614,19.887821
3.021877,20.636651
3.491502,20.793995
3.109374,21.340287
2.135957,20.685205
3.358357,20.247226
2.591890,20.898088
2.224435,21.450337
19.567237,4.102859
19.482445,4.507512
20.359580,3.846482
20.044309,4.225390
19.652025,3.698210
21.395158,2.666897
20.603888,4.298785
21.193574,3.988217
20.567462,2.984150
20.234310,3.360029
21.010497,4.860999
20.395602,5.187912
2.472987,19.839525
2.883265,19.788242
2.062710,19.890799
0.890986,21.542380
19.839369,2.472994
19.788093,2.883271
20.607317,2.152292
20.324603,2.555667
19.890639,2.062716
21.542220,0.890987
20.888410,2.582606
21.450178,2.224430
20.744174,1.276165
20.442976,1.677835
21.340134,3.109370
20.754488,3.485497
2.562741,20.365057
2.944772,20.199614
1.307015,20.814463
1.762165,21.010510
1.336481,21.523874
0.000000,20.579825
0.826211,19.976097
0.499823,19.989529
1.675574,20.455637
1.239317,19.959082
0.616451,20.903148
0.995220,21.119218
0.445490,21.560887
-0.000000,21.079596
0.456527,20.459289
0.956487,20.458325
19.975933,0.826213
19.958918,1.239321
20.794557,0.000000
19.989368,0.499823
20.931682,0.644494
21.124928,1.045652
20.476070,0.852748
21.560724,0.445485
21.079426,0.000000
20.509696,0.000000
20.415801,0.423339
20.971170,1.760411
