20.954815,-0.000000
20.882596,1.730479
20.667927,3.448932
20.312697,5.144059
19.818216,6.803973
19.188610,8.417350
18.427935,9.973126
17.541431,11.460892
16.535519,12.870047
15.415521,14.192248
14.191801,15.415973
12.869504,16.536110
11.460462,17.542055
9.973025,18.428334
8.416989,19.188902
6.803703,19.818707
5.143790,20.313215
3.448886,20.668530
1.730357,20.883608
0.000000,20.955891
-0.000000,22.459354
1.854983,22.381807
3.696826,22.152759
5.513412,21.771649
7.292496,21.241690
9.021574,20.566998
10.689082,19.751729
12.284068,18.802044
13.794728,17.723182
15.210669,16.523702
16.523537,15.210716
17.722971,13.794749
18.801711,12.284078
19.751431,10.689028
20.566751,9.021654
21.241413,7.292388
21.771294,5.513192
22.152204,3.696734
22.381195,1.854570
22.458187,0.000000
10.717364,17.986220
11.486862,19.277777
10.730842,18.851658
10.345798,18.207381
11.440118,18.355696
10.938650,18.400204
11.089108,17.764397
13.039821,18.263485
11.256279,18.841273
11.885885,19.039910
12.248798,17.905055
11.738021,17.932915
11.982496,18.384688
11.671189,18.694851
11.088025,19.515200
9.855672,20.160319
12.165807,17.039907
11.813903,17.291026
12.918679,17.351501
12.420388,17.436471
12.517982,16.788434
14.503217,17.124301
12.771439,17.849418
13.417869,17.993475
13.685394,16.832463
13.177949,16.903648
12.662050,18.533207
9.962742,19.319776
9.114131,19.702797
13.531478,15.976689
13.201346,16.256539
14.308357,16.225530
13.818368,16.351080
13.862142,15.696870
15.867720,15.867981
14.201566,16.733819
14.857562,16.824107
15.028934,15.644450
14.529085,15.757426
14.148899,17.424224
13.460244,17.332320
10.484260,19.307172
10.272958,19.956215
10.205767,18.859723
9.438477,20.364139
8.157131,20.905363
9.195455,18.809581
9.584540,18.619509
9.426934,19.260810
8.807031,18.999809
9.633713,19.725875
14.804505,14.804803
14.498954,15.110531
15.598121,14.988368
15.120795,15.153994
15.110477,14.498993
17.123920,14.503475
15.535115,15.503638
16.196297,15.539480
16.269148,14.350195
15.780412,14.503931
15.539232,16.196387
14.846333,16.160932
8.345382,20.107554
8.849778,20.126458
8.590206,20.736304
7.461492,20.382277
8.590564,19.649763
7.968170,20.462117
7.724579,21.073918
15.976428,13.531766
15.696759,13.862098
16.783190,13.649128
16.320893,13.853575
16.256477,13.201379
18.263078,13.040076
16.762104,14.167979
17.424149,14.149182
17.398879,12.957787
16.924430,13.151173
16.823880,14.857679
16.129331,14.880207
7.610743,19.504870
8.013961,19.347231
7.822670,19.970451
7.207906,19.662275
8.165864,19.712164
6.402810,21.507704
17.039420,12.165966
16.788275,12.518117
17.853070,12.216641
17.409130,12.458520
17.291003,11.813967
19.277346,11.487195
17.874983,12.735408
18.533064,12.662088
18.409229,11.476456
17.952472,11.708629
17.993199,13.417977
17.303426,13.497375
6.654265,20.721096
7.158543,20.784475
6.848402,21.375015
5.752281,20.929513
6.943944,20.290050
6.252541,21.048814
5.957903,21.640033
17.985685,10.717434
17.764349,11.089269
18.800454,10.700542
18.378248,10.978206
18.207392,10.345827
20.159935,9.855883
18.865434,11.215634
19.515074,11.088094
19.293969,9.917253
18.857943,10.186116
19.039725,11.886193
18.359032,12.022165
5.974088,20.067003
6.389012,19.943012
5.559550,20.190604
4.604811,21.963253
18.809322,9.195590
18.619375,9.584464
19.620018,9.111611
19.222102,9.423148
18.999514,8.806999
20.904984,8.157477
19.726929,9.619599
20.364000,9.438694
20.047029,8.290206
19.634709,8.594164
19.955953,10.273016
19.288558,10.465128
6.142838,20.548602
6.512020,20.321934
4.920518,21.200767
5.417580,21.305233
5.059859,21.867838
4.004171,21.333236
5.244230,20.794563
4.492767,21.493548
4.150632,22.058354
19.504477,7.610947
19.347265,8.014228
20.305519,7.460347
19.934704,7.803626
19.661928,7.208012
21.507276,6.403180
20.453938,7.957821
21.073827,7.724787
20.663217,6.606464
20.277403,6.943390
20.736150,8.590092
20.086995,8.836634
4.296559,20.491945
4.720198,20.402690
3.873185,20.580679
2.775378,22.268266
20.066532,5.974181
19.943075,6.389167
20.852429,5.758048
20.511165,6.130742
20.190149,5.559634
21.962657,4.605070
21.041233,6.241575
21.639874,5.958053
21.138346,4.877539
20.781765,5.245241
21.374651,6.848267
20.748086,7.147623
4.425245,20.985887
4.811444,20.790275
3.153335,21.535056
3.639906,21.680198
3.236792,22.211139
2.229324,21.590736
3.509064,21.156649
2.702864,21.791129
2.315079,22.325694
20.491349,4.296699
20.402591,4.720426
21.256851,4.016097
20.947598,4.415881
20.579897,3.873307
22.267814,2.775518
21.484846,4.482681
22.057953,4.150669
21.468677,3.114905
21.143633,3.511175
21.867387,5.059642
21.267682,5.409871
2.589852,20.777065
3.019227,20.722840
2.160483,20.830451
0.927378,22.421456
20.776343,2.590113
20.722574,3.019387
21.515214,2.247252
21.240670,2.670816
20.829608,2.160695
22.420887,0.927597
21.781589,2.693196
22.324824,2.314830
21.652732,1.332174
21.361706,1.753345
22.210429,3.236690
21.641752,3.634464
2.677774,21.279889
3.078300,21.116237
1.363734,21.721011
1.837020,21.906052
1.391314,22.402511
0.000000,21.499306
0.865021,20.920185
0.523074,20.933715
1.750738,21.374637
1.297542,20.901908
0.642922,21.808938
1.037729,22.014901
0.463351,22.440706
0.000000,21.978352
0.477820,21.383662
0.999575,21.381121
20.919264,0.865169
20.900865,1.297760
21.704007,0.000000
20.932985,0.523052
21.835741,0.672403
22.019301,1.090242
21.397707,0.891246
22.439792,0.463019
21.977002,0.000000
21.431656,0.000000
21.341372,0.443294
21.867710,1.835508
