21.213404,0.000000
21.140072,1.751825
20.922760,3.491433
20.563116,5.207493
20.062529,6.887878
19.425167,8.521150
18.655107,10.096098
17.757651,11.602196
16.739323,13.028726
15.605524,14.367225
14.366717,15.606029
13.028089,16.739994
11.601694,17.758356
10.096007,18.655523
8.520730,19.425443
6.887571,20.063032
5.207183,20.563623
3.491402,20.923337
1.751690,21.141125
0.000000,21.214519
-0.000000,22.700887
1.875021,22.622410
3.736633,22.390923
5.572735,22.005722
7.370952,21.470078
9.118592,20.788142
10.804067,19.964117
12.416184,19.004211
13.943072,17.913726
15.374231,16.701354
16.701203,15.374242
17.913527,13.943058
19.003869,12.416161
19.963824,10.803969
20.787917,9.118669
21.469832,7.370807
22.005409,5.572464
22.390394,3.736537
22.621858,1.874519
22.699663,-0.000000
10.849631,18.208231
11.610488,19.485290
10.854399,19.068668
10.473586,18.432005
11.572580,18.568211
11.067906,18.617681
11.225901,17.983623
13.180161,18.460071
11.382928,19.053237
12.013871,19.244747
12.389760,18.111114
11.876383,18.144277
12.117328,18.591519
11.801475,18.903383
11.207338,19.725273
9.961765,20.377334
12.315931,17.250214
11.959790,17.504338
13.068219,17.552306
12.567096,17.642513
12.672416,16.995644
14.659309,17.308626
12.915137,18.050186
13.562371,18.187073
13.842920,17.026147
13.333243,17.102838
12.798298,18.732708
10.076985,19.541245
9.218924,19.929222
13.698445,16.173833
13.364356,16.457083
14.473936,16.413293
13.981571,16.544270
14.033208,15.890614
16.038498,16.038772
14.361356,16.922050
15.017556,17.005119
15.201917,15.824493
14.700308,15.943122
14.301093,17.611795
13.611639,17.527298
10.601926,19.523925
10.383657,20.170963
10.325930,19.081806
9.539988,20.583348
8.244899,21.130395
9.308934,19.041696
9.702839,18.849311
9.537929,19.487602
8.915859,19.234284
9.742045,19.947696
14.987185,14.987503
14.677967,15.296941
15.778637,15.161840
15.299403,15.333048
15.296934,14.677957
17.308209,14.659589
15.709892,15.678022
16.370698,15.706671
16.456397,14.515347
15.966384,14.674855
15.706409,16.370762
15.013324,16.342737
8.440756,20.337380
8.948950,20.352023
8.682830,20.959419
7.547298,20.616594
8.691651,19.881093
8.057769,20.692082
7.807623,21.300735
16.173569,13.698757
15.890542,14.033099
16.977411,13.807095
16.513678,14.017267
16.457075,13.364341
18.459631,13.180445
16.950683,14.327337
17.611760,14.301407
17.599132,13.106907
17.123881,13.306146
17.004894,15.017661
16.310754,15.047611
7.704655,19.745582
8.112803,19.585950
7.914777,20.205521
7.296981,19.904920
8.263002,19.946574
6.471668,21.739206
17.249679,12.316090
16.995522,12.672539
18.059677,12.358039
17.614766,12.605726
17.504387,11.959826
19.484825,11.610873
18.076076,12.878657
18.732599,12.798312
18.621122,11.608550
18.164047,11.846607
18.186797,13.562475
17.498050,13.649226
6.730373,20.958078
7.238742,21.017508
6.922265,21.605035
5.818422,21.170100
7.025665,20.528935
6.322871,21.285383
6.021935,21.872917
18.207642,10.849685
17.983648,11.226066
19.018046,10.824418
18.595357,11.107936
18.432103,10.473586
20.376935,9.962001
19.077685,11.341799
19.725193,11.207394
19.516060,10.031411
19.080213,10.306159
19.244596,12.014227
18.565539,12.157433
6.047810,20.314644
6.467829,20.189042
5.628275,20.439761
4.654301,22.199648
19.041459,9.309069
18.849228,9.702709
19.847103,9.217099
19.449199,9.534515
19.233998,8.915783
21.130013,8.245312
19.948883,9.727815
20.583259,9.540235
20.277787,8.385638
19.866134,8.695444
20.170720,10.383701
19.505546,10.582901
6.215180,20.790506
6.589439,20.563490
4.976783,21.443222
5.478246,21.544073
5.114473,22.103165
4.050217,21.578468
5.305938,21.039356
4.543317,21.735098
4.195228,22.295727
19.745191,7.704874
19.586092,8.113103
20.540527,7.546729
20.170229,7.895855
19.904589,7.297079
21.738784,6.472129
20.684074,8.047347
21.300719,7.807870
20.901059,6.682522
20.516398,7.025206
20.959320,8.682664
20.312974,8.936085
4.349574,20.744835
4.778402,20.654376
3.921079,20.834648
2.805164,22.507908
20.314178,6.047892
20.189243,6.467993
21.093768,5.824725
20.753492,6.203198
20.439321,5.628350
22.199051,4.654635
21.277961,6.311782
21.872841,6.022121
21.381632,4.933673
21.026704,5.307048
21.604695,6.922084
20.981503,7.228069
4.477366,21.232920
4.868649,21.037394
3.189386,21.781304
3.680624,21.923236
3.271784,22.450196
2.254929,21.838901
3.550360,21.405725
2.733303,22.036013
2.339962,22.565989
20.744248,4.349722
20.654404,4.778660
21.502855,4.062586
21.195105,4.468058
20.833833,3.921208
22.507536,2.805359
21.726552,4.533124
22.295387,4.195281
21.715813,3.150751
21.392824,3.552577
22.102749,5.114203
21.506945,5.470753
2.621837,21.033490
3.056433,20.978474
2.187248,21.087457
0.937366,22.662755
21.032782,2.622144
20.978330,3.056610
21.764164,2.273283
21.491696,2.702359
21.086609,2.187495
22.662276,0.937651
22.026669,2.723534
22.565103,2.339663
21.901903,1.347529
21.613498,1.774031
22.449495,3.271668
21.885202,3.675332
2.709301,21.530434
3.114880,21.367220
1.379297,21.969464
1.857555,22.151636
1.406366,22.643688
0.000000,21.751138
0.875655,21.178380
0.529453,21.191949
1.771338,21.626316
1.313479,21.159779
0.650179,22.057207
1.049392,22.260530
0.468247,22.682210
0.000000,22.224795
0.483651,21.636760
1.011376,21.633810
21.177459,0.875834
21.158699,1.313742
21.953439,0.000000
21.191268,0.529423
22.083761,0.680057
22.264788,1.102484
21.650296,0.901784
22.681298,0.467831
22.223348,0.000000
21.684326,0.000000
21.594982,0.448756
22.113732,1.856111
