20.019804,-0.000000
19.951715,1.653249
19.746520,3.295183
19.407191,4.914601
18.934731,6.500482
18.333143,8.041920
17.606427,9.528401
16.759587,10.949918
15.798636,12.296264
14.728579,13.559529
13.559425,14.728704
12.296177,15.798786
10.949850,16.759761
9.528354,17.606618
8.041879,18.333354
6.500453,18.934969
4.914579,19.407451
3.295172,19.746801
1.653242,19.952019
0.000000,20.020114
0.000000,21.588667
1.782739,21.514589
3.553354,21.294392
5.299647,20.928066
7.009809,20.418616
8.672025,19.770046
10.274794,18.986357
11.808096,18.073556
13.260325,17.036646
14.621478,15.883645
15.883545,14.621553
17.036521,13.260380
18.073403,11.808133
18.986180,10.274816
19.769845,8.672039
20.418389,7.009809
20.927814,5.299638
21.294114,3.553345
21.514295,1.782725
21.588355,0.000000
10.239115,17.183211
11.041451,18.529975
10.284920,18.068265
9.883748,17.394917
10.961998,17.588426
10.471848,17.614557
10.594487,16.971491
12.534220,17.555121
10.799470,18.076559
11.424782,18.301765
11.740105,17.161264
11.238384,17.169467
11.496197,17.638537
11.201371,17.942697
10.658124,18.758176
9.473417,19.378222
11.623031,16.279291
11.286457,16.519527
12.378964,16.626600
11.890600,16.692204
11.959611,16.039048
13.940912,16.460163
12.253170,17.125172
12.897284,17.295887
13.116953,16.133415
12.617208,16.184243
12.171160,17.814347
9.550481,18.520362
8.735942,18.885428
12.927818,15.263758
12.612015,15.531275
13.710779,15.547758
13.229051,15.653309
13.243633,14.996243
15.252524,15.252615
13.625296,16.054850
14.281208,16.171908
14.404730,14.994660
13.910846,15.086788
13.600617,16.748415
12.914259,16.629003
10.059892,18.525217
9.874118,19.182295
9.771855,18.057505
9.072718,19.574143
7.840919,20.094353
8.785126,17.970006
9.156747,17.788323
9.026122,18.441568
8.413520,18.151691
9.242974,18.925564
14.144020,14.144132
13.851740,14.436421
14.946632,14.362192
14.475837,14.507303
14.436310,13.851841
16.460047,13.940982
14.904801,14.874627
15.568049,14.937087
15.593449,13.754147
15.108901,13.886660
14.937001,15.568142
14.244120,15.505159
8.001240,19.277996
8.492111,19.312736
8.256490,19.932203
7.151828,19.536393
8.225518,18.814141
7.644988,19.632419
7.425359,20.256493
15.263627,12.927910
14.996119,13.243722
16.082211,13.078916
15.624715,13.262368
15.531142,12.612097
17.554979,12.534271
16.081996,13.593167
16.748299,13.600683
16.676216,12.419580
16.204212,12.591500
16.171800,14.281279
15.475071,14.276388
7.271174,18.634184
7.656529,18.483776
7.490063,19.121310
6.885828,18.784588
7.814962,18.865173
6.154725,20.673364
16.279132,11.623101
16.038901,11.959686
17.107331,11.706208
16.666493,11.926841
16.519373,11.286522
18.529808,11.041488
17.149698,12.218669
17.814204,12.171203
17.644487,10.999667
17.188408,11.210306
17.295754,12.897337
16.601525,12.949638
6.379635,19.865687
6.869309,19.943774
6.582282,20.545997
5.513583,20.060980
6.648826,19.427110
5.998859,20.195275
5.727181,20.800722
17.183029,10.239168
16.971325,10.594546
18.014990,10.253326
17.594101,10.509608
17.394741,9.883796
19.378030,9.473438
18.099826,10.760481
18.758009,10.658152
18.492354,9.505164
18.055187,9.752523
18.301609,11.424822
17.614211,11.534206
5.707523,19.171233
6.103991,19.053104
5.311064,19.289352
4.426494,21.111253
17.969806,8.785168
17.788132,9.156787
18.800238,8.730745
18.401825,9.020844
18.151486,8.413555
20.094137,7.840933
18.926265,9.229172
19.573951,9.072737
19.214119,7.945699
18.798855,8.228317
19.182112,9.874139
18.505856,10.040244
5.881609,19.674743
6.232361,19.449126
4.717496,20.325573
5.198792,20.443570
4.863086,21.019667
3.838000,20.447897
5.021390,19.910266
4.310419,20.622009
3.989920,21.202829
18.633958,7.271207
18.483566,7.656566
19.457152,7.148459
19.083989,7.470445
18.784358,6.885856
20.673122,6.154732
19.623750,7.634821
20.256277,7.425369
19.804772,6.331899
19.414243,6.647846
19.931998,8.256497
19.271824,8.477834
4.104880,19.577150
4.509730,19.492302
3.700036,19.661985
2.668035,21.404512
19.170984,5.707545
19.052872,6.104016
19.981269,5.517317
19.635920,5.868978
19.289099,5.311084
21.110984,4.426494
20.187315,5.988287
20.800480,5.727182
20.260328,4.674914
19.897193,5.021972
20.545762,6.582280
19.906111,6.857395
4.237037,20.093470
4.604801,19.897346
3.023254,20.646131
3.493056,20.803341
3.110708,21.349466
2.136935,20.694762
3.359936,20.256826
2.593052,20.907508
2.225385,21.459565
19.576878,4.104896
19.492045,4.509750
20.368924,3.848260
20.053722,4.227389
19.661704,3.700050
21.404228,2.668032
20.613057,4.300710
21.202560,3.989915
20.576844,2.985521
20.243783,3.361614
21.019407,4.863077
20.404681,5.190237
2.474212,19.849433
2.884690,19.798118
2.063734,19.900729
0.891367,21.551649
19.849141,2.474225
19.797839,2.884702
20.616769,2.153287
20.334146,2.556874
19.900431,2.063745
21.551350,0.891369
20.897703,2.583764
21.459268,2.225374
20.753630,1.276752
20.452545,1.678627
21.349180,3.110700
20.763721,3.487057
2.563945,20.374716
2.946171,20.209293
1.307609,20.824031
1.762949,21.019957
1.337056,21.533137
0.000000,20.589534
0.826617,19.986076
0.500066,19.999509
1.676361,20.465341
1.239927,19.969047
0.616729,20.912708
0.995666,21.128667
0.445677,21.570164
0.000000,21.089079
0.456750,20.469052
0.956939,20.468070
19.985770,0.826622
19.968740,1.239935
20.804022,0.000000
19.999207,0.500066
20.941089,0.644786
21.134229,1.046119
20.485668,0.853152
21.569858,0.445669
21.088761,0.000000
20.519298,0.000000
20.425442,0.423549
20.980496,1.761197
