20.182208,-0.000000
20.113391,1.666679
19.906570,3.321916
19.564497,4.954495
19.088228,6.553244
18.481779,8.107181
17.749158,9.605696
16.895413,11.038718
15.926634,12.395973
14.847890,13.669480
13.669253,14.848142
12.395748,15.926939
11.038535,16.895752
9.605594,17.749481
8.107041,18.482112
6.553134,19.088646
4.954398,19.564973
3.321874,19.907118
1.666636,20.114067
-0.000000,20.182916
-0.000000,21.739772
1.795272,21.665074
3.578235,21.443323
5.336709,21.074414
7.058814,20.561389
8.732613,19.908273
10.346597,19.119089
11.890578,18.199871
13.352921,17.155667
14.723556,15.994598
15.994423,14.723683
17.155456,13.353018
18.199605,11.890654
19.118802,10.346641
19.907964,8.732663
20.561031,7.058803
21.073985,5.336658
21.442795,3.578196
21.664480,1.795173
21.739045,-0.000000
10.322186,17.322818
11.118643,18.659653
10.362286,18.204281
9.964006,17.536171
11.044953,17.721649
10.552869,17.751030
10.680403,17.109334
12.621832,17.677938
10.878692,18.209273
11.504690,18.429762
11.828350,17.290382
11.325096,17.302063
11.580528,17.768018
11.282836,18.073206
10.732634,18.889456
9.539672,19.513868
11.717302,16.411507
11.378065,16.653640
12.472595,16.752442
11.982544,16.821466
12.056592,16.169305
14.038338,16.575298
12.343042,17.250840
12.987490,17.416832
13.215554,16.254746
12.714514,16.309167
12.256229,17.938987
9.622004,18.659159
8.801559,19.027356
13.032661,15.387665
12.714367,15.657332
13.814441,15.665403
13.331317,15.774477
13.351058,15.118008
15.359108,15.359290
13.725215,16.172646
14.381065,16.284971
14.512999,15.107431
14.018126,15.203232
13.695617,16.865571
13.008928,16.751030
10.133487,18.660927
9.943245,19.316518
9.847165,18.196855
9.136117,19.711163
7.895729,20.235031
8.856405,18.115985
9.231063,17.932837
9.095689,18.583883
8.481878,18.299160
9.310743,19.064475
14.258736,14.258945
13.964148,14.553574
15.059647,14.470876
14.587760,14.619592
14.553407,13.964303
16.575067,14.038494
15.014087,14.983749
15.676894,15.041512
15.710654,13.857591
15.225429,13.993832
15.041341,15.677046
14.348532,15.618925
8.060946,19.422037
8.554143,19.453970
8.314334,20.071679
7.205559,19.683289
8.288880,18.959308
7.701046,19.776445
7.477229,20.398285
15.387439,13.032846
15.117815,13.351185
16.203820,13.177888
15.745535,13.365021
15.657138,12.714500
17.677673,12.621966
16.199921,13.692887
16.865396,13.695772
16.801580,12.512990
16.329204,12.688674
16.284777,14.381197
15.588508,14.381137
7.330163,18.785587
7.718624,18.633916
7.547796,19.268832
6.941779,18.937212
7.875883,19.012346
6.197731,20.818105
16.411208,11.717440
16.169076,12.056732
17.236721,11.794811
16.795390,12.019163
16.653426,11.378183
18.659354,11.118773
17.275470,12.308322
17.938767,12.256314
17.777169,11.082426
17.321027,11.296836
17.416599,12.987597
16.723231,13.044663
6.427285,20.014233
6.919475,20.089710
6.628414,20.689813
5.555003,20.211825
6.700054,19.577039
6.042865,20.343456
5.767182,20.946327
17.322482,10.322289
17.109100,10.680528
18.151290,10.330965
17.730222,10.590986
17.535937,9.964098
19.513548,9.539759
18.232610,10.839459
18.889211,10.732707
18.631450,9.576702
18.194538,9.827822
18.429518,11.504818
17.743377,11.618870
5.753831,19.327013
6.153509,19.207857
5.354230,19.446088
4.457410,21.259074
18.115674,8.856507
17.932560,9.231126
18.942504,8.796872
18.544230,9.090717
18.298836,8.481946
20.234674,7.895822
19.065143,9.296925
19.710882,9.136200
19.358649,8.005508
18.943959,8.291857
19.316229,9.943306
18.641609,10.113973
5.926954,19.826576
6.280915,19.600798
4.752723,20.477571
5.236743,20.593159
4.897200,21.166823
3.866836,20.601679
5.060073,20.063920
4.342054,20.773331
4.017788,21.351265
18.785211,7.330268
18.633635,7.718744
19.604377,7.202612
19.231678,7.528317
18.936836,6.941861
20.817689,6.197806
19.767750,7.690874
20.397975,7.477288
19.953723,6.379565
19.564081,6.699178
20.071375,8.314342
19.413218,8.540099
4.138178,19.736256
4.546295,19.650632
3.730112,19.821771
2.686651,21.554391
19.326573,5.753902
19.207536,6.153594
20.132433,5.559112
19.787856,5.914447
19.445640,5.354296
21.258566,4.457447
20.335419,6.032239
20.945951,5.767209
20.412657,4.710087
20.050731,5.060751
20.689420,6.628396
20.052149,6.907759
4.269708,20.248544
4.640680,20.052529
3.045825,20.800532
3.518530,20.955587
3.132571,21.498984
2.152966,20.850407
3.385825,20.413197
2.612106,21.060947
2.240942,21.609861
19.735736,4.138245
19.650224,4.546382
20.522977,3.877398
20.208872,4.260129
19.821203,3.730171
21.553853,2.686658
20.764239,4.332283
21.350780,4.017781
20.731547,3.007979
20.399952,3.387591
21.166355,4.897148
20.554348,5.228347
2.494300,20.010788
2.908063,19.958959
2.080538,20.062448
0.897614,21.702596
20.010191,2.494377
19.958464,2.908124
20.772622,2.169598
20.491473,2.576663
20.061815,2.080603
21.701992,0.897648
21.050962,2.602748
21.609228,2.240876
20.909576,1.286371
20.610309,1.691603
21.498406,3.132533
20.915975,3.512630
2.583704,20.532026
2.969112,20.366931
1.317345,20.979851
1.775801,21.173824
1.346468,21.684008
0.000000,20.747648
0.833283,20.148574
0.504056,20.162020
1.689272,20.623376
1.249934,20.131317
0.621275,21.068391
1.002964,21.282560
0.448746,21.721240
-0.000000,21.243513
0.460409,20.628037
0.964343,20.626774
20.147900,0.833321
20.130625,1.249990
20.960112,0.000000
20.161381,0.504056
21.096226,0.649578
21.287654,1.053769
20.643929,0.859772
21.720565,0.448677
21.242742,0.000000
20.677617,0.000000
20.584403,0.426980
21.134320,1.774088
