26.129671,0.000000
26.037023,2.157734
25.769255,4.299784
25.325806,6.413984
24.709078,8.483738
23.924163,10.495360
22.975655,12.435102
21.870116,14.289983
20.615807,16.046974
19.219591,17.695397
17.693859,19.221023
16.044740,20.617816
14.288203,21.872111
12.435135,22.976413
10.493924,23.924542
8.482747,24.709971
6.412904,25.326331
4.300081,25.769579
2.157599,26.038583
-0.000000,26.131099
-0.000000,27.351266
2.260466,27.256349
4.502742,26.977847
6.714931,26.513850
8.881624,25.868624
10.986963,25.047016
13.018294,24.054233
14.960534,22.897426
16.799977,21.583389
18.524244,20.122783
20.122880,18.523614
21.583343,16.799430
22.897067,14.959915
24.053882,13.017476
25.046749,10.987020
25.868422,8.881101
26.513826,6.714061
26.977295,4.503060
27.256762,2.258981
27.349895,-0.000000
13.365122,22.430047
13.991222,23.481157
13.219442,23.222706
12.903960,22.703658
14.106853,22.633903
13.536147,22.770197
13.827038,22.152994
15.882764,22.245567
13.812169,23.118865
14.478705,23.189103
15.088311,22.055786
14.519332,22.181572
14.703812,22.558988
14.302401,22.906276
13.504466,23.770758
12.004821,24.556063
15.171116,21.249707
14.734666,21.560903
15.929440,21.394457
15.368823,21.576987
15.609186,20.936556
17.665294,20.858097
15.671396,21.901320
16.345102,21.915062
16.858436,20.734251
16.299788,20.908012
15.421572,22.574714
12.264674,23.782334
11.225157,24.264407
16.874000,19.923418
16.464920,20.270892
17.642102,20.006042
17.098531,20.233651
17.286074,19.575597
19.327296,19.327608
17.426382,20.532677
18.098688,20.490788
18.513418,19.271362
17.971190,19.490431
17.231765,21.224337
16.516140,21.267656
12.859816,23.682415
12.515450,24.306007
12.621677,23.324059
11.494483,24.804659
9.935443,25.463589
11.467137,23.455903
11.951949,23.219915
11.658461,23.819640
10.985673,23.693291
11.820210,24.202457
18.461533,18.462300
18.082698,18.841946
19.232641,18.480981
18.710378,18.752487
18.842535,18.081868
20.857108,17.665839
19.062391,19.023008
19.729162,18.926172
20.040991,17.677069
19.518925,17.940045
18.925597,19.729164
18.216973,19.830416
10.267841,24.739345
10.852138,24.680611
10.466550,25.255664
9.190163,25.102707
10.622843,24.300354
9.776471,25.103396
9.406599,25.668787
19.922913,16.874884
19.576151,17.285007
20.693561,16.829684
20.195366,17.143392
20.271613,16.463901
22.244650,15.883430
20.567902,17.384174
21.224625,17.232591
21.432605,15.961810
20.933834,16.266679
20.490558,18.098872
19.791225,18.259064
9.491001,24.323355
9.992137,24.126136
9.674443,24.696044
8.991212,24.519355
10.116580,24.420361
7.798016,26.197162
21.248413,15.171490
20.937112,15.609105
22.012711,15.063502
21.541809,15.417067
21.561955,14.734160
23.480038,13.992354
21.933242,15.626488
22.574991,15.421306
22.677222,14.137400
22.205470,14.482453
21.914810,16.345436
21.231710,16.562299
8.188266,25.497010
8.777968,25.489163
8.344867,26.034115
7.084806,25.776357
8.586832,25.092359
7.671938,25.823456
7.254884,26.357861
22.428605,13.365124
22.154197,13.827399
23.181025,13.194512
22.741237,13.585401
22.704893,12.903650
24.555269,12.005289
23.148643,13.761818
23.771112,13.504345
23.767154,12.216793
23.325664,12.599305
23.189560,14.480007
22.527043,14.752345
7.450117,25.024221
7.966265,24.868474
6.935580,25.178283
5.607704,26.751962
23.455898,11.467389
23.220309,11.951087
24.191549,11.235313
23.785665,11.661226
23.692587,10.984844
25.462885,9.936646
24.205798,11.803476
24.805036,11.495160
24.694842,10.212563
24.286398,10.630114
24.306031,12.515338
23.667844,12.842042
7.597349,25.411480
8.066841,25.174090
6.054739,26.087056
6.642635,26.127403
6.166451,26.634533
4.931872,26.273696
6.484791,25.715873
5.512885,26.368876
5.053846,26.867160
24.322818,9.491315
24.127788,9.992903
25.036629,9.199311
24.667600,9.657153
24.518774,8.991127
26.196486,7.799908
25.097911,9.764507
25.669500,9.407451
25.453751,8.138522
25.081373,8.588093
25.256440,10.465550
24.647572,10.843756
5.358089,25.554200
5.885033,25.441486
4.832378,25.664732
3.378884,27.122941
25.023630,7.449783
24.870652,7.966598
25.711210,7.100484
25.380758,7.586836
25.177648,6.935436
26.751102,5.609203
25.818358,7.658497
26.358667,7.255623
26.038765,6.008444
25.705227,6.487692
26.034264,8.343810
25.458888,8.771290
5.473222,25.951986
5.960309,25.754307
3.880130,26.497905
4.462239,26.587082
3.946022,27.053226
2.745515,26.590444
4.339305,26.163881
3.317135,26.733804
2.818937,27.193344
25.553672,5.358196
25.443362,5.885636
26.209567,4.952103
25.921409,5.464476
25.663049,4.832636
27.123666,3.380297
26.362716,5.500675
26.867549,5.053986
26.446614,3.836984
26.152608,4.343356
26.634747,6.165268
26.096580,6.638636
3.230293,25.910046
3.763662,25.840560
2.696651,25.975357
1.129607,27.309263
25.909534,3.231141
25.842308,3.763983
26.527830,2.771456
26.284957,3.304904
25.974629,2.697276
27.310641,1.131086
26.727477,3.305502
27.192233,2.817793
26.672003,1.641546
26.422956,2.169283
27.052888,3.945586
26.555161,4.459551
3.311835,26.316312
3.813059,26.157837
1.678048,26.727866
2.251649,26.864294
1.696254,27.287407
0.000000,26.564015
1.078515,26.088263
0.651680,26.103419
2.165159,26.433956
1.616315,26.064483
0.789112,26.813894
1.273262,26.975149
0.562207,27.332812
0.000000,26.953482
0.594862,26.468875
1.236522,26.459127
26.087753,1.079137
26.063157,1.617269
26.729533,0.000000
26.103799,0.651572
26.836990,0.826590
26.977654,1.337735
26.474721,1.102554
27.332241,0.560370
26.951314,0.000000
26.510229,0.000000
26.435485,0.552807
26.833288,2.251433
