20.073467,0.000000
20.005137,1.657690
19.799407,3.304023
19.459173,4.927792
18.985456,6.517928
18.382263,8.063498
17.653595,9.553958
16.804472,10.979278
15.840933,12.329231
14.768005,13.595883
13.595716,14.768197
12.329080,15.841164
10.979157,16.804735
9.553880,17.653869
8.063414,18.382559
6.517864,18.985806
4.927740,19.459564
3.303998,19.799842
1.657669,20.005635
-0.000000,20.073982
-0.000000,21.638649
1.786882,21.564365
3.561578,21.343650
5.311896,20.976466
7.026004,20.465829
8.692046,19.815751
10.298519,19.030240
11.835347,18.115313
13.290914,17.075988
14.655197,15.920317
15.920170,14.655308
17.075808,13.290998
18.115092,11.835408
19.029990,10.298556
19.815472,8.692076
20.465510,7.026001
20.976098,5.311872
21.343225,3.561557
21.563900,1.786838
21.638126,-0.000000
10.266567,17.229383
11.066955,18.572846
10.310484,18.113241
9.910271,17.441635
10.989409,17.632477
10.498621,17.659687
10.622879,17.017079
12.563164,17.595719
10.825646,18.120439
11.451183,18.344079
11.769262,17.203954
11.267036,17.213312
11.524060,17.681346
11.228288,17.985846
10.682743,18.801578
9.495309,19.423071
11.654183,16.323015
11.316729,16.563879
12.409900,16.668206
11.920980,16.734945
11.991658,16.082123
13.973096,16.498219
12.282863,17.166718
12.927085,17.335866
13.149530,16.173527
12.649359,16.225547
12.199265,17.855549
9.574116,18.566260
8.757626,18.932364
12.962463,15.304731
12.645836,15.572959
13.745028,15.586651
13.262840,15.693370
13.279131,15.036506
15.287731,15.287873
13.658307,16.093790
14.314194,16.209278
14.440500,15.031939
13.946291,15.125285
13.632000,16.787139
12.945536,16.669343
10.084210,18.570090
9.896959,19.226672
9.796741,18.103588
9.093668,19.619448
7.859031,20.140871
8.808682,18.018290
9.181307,17.836122
9.049111,18.488634
8.436111,18.200469
9.265368,18.971498
14.181927,14.182094
13.888884,14.475158
14.983970,14.398121
14.512816,14.544426
14.475004,13.889026
16.498040,13.973211
14.940905,14.910698
15.604003,14.971601
15.632171,13.788342
15.147402,13.922090
14.971468,15.604136
14.278614,15.542766
8.020971,19.325632
8.512610,19.359440
8.275605,19.978323
7.169585,19.584977
8.246457,18.862153
7.663513,19.680050
7.442501,20.303381
15.304540,12.962605
15.036333,13.279253
16.122389,13.111633
15.664634,13.296304
15.572778,12.645954
17.595508,12.563255
16.120954,13.626129
16.786978,13.632111
16.717635,12.450458
16.245510,12.623624
16.209119,14.314303
15.512545,14.311013
7.290670,18.684266
7.677051,18.533440
7.509142,19.170102
6.904320,18.835075
7.835095,18.913850
6.168938,20.721231
16.322778,11.654293
16.081918,11.991772
17.150081,11.735497
16.709082,11.957362
16.563672,11.316827
18.572602,11.067032
17.191249,12.248303
17.855351,12.199333
17.688324,11.027025
17.232228,11.238912
17.335672,12.927169
16.641732,12.981048
6.395383,19.914818
6.885888,19.992038
6.597528,20.593557
5.527272,20.110874
6.665757,19.476700
6.013403,20.244284
5.740402,20.848875
17.229113,10.266651
17.016854,10.622974
18.060025,10.278991
17.639079,10.536511
17.441402,9.910347
19.422798,9.495359
18.143695,10.786587
18.801350,10.682794
18.538312,9.528813
18.101232,9.777417
18.343862,11.451262
17.656884,11.562192
5.722828,19.222767
6.120357,19.104298
5.325331,19.341204
4.436712,21.160142
18.018012,8.808755
17.835862,9.181367
18.847245,8.752605
18.448880,9.043944
18.200181,8.436168
20.140562,7.859075
18.972148,9.251568
19.619186,9.093713
19.261873,7.965470
18.846801,8.249323
19.226416,9.897000
18.550706,10.064616
5.896595,19.724966
6.248408,19.499295
4.729138,20.375850
5.211335,20.493047
4.874361,21.068336
3.847531,20.498766
5.034175,19.961093
4.320875,20.672061
3.999131,21.251923
18.683943,7.290736
18.533160,7.677125
19.505797,7.166361
19.132790,7.489578
18.834748,6.904374
20.720878,6.168967
19.671325,7.653350
20.303086,7.442528
19.853985,6.347656
19.463753,6.664816
19.978041,8.275615
19.318539,8.498416
4.115886,19.629789
4.521816,19.544683
3.709977,19.714849
2.674189,21.454085
19.222400,5.722874
19.103983,6.120410
20.031213,5.531133
19.686122,5.884010
19.340829,5.325372
21.159733,4.436723
20.236245,6.002815
20.848534,5.740411
20.310655,4.686541
19.947924,5.034792
20.593218,6.597521
19.954359,6.874043
4.247835,20.144769
4.616660,19.948681
3.030714,20.697206
3.501476,20.853700
3.117935,21.398919
2.142234,20.746251
3.368493,20.308556
2.599350,20.958264
2.230528,21.509277
19.629372,4.115923
19.544316,4.521863
20.419820,3.857892
20.104984,4.238212
19.714410,3.710010
21.453649,2.674187
20.663001,4.311146
21.251519,3.999124
20.627953,2.992944
20.295380,3.370202
21.067948,4.874336
20.454126,5.202834
2.480851,19.902819
2.892415,19.851333
2.069288,19.954236
0.893432,21.601578
19.902358,2.480889
19.850916,2.892447
20.668257,2.158679
20.386125,2.563417
19.953757,2.069320
21.601106,0.893444
20.948331,2.590038
21.508799,2.230497
20.805148,1.279931
20.504667,1.682917
21.398471,3.117915
20.814018,3.495509
2.570476,20.426758
2.953753,20.261443
1.310827,20.875579
1.767197,21.070856
1.340167,21.583041
0.000000,20.641844
0.828820,20.039842
0.501384,20.053280
1.680629,20.517624
1.243234,20.022737
0.618232,20.964211
0.998078,21.179575
0.446692,21.620136
-0.000000,21.140167
0.457959,20.521651
0.959386,20.520576
20.039342,0.828837
20.022231,1.243260
20.855587,0.000000
20.052793,0.501385
20.992337,0.646370
21.184909,1.048647
20.537954,0.855341
21.619635,0.446663
21.139625,0.000000
20.571603,0.000000
20.477961,0.424683
21.031309,1.765458
