22.161960,-0.000000
22.084656,1.830127
21.857623,3.647346
21.481785,5.440204
20.958790,7.195688
20.292971,8.901949
19.488485,10.547249
18.550873,12.120611
17.487013,13.610887
16.302592,15.009178
15.008441,16.303306
13.609907,17.487985
12.119839,18.551881
10.547184,19.488993
8.901322,20.293247
7.195252,20.959384
5.439751,21.482298
3.647385,21.858140
1.829964,22.085847
0.000000,22.163193
-0.000000,23.589912
1.948752,23.508100
3.883139,23.267639
5.791098,22.867382
7.659741,22.310805
9.475721,21.602186
11.227318,20.745923
12.902502,19.748392
14.489134,18.615146
15.976316,17.355321
17.355209,15.976205
18.614971,14.489008
19.748014,12.902363
20.745616,11.227059
21.601985,9.475778
22.310604,7.659471
22.867159,5.790652
23.267154,3.883055
23.507753,1.947970
23.588533,0.000000
11.334859,19.022673
12.065549,20.249132
11.308471,19.866196
10.942384,19.256036
12.059312,19.349102
11.542612,19.416380
11.727713,18.787874
13.696749,19.183698
11.848623,19.832647
12.484988,19.998741
12.907814,18.868413
12.384577,18.920603
12.613126,19.352068
12.280643,19.670332
11.646497,20.498553
10.352286,21.176145
12.866676,18.021736
12.495008,18.286879
13.617722,18.290200
13.105912,18.399239
13.238957,17.755821
15.233885,17.987129
13.443521,18.788446
14.094280,18.899705
14.421848,17.737991
13.903643,17.834485
13.299798,19.467080
10.496875,20.355245
9.604057,20.761402
14.310985,16.897093
13.962394,17.192795
15.082380,17.103276
14.580986,17.253818
14.660754,16.601405
16.667136,16.667457
14.948922,17.614211
15.606498,17.671430
15.837658,16.486201
15.329219,16.625203
14.861309,18.302276
14.168362,18.244283
11.034635,20.320990
10.791135,20.961426
10.767298,19.897515
9.913628,21.390248
8.567989,21.958725
9.725233,19.893222
10.136788,19.692368
9.945623,20.320603
9.315103,20.094464
10.140403,20.763352
15.657364,15.657773
15.334703,15.980801
16.441971,15.799298
15.955387,15.990679
15.980940,15.334528
17.986571,15.234244
16.352568,16.319264
17.012668,16.322102
17.144566,15.122320
16.649460,15.302679
16.321778,17.012668
15.627397,17.011289
8.791334,21.182147
9.313662,21.181550
9.023782,21.780688
7.862660,21.477775
9.062950,20.730787
8.387236,21.537710
8.113296,22.135664
16.896795,14.311403
16.601459,14.660429
17.691099,14.387583
17.221725,14.618481
17.192956,13.962204
19.183131,13.697136
17.644108,14.913327
18.302352,14.861740
18.335080,13.654966
17.856455,13.875381
17.671196,15.606584
16.977891,15.663207
8.049187,20.628651
8.475388,20.461722
8.253095,21.068949
7.623765,20.795079
8.619682,20.807359
6.725147,22.591364
18.021017,12.866855
17.755823,13.239045
18.818862,12.877632
18.370003,13.146388
18.287159,12.494944
20.248525,12.066115
18.815503,13.405411
19.467075,13.299733
19.399830,12.094020
18.941137,12.353408
18.899419,14.094390
18.213723,14.207623
7.010127,21.829145
7.533688,21.874492
7.194166,22.451719
6.061515,22.054332
7.325831,21.406372
6.581485,22.155301
6.257628,22.730185
19.021870,11.334875
18.788139,11.727906
19.817573,11.279608
19.392705,11.584399
19.256406,10.942298
21.175656,10.352599
19.858118,11.805718
20.498599,11.646504
20.332222,10.450952
19.896559,10.747076
19.998694,12.485528
19.324895,12.654844
6.318273,21.223138
6.756947,21.091652
5.880414,21.353829
4.836489,23.069825
19.893019,9.725380
19.692418,10.136479
20.681498,9.604717
20.283214,9.943525
20.094147,9.314869
21.958279,8.568621
20.764975,10.125725
21.390290,9.913972
21.125801,8.736360
20.716099,9.067436
20.961222,10.791131
20.303418,11.015961
6.480906,21.679035
6.873722,21.450545
5.183609,22.334414
5.701356,22.422430
5.315522,22.969393
4.219452,22.479773
5.532594,21.938511
4.729194,22.623343
4.359373,23.169522
20.628218,8.049452
20.462196,8.475797
21.404037,7.864132
21.035192,8.234577
20.794737,7.623830
22.590907,6.725927
21.530252,8.376531
22.135847,8.113672
21.775111,6.962040
21.394174,7.325706
21.780752,9.023426
21.143889,9.301770
4.544076,21.672582
4.991915,21.577741
4.096810,21.766369
2.914809,23.390043
21.222643,6.318299
21.092286,6.757138
21.980563,6.069736
21.643441,6.469300
21.353379,5.880441
23.069179,4.837087
22.148388,6.569940
22.730338,6.257941
22.275711,5.139979
21.926321,5.534059
22.451433,7.193813
21.839776,7.523881
4.668820,22.140297
5.078708,21.944886
3.321913,22.686438
3.830380,22.817027
3.400605,23.330141
2.349058,22.750988
3.702043,22.320597
2.845231,22.936513
2.431542,23.450514
21.671991,4.544237
21.578174,4.992265
22.406797,4.233417
22.104094,4.659680
21.765391,4.096956
23.389924,2.915220
22.615309,4.718608
23.169353,4.359480
22.624048,3.282489
22.308066,3.704635
22.969069,5.315062
22.386727,5.694622
2.739186,21.974195
3.192910,21.916310
2.285463,22.030313
0.974125,23.550952
21.973525,2.739634
21.916574,3.193132
22.678977,2.368946
22.413606,2.818212
22.029450,2.285814
23.550818,0.974652
22.927838,2.835093
23.449560,2.431071
22.817648,1.403961
22.538308,1.850016
23.329459,3.400446
22.780387,3.825622
2.825117,22.450688
3.249211,22.288892
1.436535,22.882671
1.933074,23.054777
1.461764,23.531421
-0.000000,22.676217
0.914704,22.125554
0.552906,22.139308
1.847017,22.550733
1.371943,22.105821
0.676848,22.969826
1.092284,23.163882
0.486249,23.571168
-0.000000,23.131054
0.505061,22.566239
1.054708,22.561847
22.124658,0.914987
22.104630,1.372353
22.870189,0.000000
22.138819,0.552851
22.995540,0.708185
23.167677,1.147525
22.578029,0.940458
23.570284,0.485536
23.129324,0.000000
22.612337,0.000000
22.526274,0.468800
23.018403,1.931875
