20.214429,-0.000000
20.145469,1.669340
19.938323,3.327215
19.595704,4.962403
19.118677,6.563703
18.511263,8.120119
17.777471,9.621020
16.922356,11.056323
15.952027,12.415741
14.871560,13.691279
13.691041,14.871820
12.415502,15.952342
11.056128,16.922706
9.620916,17.777793
8.119966,18.511590
6.563583,19.119096
4.962295,19.596182
3.327170,19.938879
1.669292,20.146169
0.000000,20.215164
-0.000000,21.769722
1.797758,21.694902
3.583171,21.472846
5.344061,21.103427
7.068536,20.589697
8.744635,19.935682
10.360847,19.145411
11.906949,18.224925
13.371300,17.179276
14.743820,16.016609
16.016434,14.743944
17.179066,13.371396
18.224657,11.907024
19.145127,10.360889
19.935380,8.744689
20.589345,7.068523
21.103001,5.344003
21.472313,3.583127
21.694298,1.797643
21.768963,0.000000
10.338665,17.350486
11.133963,18.685371
10.377636,18.231248
9.979927,17.564166
11.061413,17.748062
10.568944,17.778084
10.697446,17.136654
12.639222,17.702299
10.894413,18.235588
11.520550,18.455148
11.845860,17.315984
11.342300,17.328350
11.597263,17.793694
11.299003,18.099086
10.747421,18.915492
9.552819,19.540767
11.736004,16.437714
11.396238,16.680222
12.491174,16.777395
12.000787,16.847094
12.075831,16.195125
14.057677,16.598137
12.360877,17.275762
13.005395,17.440822
13.235121,16.278806
12.733822,16.333937
12.273113,17.963709
9.636195,18.686675
8.814578,19.055491
13.053460,15.412228
12.734672,15.682320
13.835013,15.688733
13.351610,15.798502
13.372370,15.142146
15.380266,15.380452
13.745046,16.196009
14.400887,16.307400
14.534485,15.129796
14.039414,15.226322
13.714474,16.888812
13.027716,16.775230
10.148090,18.687835
9.956963,19.343136
9.862106,18.224478
9.148697,19.738333
7.906605,20.262924
8.870544,18.144913
9.245804,17.961477
9.109491,18.612092
8.495438,18.328383
9.324190,19.092016
14.281494,14.281707
13.986449,14.576800
15.082075,14.492430
14.609970,14.641859
14.576637,13.986599
16.597900,14.057839
15.035778,15.005393
15.698502,15.062229
15.733915,13.878106
15.248553,14.015085
15.062053,15.698650
14.369255,15.641489
8.072791,19.450591
8.566451,19.481971
8.325812,20.099335
7.216219,19.712406
8.301450,18.988081
7.712168,19.804997
7.487520,20.426398
15.412001,13.053650
15.141957,13.372489
16.227953,13.197516
15.769509,13.385377
15.682132,12.734802
17.702029,12.639363
16.223327,13.712667
16.888642,13.714636
16.826459,12.531515
16.354006,12.707944
16.307204,14.401020
15.611023,14.401914
7.341864,18.815587
7.730941,18.663667
7.559248,19.298071
6.952877,18.967454
7.887969,19.041515
6.206264,20.846800
16.437409,11.736144
16.194900,12.075972
17.262397,11.812382
16.820966,12.037470
16.680018,11.396355
18.685070,11.134104
17.300432,12.326104
17.963494,12.273198
17.803498,11.098839
17.347341,11.313995
17.440588,13.005503
16.747387,13.063511
6.436738,20.043677
6.929428,20.118639
6.637567,20.718326
5.563219,20.241722
6.710216,19.606753
6.051595,20.372828
5.775117,20.975193
17.350145,10.338768
17.136430,10.697574
18.178336,10.346361
17.757229,10.607123
17.563944,9.980018
19.540448,9.552915
18.258962,10.855123
18.915255,10.747497
18.659051,9.590889
18.222187,9.842754
18.454908,11.520687
17.769011,11.635662
5.763016,19.357878
6.163330,19.238520
5.362792,19.477142
4.463543,21.288377
18.144609,8.870650
17.961209,9.245864
18.970734,8.809985
18.572484,9.104572
18.328064,8.495503
20.262570,7.906711
19.092704,9.310363
19.738062,9.148789
19.387328,8.017368
18.972749,8.304457
19.342851,9.957026
18.668550,10.128596
5.935949,19.856666
6.290546,19.630855
4.759711,20.507696
5.244272,20.622810
4.903968,21.195995
3.872556,20.632155
5.067747,20.094370
4.348330,20.803323
4.023316,21.380689
18.815214,7.341976
18.663403,7.731070
19.633590,7.213351
19.260981,7.539792
18.967082,6.952963
20.846386,6.206352
19.796327,7.701991
20.426101,7.487588
19.983281,6.389018
19.593810,6.709357
20.099041,8.325817
19.441278,8.552448
4.144782,19.767777
4.553547,19.682001
3.736078,19.853426
2.690343,21.584099
19.357438,5.763092
19.238216,6.163422
20.162430,5.567401
19.818003,5.923462
19.476694,5.362862
21.287864,4.463589
20.364812,6.040957
20.974827,5.775150
20.442887,4.717063
20.081197,5.068440
20.717936,6.637545
20.081131,6.917748
4.276188,20.279273
4.647796,20.083280
3.050303,20.831130
3.523584,20.985761
3.136908,21.528621
2.156146,20.881250
3.390960,20.444182
2.615885,21.091355
2.244028,21.639651
19.767251,4.144855
19.681604,4.553643
20.553550,3.883176
20.239659,4.266621
19.852845,3.736142
21.583558,2.690354
20.794245,4.338546
21.380205,4.023310
20.762251,3.012433
20.430942,3.392742
21.195526,4.903908
20.584053,5.235906
2.498284,20.042753
2.912699,19.990822
2.083871,20.094485
0.898853,21.732515
20.042143,2.498372
19.990331,2.912766
20.803554,2.172832
20.522693,2.580588
20.093834,2.083944
21.731901,0.898894
21.081383,2.606514
21.639000,2.243953
20.940528,1.288279
20.641618,1.694176
21.528032,3.136865
20.946195,3.517702
2.587623,20.563196
2.973662,20.398165
1.319276,21.010729
1.778350,21.204318
1.348335,21.713912
0.000000,20.778976
0.834605,20.180763
0.504848,20.194212
1.691833,20.654689
1.251919,20.163462
0.622177,21.099241
1.004412,21.313057
0.449354,21.751183
-0.000000,21.274117
0.461134,20.659536
0.965811,20.658217
20.180067,0.834648
20.162745,1.251984
20.991093,0.000000
20.193558,0.504847
21.127020,0.650529
21.318110,1.055286
20.675336,0.861085
21.750487,0.449274
21.273309,0.000000
20.709036,0.000000
20.615948,0.427661
21.164853,1.776645
