23.697390,0.000000
23.613948,1.956881
23.371149,3.899771
22.969119,5.816968
22.409846,7.694045
21.697947,9.518467
20.837733,11.277687
19.835136,12.959970
18.697581,14.553450
17.431208,16.048533
16.047455,17.432233
14.551950,18.698997
12.958781,19.836578
11.277659,20.838369
9.517521,21.698259
7.693402,22.410580
5.816285,22.969646
3.899931,23.371579
1.956714,23.615303
-0.000000,23.698728
-0.000000,25.038052
2.068802,24.951033
4.121737,24.695948
6.146794,24.271158
8.130171,23.680462
10.057521,22.928353
11.916815,22.019549
13.694779,20.960715
15.378743,19.757848
16.957197,18.420722
18.420680,16.956888
19.757715,15.378445
20.960313,13.694454
22.019218,11.916316
22.928145,10.057554
23.680280,8.129750
24.271032,6.146125
24.695475,4.121750
24.951012,2.067670
25.036584,0.000000
12.120422,20.341147
12.806881,21.493434
12.045969,21.161547
11.701365,20.590055
12.849665,20.617073
12.312711,20.712010
12.540064,20.089927
14.538312,20.362498
12.605776,21.099839
13.252501,21.227003
13.749286,20.098465
13.209124,20.180176
13.419266,20.588644
13.060003,20.917742
12.361840,21.758279
10.988471,22.477396
13.758326,19.270765
13.361564,19.553735
14.510033,19.488433
13.980048,19.626826
14.156124,18.986532
16.169923,19.092430
14.302601,19.988777
14.960800,20.060592
15.362176,18.894263
14.829144,19.021624
14.116702,20.663444
11.179002,21.677615
10.229644,22.113176
15.302684,18.068056
14.930664,18.383846
16.070415,18.223727
15.553468,18.404920
15.676652,17.752187
17.691242,17.691597
15.904239,18.739587
16.565940,18.756865
16.870277,17.561024
16.349665,17.731902
15.773915,19.427177
15.073607,19.410068
11.738307,21.617049
11.454953,22.249071
11.483491,21.221012
10.522264,22.704728
9.094381,23.308075
10.399212,21.271765
10.839222,21.057261
10.607165,21.672133
9.961481,21.487007
10.788117,22.089488
16.742373,16.742933
16.397969,17.087908
17.519144,16.834431
17.019612,17.057558
17.088252,16.397531
19.091676,16.170381
17.397485,17.361845
18.058478,17.324653
18.262343,16.108227
17.757782,16.321358
17.324231,18.058433
16.625885,18.098322
9.360971,22.554628
9.906782,22.530552
9.579226,23.118529
8.374932,22.876631
9.665426,22.109484
8.922920,22.912627
8.611224,23.495836
18.067684,15.303282
17.752441,15.676009
18.850030,15.330223
18.370411,15.593842
18.384251,14.930164
20.361760,14.538837
18.771535,15.866091
19.427378,15.774516
19.530463,14.545192
19.045084,14.799008
18.756625,16.566036
18.062657,16.664143
8.607020,22.058274
9.062328,21.879581
8.802063,22.469904
8.152849,22.236163
9.198098,22.203383
7.138134,23.979558
19.269787,13.758567
18.986747,14.156147
20.051666,13.721375
19.595241,14.023528
19.554351,13.361332
21.492611,12.807699
20.017718,14.261858
20.663576,14.116537
20.664636,12.882574
20.201981,13.175733
20.060310,14.960967
19.377403,15.115559
7.464668,23.244343
8.013373,23.268103
7.637146,23.830939
6.456397,23.490648
7.812874,22.830057
7.001964,23.569725
6.641568,24.126758
20.340046,12.120416
20.090571,12.540317
21.115856,12.018761
20.686224,12.357370
20.590811,11.701170
22.476766,10.988871
21.126972,12.559991
21.758482,12.361780
21.657834,11.132404
21.221060,11.462485
21.227141,13.253339
20.559587,13.463614
6.756178,22.693925
7.224941,22.552990
6.288661,22.833656
5.133342,24.487392
21.271617,10.399393
21.057477,10.838668
22.036377,10.234132
21.636196,10.607058
21.486575,9.961003
23.307514,9.095292
22.091787,10.772668
22.704934,10.522747
22.503159,9.306034
22.095138,9.671007
22.248943,11.454888
21.600698,11.720082
6.912101,23.120700
7.334751,22.889236
5.519684,23.782318
6.064222,23.850832
5.643088,24.380463
4.494368,23.943829
5.900365,23.397469
5.031399,24.067588
4.626750,24.593026
22.057774,8.607327
21.880538,9.062888
22.806207,8.379524
22.438379,8.784092
22.235752,8.152853
23.979014,7.139384
22.905975,8.911736
23.496265,8.611791
23.194766,7.416054
22.818357,7.813282
23.118854,9.578585
22.494873,9.896343
4.859006,23.174533
5.337538,23.072700
4.381380,23.274784
3.093447,24.827118
22.693375,6.756082
22.554257,7.225178
23.420573,6.467601
23.087160,6.900991
22.833147,6.288609
24.486656,5.134325
23.563555,6.989678
24.127204,6.642066
23.727925,5.475103
23.385937,5.902389
23.830776,7.636513
23.235260,8.004859
4.979498,23.612558
5.419366,23.416746
3.537268,24.157015
4.073956,24.270523
3.610526,24.763535
2.502015,24.232587
3.948169,23.805033
3.027205,24.400695
2.580700,24.891448
23.173945,4.859162
23.073728,5.338006
23.874650,4.510826
23.578719,4.970553
23.273532,4.381556
24.827368,3.094233
24.060317,5.020180
24.593094,4.626906
24.099249,3.496473
23.793037,3.951341
24.380315,5.642333
23.817197,6.058620
2.929191,23.497122
3.413806,23.434682
2.444528,23.556771
1.033992,24.997837
23.496518,2.929820
23.435559,3.414073
24.164570,2.524307
23.909147,3.006187
23.555934,2.445005
24.998302,1.034902
24.393010,3.016481
24.890417,2.579970
24.305092,1.495632
24.038800,1.973317
24.762939,3.610285
24.235897,4.070024
3.013082,23.943803
3.467075,23.783744
1.529636,24.366293
2.055891,24.523480
1.552016,24.977482
0.000000,24.177538
0.978020,23.658900
0.591019,23.673085
1.969856,24.050618
1.466557,23.637491
0.720167,24.452777
1.162052,24.633095
0.515521,25.019318
0.000000,24.604753
0.539772,24.073928
1.124970,24.067361
23.658128,0.978450
23.636211,1.467181
24.359420,0.000000
23.672947,0.590937
24.477347,0.753879
24.636306,1.220828
24.083222,1.003127
25.018545,0.514354
24.602757,0.000000
24.117961,0.000000
24.036705,0.501281
24.489376,2.055076
