26.344144,-0.000000
26.250707,2.175449
25.980739,4.335064
25.533642,6.466636
24.911848,8.553382
24.120494,10.581511
23.164200,12.537173
22.049582,14.407275
20.784978,16.178685
19.377311,17.840630
17.839058,19.378771
16.176393,20.787029
14.405450,22.051615
12.537214,23.164959
10.580033,24.120873
8.552360,24.912746
6.465519,25.534160
4.335369,25.981049
2.175318,26.252277
-0.000000,26.345571
-0.000000,27.556204
2.277441,27.460607
4.536490,27.180027
6.765262,26.712556
8.948199,26.062497
11.069312,25.234731
13.115885,24.234506
15.072684,23.069017
16.925902,21.745132
18.663088,20.273587
20.273700,18.662427
21.745099,16.925333
23.068669,15.072038
24.234159,13.115042
25.234462,11.069374
26.062298,8.947674
26.712545,6.764384
27.179470,4.536843
27.461059,2.275935
27.554858,-0.000000
13.474891,22.614251
14.096158,23.657265
13.323174,23.404909
13.010015,22.890046
14.217967,22.812149
13.644202,22.951966
13.940525,22.334931
16.001887,22.412401
13.918895,23.297479
14.587352,23.362940
15.206684,22.228813
14.635064,22.358349
14.817458,22.733300
14.412343,23.082245
13.605697,23.949065
12.094873,24.740226
15.295708,21.424219
14.855760,21.737903
16.054893,21.562915
15.491483,21.749218
15.737320,21.108522
17.797787,21.014530
15.792490,22.070515
16.467753,22.079363
16.990706,20.896908
16.429693,21.074635
15.537177,22.744054
12.360660,23.968417
11.313164,24.454588
17.012572,20.087036
16.600226,20.437297
17.781016,20.163567
17.234996,20.395161
17.427993,19.736399
19.472253,19.472555
17.561042,20.691303
18.234491,20.644409
18.658673,19.422556
18.114422,19.645758
17.360929,21.383569
16.643766,21.431994
12.959050,23.865146
12.609413,24.488246
12.722222,23.509820
11.580618,24.990713
10.009970,25.654560
11.561317,23.648508
12.050065,23.410634
11.751327,24.009322
11.075996,23.887848
11.911520,24.389382
18.613144,18.613922
18.231271,18.996622
19.384090,18.626505
18.859710,18.902181
18.997231,18.230407
21.013528,17.798334
19.209681,19.169964
19.877185,19.068062
20.198225,17.815755
19.674490,18.083021
19.067475,19.877195
18.357742,19.983652
10.348031,24.932512
10.935788,24.870851
10.545165,25.445008
9.262235,25.299499
10.707417,24.493877
9.851984,25.297208
9.477066,25.861311
20.086523,17.013479
19.736981,17.426892
20.856501,16.962209
20.356550,17.280246
20.438045,16.599159
22.411477,16.002559
20.726823,17.518474
21.383863,17.361771
21.600757,16.087041
21.100669,16.396318
20.644183,18.234685
19.944156,18.400165
9.568963,24.523099
10.074125,24.324252
9.751503,24.892677
9.065147,24.720693
10.197679,24.616118
7.856489,26.393637
21.422905,15.296093
21.109112,15.737228
22.186038,15.182121
21.713734,15.540145
21.738991,14.855228
23.656126,14.097313
22.102704,15.747213
22.744343,15.536903
22.855136,14.248328
22.382440,14.597876
22.079118,16.468104
21.395765,16.690291
8.252248,25.696182
8.845625,25.685681
8.407573,26.229307
7.140360,25.978422
8.655199,25.292189
7.731209,26.022837
7.309223,26.555536
22.612791,13.474893
22.336183,13.940894
23.363554,13.298426
22.922739,13.693861
22.891319,13.009697
24.739426,12.095342
23.327494,13.868140
23.949431,13.605571
23.953619,12.312655
23.511564,12.699721
23.363430,14.588692
22.701109,14.866359
7.511320,25.229715
8.031631,25.072670
6.992632,25.385041
5.649739,26.952599
23.648525,11.561575
23.411043,12.049179
24.382033,11.323798
23.975510,11.754331
23.887120,11.075137
25.653852,10.011190
24.392819,11.894669
24.991105,11.581310
24.888590,10.292702
24.479954,10.714833
24.488288,12.609298
23.850729,12.941300
7.657881,25.613819
8.131482,25.375845
6.102052,26.290832
6.693818,26.328834
6.212824,26.834235
4.970550,26.479665
6.536416,25.920661
5.555480,26.572467
5.091685,27.068649
24.522569,9.569275
24.325967,10.074907
25.233765,9.271763
24.864487,9.734264
24.720100,9.065054
26.392955,7.858432
25.291826,9.839950
25.862050,9.477941
25.653448,8.202389
25.281267,8.656536
25.445831,10.544138
24.838025,10.927573
5.402107,25.764048
5.933308,25.650384
4.872154,25.875487
3.404178,27.326352
25.229129,7.510962
25.074930,8.031972
25.913668,7.156418
25.583331,7.647411
25.384399,6.992483
26.951736,5.651279
26.017835,7.717667
26.556375,7.309980
26.243048,6.055595
25.910091,6.539393
26.229495,8.406480
25.655616,8.839097
5.516835,26.158624
6.008072,25.960718
3.910447,26.704881
4.496598,26.792050
3.975754,27.256081
2.767045,26.798890
4.373857,26.372240
3.342783,26.940213
2.840043,27.397288
25.763535,5.402208
25.652336,5.933919
26.415938,4.991104
26.128316,5.508101
25.873773,4.872421
27.327120,3.405647
26.566406,5.543182
27.069069,5.091818
26.654123,3.867085
26.361030,4.377983
26.834491,6.211605
26.298241,6.689950
3.256849,26.122828
3.794507,26.052728
2.718888,26.188641
1.138078,27.514055
26.122330,3.257713
26.054555,3.794832
26.736712,2.793299
26.494784,3.331292
26.187931,2.719524
27.515515,1.139604
26.934000,3.331071
27.396178,2.838861
26.881243,1.654447
26.633544,2.186595
27.255778,3.975296
26.760350,4.494017
3.338227,26.525869
3.843610,26.367475
1.691180,26.936667
2.268971,27.071410
1.709037,27.492055
0.000000,26.774857
1.087386,26.302491
0.657043,26.317748
2.182416,26.644474
1.629511,26.278516
0.795209,27.022686
1.283102,27.182398
0.566342,27.537788
0.000000,27.161298
0.599724,26.680381
1.246370,26.670363
26.302012,1.088021
26.277194,1.630496
26.939075,0.000000
26.318176,0.656932
27.045673,0.833017
27.184856,1.348081
26.685949,1.111329
27.537241,0.564447
27.159131,0.000000
26.721534,0.000000
26.647307,0.557353
27.040658,2.268808
