25.697398,0.000000
25.606350,2.122030
25.343017,4.228680
24.906923,6.307867
24.300404,8.343373
23.528467,10.321725
22.595653,12.229381
21.508409,14.053583
20.274852,15.781513
18.901714,17.402685
17.401217,18.903085
15.779400,20.276769
14.051900,21.510322
12.229400,22.596400
10.320374,23.528840
8.342445,24.301280
6.306860,24.907456
4.228959,25.343363
2.121888,25.607883
-0.000000,25.698820
-0.000000,26.938648
2.226285,26.845109
4.434791,26.570789
6.613594,26.113788
8.747584,25.478290
10.821168,24.669080
12.821809,23.691281
14.734740,22.551954
16.546449,21.257744
18.244705,19.819164
19.819230,18.244135
21.257678,16.545946
22.551577,14.734174
23.690927,12.821044
24.668821,10.821214
25.478089,8.747068
26.113742,6.612747
26.570252,4.435043
26.845446,2.224848
26.937236,-0.000000
13.143887,22.058783
13.779951,23.126590
13.010484,22.855678
12.690210,22.327996
13.883017,22.274828
13.318441,22.403966
13.598305,21.786305
15.642933,21.909669
13.597220,22.759129
14.259964,22.839106
14.849864,21.707243
14.286163,21.825408
14.474929,22.207918
14.080989,22.551891
13.300653,23.411766
11.823518,24.185276
14.920006,20.897980
14.490606,21.204161
15.676720,21.055102
15.121691,21.229973
15.350932,20.589961
17.398543,20.543140
15.427510,21.560554
16.098165,21.584264
16.591996,20.406597
16.038067,20.572308
15.188818,22.233774
12.071327,23.407504
11.047881,23.881317
16.594713,19.593648
16.192218,19.935502
17.362268,19.688711
16.823585,19.908239
17.000034,19.251503
19.035449,19.035780
17.155173,20.213196
17.825271,20.181495
18.220821,18.966799
17.682617,19.177484
16.971714,20.903749
16.259103,20.936674
12.659965,23.314396
12.326273,23.939095
12.419110,22.949799
11.321063,24.430067
9.785400,25.079093
11.277320,23.067707
11.754193,22.835525
11.471362,23.437475
10.803631,23.301162
11.636312,23.825982
18.155968,18.156705
17.783253,18.530197
18.927556,18.187827
18.409507,18.450885
18.530746,17.782493
20.542184,17.399080
18.765745,18.727033
19.431142,18.640497
19.724263,17.397702
19.205506,17.651983
18.639946,19.431130
17.933467,19.521795
10.106318,24.350250
10.683674,24.297476
10.308270,24.874446
9.044987,24.706295
10.452452,23.910455
9.624387,24.713053
9.264724,25.281169
19.593163,16.595550
19.252004,16.999038
20.365326,16.562714
19.870616,16.867657
19.936169,16.191294
21.908773,15.643582
20.247833,17.113690
20.904027,16.972506
21.093886,15.709548
20.597705,16.005490
20.181259,17.825436
19.483223,17.974884
9.333872,23.920772
9.826888,23.726836
9.519188,24.299879
8.842198,24.113557
9.953173,24.025929
7.680294,25.801589
20.896730,14.920357
20.590453,15.350871
21.663551,14.824547
21.195419,15.169091
21.205140,14.490150
23.125515,13.781036
21.591943,15.383344
22.234028,15.188566
22.318837,13.913949
21.848922,14.249905
21.584002,16.098466
20.901304,16.304520
8.059389,25.095817
8.641712,25.093383
8.218620,25.641121
6.972900,25.369325
8.449093,24.689752
7.552565,25.421895
7.145482,25.959871
22.057385,13.143888
21.787409,13.598647
22.813329,12.985178
22.375551,13.366877
22.329153,12.689917
24.184500,11.823981
22.788431,13.547681
23.412096,13.300540
23.391544,12.023692
22.951124,12.396992
22.839500,14.261186
22.176475,14.522720
7.326768,24.610047
7.834519,24.456921
6.820593,24.761563
5.523074,26.348008
23.067665,11.277560
22.835889,11.753381
23.807830,11.057061
23.403171,11.473640
23.300507,10.802863
25.078405,9.786564
23.829134,11.619811
24.430417,11.321708
24.304564,10.051133
23.896436,10.459427
23.939085,12.326167
23.299515,12.642133
7.475395,25.003815
7.936595,24.767573
5.959439,25.676590
6.539557,25.721726
6.073089,26.232461
4.853962,25.858800
6.380781,25.303279
5.427099,25.958838
4.977662,26.461494
23.920229,9.334191
23.728364,9.827619
24.639510,9.053357
24.270915,9.501791
24.113005,8.842130
25.800928,7.682081
24.707362,9.612564
25.281835,9.265527
25.051488,8.009870
24.678640,8.450202
24.875133,10.307325
24.264001,10.674946
5.269374,25.131252
5.787733,25.020457
4.752211,25.239955
3.327962,26.713404
24.609452,7.326480
24.458938,7.834834
25.303369,6.987804
24.972619,7.464790
24.760945,6.820462
26.347161,5.524490
25.416606,7.539327
25.960614,7.146183
25.627265,5.913465
25.292481,6.383528
25.641200,8.217636
25.062676,8.634726
5.385355,25.535662
5.864070,25.338411
3.819064,26.080995
4.393042,26.174281
3.886164,26.644802
2.702148,26.170558
4.269693,25.744093
3.265479,26.318091
2.776442,26.782732
25.130701,5.269494
25.022183,5.788317
25.793842,4.873537
25.504535,5.376580
25.238341,4.752452
26.714047,3.329261
25.952482,5.415064
26.461824,4.977813
26.028614,3.776348
25.732694,4.273592
26.232598,6.071979
25.690434,6.535288
3.176771,25.481184
3.701491,25.412938
2.651833,25.545486
1.112553,26.896946
25.480651,3.177585
25.414533,3.701803
26.107051,2.727453
25.862198,3.251740
25.544727,2.652436
26.898161,1.113934
26.311533,3.254005
26.781626,2.775374
26.250519,1.615558
25.998676,2.134405
26.644402,3.885770
26.141910,4.390138
3.258663,25.894104
3.751503,25.735439
1.651600,26.307277
2.216764,26.447169
1.670518,26.875375
0.000000,26.139244
1.060641,25.656484
0.640878,25.671445
2.130393,26.009814
1.589712,25.633105
0.776833,26.393338
1.253445,26.557767
0.553883,26.920123
0.000000,26.534946
0.585064,26.042728
1.216677,26.033527
25.655919,1.061232
25.631775,1.590607
26.307448,0.000000
25.671732,0.640775
26.416666,0.813642
26.560377,1.316899
26.049146,1.084871
26.919510,0.552161
26.532787,0.000000
26.084504,0.000000
26.008691,0.543645
26.415646,2.216442
