22.165588,0.000000
22.088269,1.830426
21.861199,3.647943
21.485299,5.441094
20.962218,7.196866
20.296291,8.903407
19.491673,10.548976
18.553907,12.122596
17.489873,13.613116
16.305259,15.011635
15.010896,16.305976
13.612133,17.490849
12.121822,18.554918
10.548910,19.492184
8.902779,20.296569
7.196429,20.962816
5.440641,21.485815
3.647982,21.861719
1.830264,22.089464
0.000000,22.166825
-0.000000,23.593325
1.949035,23.511500
3.883701,23.271004
5.791936,22.870690
7.660849,22.314032
9.477091,21.605311
11.228942,20.748924
12.904368,19.751248
14.491229,18.617838
15.978626,17.357830
17.357717,15.978515
18.617661,14.491103
19.750868,12.904229
20.748614,11.228683
21.605107,9.477149
22.313828,7.660578
22.870464,5.791489
23.270516,3.883617
23.511150,1.948252
23.591942,-0.000000
11.336715,19.025791
12.067295,20.252063
11.310211,19.869253
10.944178,19.259190
12.061177,19.352095
11.544430,19.419440
11.729633,18.790953
13.698731,19.186476
11.850408,19.835636
12.486796,20.001635
12.909799,18.871316
12.386523,18.923577
12.615026,19.354984
12.282480,19.673274
11.648181,20.501521
10.353784,21.179211
12.868783,18.024689
12.497056,18.289874
13.619827,18.293028
13.107976,18.402138
13.241125,17.758731
15.236089,17.989733
13.445546,18.791277
14.096321,18.902440
14.424066,17.740720
13.905827,17.837288
13.301722,19.469899
10.498484,20.358365
9.605533,20.764593
14.313328,16.899862
13.964682,17.195611
15.084711,17.105921
14.583282,17.256536
14.663155,16.604126
16.669548,16.669870
14.951174,17.616865
15.608757,17.673987
15.840093,16.488738
15.331627,16.627816
14.863457,18.304926
14.170496,18.247033
11.036294,20.324047
10.792698,20.964460
10.768989,19.900641
9.915062,21.393345
8.569229,21.961904
9.726826,19.896482
10.138448,19.695595
9.947184,20.323795
9.316630,20.097757
10.141930,20.766480
15.659928,15.660339
15.337216,15.983419
16.444512,15.801741
15.957899,15.993198
15.983557,15.337041
17.989173,15.236449
16.355031,16.321723
17.015130,16.324464
17.147203,15.124646
16.652075,15.305084
16.324138,17.015131
15.629751,17.013853
8.792678,21.185386
9.315060,21.184732
9.025090,21.783840
7.863868,21.481077
9.064372,20.734043
8.388499,21.540953
8.114469,22.138869
16.899562,14.313748
16.604178,14.662830
17.693832,14.389808
17.224436,14.620784
17.195771,13.964493
19.185906,13.699119
17.646765,14.915574
18.305001,14.863890
18.337900,13.657066
17.859260,13.877562
17.673752,15.608844
16.980448,15.665567
8.050505,20.632032
8.476775,20.465075
8.254390,21.072258
7.625016,20.798488
8.621048,20.810657
6.726119,22.594635
18.023968,12.868964
17.758732,13.241213
18.821770,12.879623
18.372895,13.148460
18.290154,12.496992
20.251454,12.067862
18.818337,13.407430
19.469892,13.301657
19.402813,12.095880
18.944113,12.355350
18.902152,14.096431
18.216466,14.209764
7.011199,21.832485
7.534819,21.877780
7.195209,22.454969
6.062447,22.057722
7.326981,21.409734
6.582476,22.158638
6.258532,22.733476
19.024985,11.336732
18.791217,11.729827
19.820636,11.281352
19.395757,11.586224
19.259559,10.944092
21.178719,10.354097
19.861109,11.807497
20.501565,11.648189
20.335348,10.452560
19.899685,10.748765
20.001586,12.487337
19.327805,12.656751
6.319308,21.226617
6.758054,21.095108
5.881379,21.357329
4.837188,23.073165
19.896277,9.726974
19.695644,10.138140
20.684694,9.606203
20.286407,9.945092
20.097437,9.316396
21.961456,8.569861
20.768103,10.127251
21.393385,9.915406
21.129049,8.737704
20.719353,9.068862
20.964254,10.792695
20.306475,11.017622
6.481924,21.682440
6.874810,21.453944
5.184402,22.337832
5.702212,22.425799
5.316293,22.972718
4.220101,22.483229
5.533462,21.941957
4.729907,22.626750
4.360003,23.172876
20.631596,8.050771
20.465547,8.477185
21.407344,7.865348
21.038503,8.235874
20.798142,7.625080
22.594175,6.726900
21.533495,8.377793
22.139049,8.114845
21.778459,6.963111
21.397535,7.326857
21.783902,9.024734
21.147073,9.303172
4.544820,21.676134
4.992732,21.581276
4.097483,21.769936
2.915230,23.393429
21.226118,6.319334
21.095740,6.758244
21.983959,6.070675
21.646847,6.470320
21.356875,5.881405
23.072516,4.837787
22.151724,6.570929
22.733626,6.258846
22.279135,5.140769
21.929765,5.534929
22.454680,7.194856
21.843064,7.525015
4.669554,22.143774
5.079513,21.948364
3.322421,22.689909
3.830954,22.820455
3.401099,23.333519
2.349418,22.754485
3.702624,22.324103
2.845660,22.939967
2.431893,23.453910
21.675540,4.544982
21.581708,4.993082
22.410259,4.234072
22.107574,4.660414
21.768954,4.097629
23.393308,2.915642
22.618714,4.719319
23.172704,4.360110
22.627527,3.282994
22.311570,3.705218
22.972391,5.315832
22.390098,5.695481
2.739635,21.977797
3.193432,21.919901
2.285839,22.033923
0.974266,23.554362
21.977123,2.740084
21.920162,3.193655
22.682481,2.369312
22.417135,2.818656
22.033057,2.286191
23.554225,0.974793
22.931291,2.835521
23.452951,2.431422
22.821155,1.404178
22.541848,1.850307
23.332833,3.400940
22.783817,3.826198
2.825561,22.454215
3.249725,22.292423
1.436755,22.886173
1.933364,23.058242
1.461977,23.534828
0.000000,22.679763
0.914854,22.129180
0.552996,22.142935
1.847307,22.554276
1.372167,22.109443
0.676950,22.973325
1.092449,23.167348
0.486318,23.574580
-0.000000,23.134531
0.505143,22.569801
1.054874,22.565404
22.128281,0.915137
22.108248,1.372577
22.873701,0.000000
22.142443,0.552941
22.999033,0.708293
23.171137,1.147697
22.581580,0.940606
23.573693,0.485604
23.132795,0.000000
22.615889,0.000000
22.529838,0.468877
23.021870,1.932165
