22.491763,-0.000000
22.413114,1.857350
22.182696,3.701558
21.801228,5.521120
21.270441,7.302718
20.594725,9.034357
19.778269,10.704121
18.826697,12.300875
17.747007,13.813316
16.544984,15.232395
15.231589,16.545760
13.812226,17.748069
12.300016,18.827792
10.704068,19.778793
9.033663,20.594991
7.302239,21.271050
5.520620,21.801726
3.701625,22.183173
1.857184,22.414324
0.000000,22.493005
-0.000000,23.900046
1.974467,23.817097
3.934244,23.573506
5.867277,23.167996
7.760490,22.604115
9.600318,21.886184
11.374981,21.018672
13.072173,20.008015
14.679650,18.859857
16.186379,17.583477
17.583387,16.186219
18.859700,14.679481
20.007639,13.071991
21.018373,11.374666
21.886001,9.600367
22.603938,7.760182
23.167816,5.866776
23.573048,3.934173
23.816843,1.973600
23.898654,-0.000000
11.503578,19.305846
12.224312,20.515607
11.466633,20.143982
11.105393,19.542545
12.228828,19.621052
11.707856,19.694386
11.902193,19.067513
13.876978,19.436147
12.010923,20.104269
12.649355,20.261781
13.088268,19.132192
12.561492,19.190849
12.785922,19.617123
12.447674,19.937666
11.799702,20.768326
10.488530,21.454817
13.058180,18.289991
12.681118,18.558964
13.809103,18.547186
13.293477,18.662642
13.435947,18.020138
15.434347,18.223837
13.627669,19.045734
14.279854,19.148317
14.623506,17.985945
14.102217,18.089186
13.474754,19.723284
10.643148,20.638798
9.738213,21.051273
14.523977,17.148577
14.170350,17.448600
15.294292,17.343580
14.789651,17.500806
14.878953,16.848554
16.886460,16.886785
15.153699,17.855433
15.811972,17.903884
16.059107,16.716691
15.548163,16.862648
15.056756,18.543173
14.362398,18.494162
11.185456,20.598783
10.933296,21.237185
10.920957,20.181473
10.043978,21.671748
8.680715,22.247696
9.869986,20.189292
10.287664,19.985500
10.087557,20.610578
9.453927,20.393542
10.279240,21.047606
15.890398,15.890831
15.563065,16.218578
16.673001,16.021307
16.183740,16.219596
16.218773,15.562825
18.223243,15.434725
16.576552,16.542741
17.236641,16.536806
17.384278,15.333743
16.887260,15.521238
16.536468,17.236618
15.841421,17.244288
8.913473,21.476433
9.440785,21.470675
9.142735,22.067195
7.972513,21.777745
9.192213,21.026582
8.502061,21.832416
8.219935,22.426946
17.148274,14.524426
16.848660,14.878550
17.939666,14.589753
17.468201,14.827761
17.448827,14.170089
19.435549,13.877394
17.885779,15.117551
18.543290,15.057220
18.591436,13.845870
18.111487,14.073546
17.903656,15.812051
17.210409,15.877752
8.168990,20.935691
8.601455,20.766230
8.370876,21.369523
7.737396,21.104582
8.743816,21.106938
6.813586,22.888651
18.289224,13.058365
18.020196,13.436016
19.083274,13.058592
18.632907,13.334592
18.559332,12.681014
20.514965,12.224932
19.073207,13.588989
19.723322,13.474661
19.671076,12.263121
19.211666,12.529839
19.148041,14.279967
18.463158,14.402234
7.107590,22.132592
7.636497,22.173182
7.289031,22.747089
6.146195,22.362333
7.430328,21.711822
6.671615,22.458473
6.339854,23.029262
19.304987,11.503583
19.067873,11.902394
20.096032,11.438138
19.670263,11.750253
19.543017,11.105277
21.454310,10.488864
20.130109,11.967397
20.768424,11.799690
20.616511,10.597087
20.180749,10.900569
20.261785,12.649956
19.589553,12.828199
6.412320,21.539018
6.857469,21.405495
5.968091,21.671649
4.900057,23.373400
20.189115,9.870136
19.985605,10.287296
20.972098,9.739712
20.573533,10.085898
20.393221,9.453636
22.247242,8.681413
21.049392,10.264398
21.671844,10.044351
21.421186,8.858525
21.011992,9.196934
21.237010,10.933276
20.581495,11.166888
6.573418,21.988345
6.972662,21.759274
5.255668,22.644872
5.779126,22.728572
5.385669,23.271583
4.278405,22.793722
5.611501,22.251525
4.793974,22.932905
4.416637,23.474365
20.935258,8.169265
20.766828,8.601896
21.704779,7.974672
21.336285,8.352484
21.104245,7.737445
22.888195,6.814471
21.825154,8.491253
22.427204,8.220352
22.079568,7.059402
21.699752,7.430316
22.067329,9.142313
21.433479,9.429215
4.611711,21.995155
5.066151,21.898802
4.157922,22.090327
2.953064,23.697792
21.538528,6.412321
21.406287,6.857667
22.289420,6.155068
21.953232,6.561928
21.671207,5.968099
23.372754,4.900742
22.451744,6.659910
23.029501,6.340209
22.587148,5.211843
22.239503,5.613086
22.746843,7.288617
22.138904,7.626976
4.735475,22.456169
5.151816,22.260731
3.368087,23.001755
3.882582,23.128548
3.445555,23.637114
2.381853,23.068695
3.754850,22.639079
2.884238,23.250346
2.463488,23.759094
21.994582,4.611872
21.899387,5.066528
22.721626,4.292914
22.420517,4.726383
22.089310,4.158073
23.697777,2.953554
22.925059,4.783251
23.474268,4.416758
22.940417,3.328377
22.626689,3.757568
23.271312,5.385144
22.693355,5.772644
2.779992,22.301272
3.240359,22.242400
2.319621,22.358144
0.986948,23.860807
22.300636,2.780483
22.242820,3.240592
22.997605,2.402265
22.734521,2.858543
22.357303,2.320002
23.860820,0.987557
23.241913,2.873973
23.758140,2.462961
23.136639,1.423619
22.860262,1.876469
23.636464,3.445380
23.092383,3.878005
2.865442,22.771038
3.295964,22.609670
1.456488,23.200790
1.959397,23.369557
1.481091,23.841106
0.000000,22.998287
0.928294,22.454873
0.561078,22.468706
1.873368,22.872533
1.392269,22.434765
0.686137,23.287773
1.107236,23.478753
0.492522,23.881291
-0.000000,23.446910
0.512512,22.889752
1.069788,22.884879
22.454018,0.928610
22.433568,1.392725
23.189548,0.000000
22.468311,0.561016
23.313242,0.717984
23.482428,1.163231
22.900997,0.953911
23.880447,0.491710
23.445126,0.000000
22.935397,0.000000
22.850417,0.475773
23.333712,1.958281
