28.845543,-0.000000
28.743097,2.382152
28.447510,4.746643
27.957905,7.080826
27.277047,9.365788
26.410582,11.586450
25.363473,13.727804
24.142980,15.775461
22.758279,17.715051
21.217064,19.534699
19.532758,21.218832
17.712113,22.760820
15.773132,24.145426
13.727919,25.364279
11.584471,26.411045
9.364380,27.278063
7.079254,27.958428
4.746983,28.447787
2.382065,28.744881
-0.000000,28.847057
-0.000000,29.956269
2.476184,29.852866
4.931631,29.547909
7.354643,29.039749
9.727830,28.333081
12.033697,27.433185
14.258779,26.345778
16.386118,25.078588
18.400638,23.639386
20.289133,22.039729
22.040004,20.288144
23.639444,18.399868
25.078342,16.385187
26.345413,14.257695
27.432799,12.033882
28.332803,9.727366
29.039772,7.353750
29.547162,4.932458
29.853624,2.474538
29.955197,0.000000
14.755306,24.762836
15.325117,25.719711
14.535601,25.534605
14.247071,25.064177
15.516503,24.895203
14.906195,25.074861
15.264178,24.457188
17.396981,24.366223
15.167144,25.386576
15.859786,25.398791
16.590291,24.251283
15.986876,24.423184
16.146700,24.772125
15.698507,25.140948
14.791149,26.037324
13.149520,26.897002
16.749002,23.459794
16.268248,23.802498
17.520988,23.531616
16.924091,23.760747
17.231816,23.114458
19.349448,22.846565
17.208787,24.049450
17.904140,24.003546
18.536694,22.798183
17.947035,23.020894
16.890965,24.727305
13.482687,26.143756
12.341826,26.677675
18.628938,21.995583
18.178472,22.378295
19.404432,22.004513
18.828847,22.281497
19.083257,21.612119
21.169888,21.170052
19.136007,22.546626
19.824902,22.443480
20.356452,21.189812
19.787434,21.460060
18.873561,23.248443
18.136546,23.354160
14.119849,26.002564
13.709832,26.622506
13.896714,25.679641
12.589324,27.169718
10.882852,27.891076
12.659910,25.895139
13.194388,25.635337
12.836088,26.224894
12.129554,26.157209
12.979490,26.575703
20.381604,20.382513
19.964282,20.800799
21.153999,20.327161
20.603814,20.650505
20.801525,19.963084
22.845379,19.350032
20.932372,20.888784
21.610684,20.729747
22.036013,19.436814
21.491541,19.753060
20.728991,21.610875
20.004225,21.775956
11.285536,27.190775
11.914303,27.096269
11.465800,27.662481
10.104661,27.599831
11.695320,26.754439
10.735196,27.564104
10.302282,28.116090
21.994937,18.630123
21.612942,19.081848
22.760686,18.510976
22.239078,18.878629
22.379247,18.176898
24.365213,17.397712
22.585530,19.089269
23.248708,18.874580
23.566159,17.550827
23.049370,17.910576
22.443273,19.825265
21.732895,20.050537
10.478419,26.853006
11.030364,26.635228
10.651616,27.189475
9.927557,27.069163
11.144652,26.902038
8.541347,28.694616
23.458246,16.749539
23.115358,17.231657
24.211623,16.568351
23.721696,16.977633
23.803878,16.267471
25.718307,15.326516
24.084698,17.159240
24.727629,16.890657
24.934632,15.544937
24.449515,15.946103
24.003327,17.904733
23.314608,18.187344
9.000253,28.024624
9.637083,27.984494
9.141924,28.515240
7.789712,28.340391
9.453782,27.626406
8.424446,28.354878
7.945588,28.870642
24.761188,14.755320
24.458906,15.264689
25.496663,14.512809
25.042546,14.960616
25.065729,14.246718
26.896105,13.149981
25.419304,15.111714
26.037716,14.791015
26.133063,13.433154
25.682934,13.872656
25.399620,15.861568
24.737040,16.199912
8.225282,27.626693
8.793966,27.454568
7.658113,27.796736
6.142107,29.302353
25.895380,12.660238
25.635800,13.193286
26.608085,12.357861
26.192746,12.841752
26.156097,12.128383
27.890276,10.884199
26.580179,12.961287
27.170144,12.590184
27.153151,11.229424
26.740735,11.704426
26.622692,13.709720
25.989790,14.102264
8.364941,27.977256
8.886261,27.731867
6.655193,28.673103
7.292575,28.685158
6.755904,29.172979
5.422634,28.887277
7.139451,28.312811
6.053642,28.953766
5.534817,29.428411
26.852514,10.478684
26.637557,11.031347
27.537566,10.118439
27.163970,10.634907
27.068309,9.927388
28.693805,8.543833
27.559804,10.722348
28.116976,10.303425
27.987549,8.948905
27.616084,9.456019
27.663784,11.464538
27.065601,11.907933
5.915612,28.211813
6.496326,28.087142
5.336147,28.333828
3.700421,29.708658
27.626112,8.224639
27.457649,8.794423
28.279660,7.810077
27.949205,8.354924
27.795921,7.657938
29.301378,6.144078
28.350872,8.409748
28.871729,7.946514
28.630765,6.606764
28.302941,7.143317
28.515842,9.140443
27.956593,9.632201
6.026264,28.572286
6.565780,28.371111
4.264870,29.124596
4.898545,29.189750
4.324008,29.631743
3.018712,29.235485
4.777478,28.806068
3.642743,29.354516
3.087213,29.785763
28.211407,5.915616
28.089847,6.497006
28.827665,5.446865
28.544793,6.017663
28.331664,5.336528
29.709752,3.702588
28.948722,6.040331
29.429058,5.534820
29.079516,4.218912
28.795434,4.782463
29.173659,6.754297
28.656917,7.290150
3.566640,28.604839
4.154213,28.527649
2.978289,28.676509
1.237261,29.912518
28.604384,3.567674
28.530236,4.154589
29.177812,3.048550
28.945308,3.639557
28.675931,2.979030
29.914766,1.239308
29.349432,3.630126
29.784577,3.085569
29.326877,1.805292
29.093187,2.388850
29.631814,4.323242
29.160285,4.897196
3.646527,28.973621
4.200348,28.815579
1.844792,29.377704
2.471607,29.494235
1.858800,29.888706
0.000000,29.238130
1.190936,28.801341
0.719706,28.817911
2.384058,29.103491
1.783318,28.775197
0.866484,29.463922
1.398183,29.607037
0.614761,29.938415
-0.000000,29.592344
0.656466,29.150562
1.361359,29.137491
28.801121,1.191704
28.773851,1.784670
29.388456,0.000000
28.818749,0.719558
29.485672,0.908146
29.608908,1.469093
29.152967,1.213754
29.938025,0.612217
29.590150,0.000000
29.189576,0.000000
29.120797,0.610395
29.466075,2.472072
