20.145475,-0.000000
20.076823,1.663644
19.870371,3.315876
19.528920,4.945481
19.053514,6.541323
18.448166,8.092436
17.716881,9.588232
16.864697,11.018654
15.897688,12.373445
14.820909,13.644639
13.644416,14.821159
12.373232,15.897990
11.018482,16.865036
9.588130,17.717216
8.092309,18.448520
6.541224,19.053946
4.945396,19.529408
3.315838,19.870925
1.663608,20.077485
0.000000,20.146164
-0.000000,21.705650
1.792440,21.631091
3.572611,21.409688
5.328330,21.041360
7.047734,20.529139
8.718913,19.877046
10.330360,19.089099
11.871923,18.171328
13.331976,17.128768
14.700464,15.969520
15.969339,14.700598
17.128548,13.332078
18.171054,11.872000
19.088797,10.330405
19.876716,8.718958
20.528758,7.047727
21.040911,5.328288
21.409152,3.572577
21.630494,1.792358
21.704944,-0.000000
10.303403,17.291287
11.101186,18.630351
10.344791,18.173555
9.945860,17.504269
11.026194,17.691552
10.534549,17.720203
10.660976,17.078201
12.602016,17.650183
10.860777,18.179289
11.486618,18.400840
11.808393,17.261211
11.305487,17.272109
11.561456,17.738763
11.264413,18.043719
10.715784,18.859794
9.524689,19.483222
11.695985,16.381642
11.357351,16.623348
12.451419,16.724010
11.961751,16.792264
12.034662,16.139882
14.016299,16.549276
12.322716,17.222445
12.967087,17.389499
13.193253,16.227330
12.692508,16.280943
12.236989,17.910821
9.605831,18.627806
8.786723,18.995298
13.008952,15.359674
12.691222,15.628856
13.790995,15.638820
13.308189,15.747100
13.326766,15.090500
15.334996,15.335178
13.702615,16.146027
14.358476,16.259417
14.488510,15.081947
13.993863,15.176921
13.674128,16.839093
12.987516,16.723456
10.116845,18.630268
9.927613,19.286193
9.830136,18.165379
9.121781,19.680207
7.883336,20.203252
8.840290,18.083018
9.214261,17.900201
9.079960,18.551739
8.466423,18.265858
9.295419,19.033095
14.232795,14.233006
13.938728,14.527108
15.034085,14.446316
14.562447,14.594220
14.526927,13.938895
16.549045,14.016453
14.989367,14.959088
15.652270,15.017909
15.684144,13.834214
15.199074,13.969615
15.017737,15.652430
14.324914,15.593215
8.047446,19.389503
8.540117,19.422067
8.301255,20.040171
7.193411,19.650113
8.274554,18.926522
7.688371,19.743914
7.465501,20.366255
15.359440,13.009137
15.090294,13.326905
16.176313,13.155521
15.718208,13.341824
15.628645,12.691363
17.649915,12.602143
16.173246,13.670350
16.838904,13.674278
16.773224,12.491879
16.300934,12.666715
16.259218,14.358612
15.562848,14.357464
7.316827,18.751399
7.704586,18.600013
7.534743,19.235516
6.929130,18.902749
7.862110,18.979109
6.188008,20.785412
16.381341,11.696125
16.139638,12.034805
17.207454,11.774787
16.766237,11.998300
16.623111,11.357472
18.630046,11.101303
17.247020,12.288059
17.910586,12.237075
17.747157,11.063723
17.291032,11.277282
17.389259,12.967194
16.695700,13.023186
6.416512,19.980685
6.908133,20.056749
6.617984,20.657328
5.545639,20.177760
6.688472,19.543180
6.032916,20.309989
5.758139,20.913439
17.290946,10.303508
17.077944,10.661101
18.120461,10.313419
17.699435,10.572596
17.504007,9.945954
19.482889,9.524767
18.202573,10.821608
18.859528,10.715854
18.599988,9.560534
18.163021,9.810806
18.400580,11.486735
17.714158,11.599735
5.743363,19.291840
6.142315,19.172915
5.344472,19.410700
4.450421,21.225688
18.082688,8.840388
17.899900,9.214330
18.910325,8.781927
18.512022,9.074928
18.265514,8.466493
20.202878,7.883414
19.033728,9.281612
19.679903,9.121854
19.325957,7.991991
18.911140,8.277498
19.285887,9.927671
18.610901,10.097309
5.916702,19.792289
6.269938,19.566547
4.744759,20.443247
5.228164,20.559376
4.889488,21.133587
3.860317,20.566953
5.051328,20.029224
4.334903,20.739158
4.011489,21.317741
18.751006,7.316924
18.599698,7.704696
19.571075,7.190373
19.198274,7.515239
18.902354,6.929207
20.784980,6.188067
19.735175,7.678205
20.365916,7.465551
19.920030,6.368792
19.530190,6.687578
20.039842,8.301265
19.381233,8.526026
4.130651,19.700335
4.538029,19.614885
3.723313,19.785696
2.682443,21.520543
19.291386,5.743429
19.172558,6.142392
20.098238,5.549666
19.753490,5.904171
19.410237,5.344532
21.225172,4.450449
20.301914,6.022304
20.913036,5.758159
20.378197,4.702137
20.016001,5.051987
20.656917,6.617970
20.019112,6.896375
4.262322,20.213528
4.632569,20.017489
3.040723,20.765667
3.512772,20.921207
3.127629,21.465217
2.149342,20.815264
3.379972,20.377890
2.607799,21.026299
2.237426,21.575919
19.699807,4.130710
19.614450,4.538105
20.488127,3.870812
20.173777,4.252730
19.785129,3.723366
21.519995,2.682446
20.730036,4.325146
21.317242,4.011480
20.696548,3.002902
20.364624,3.381720
21.133106,4.889444
20.520489,5.219732
2.489759,19.974361
2.902779,19.922647
2.076740,20.025940
0.896202,21.668509
19.973765,2.489824
19.922135,2.902832
20.737362,2.165911
20.455883,2.572191
20.025313,2.076794
21.667902,0.896228
21.016287,2.598456
21.575293,2.237371
20.874294,1.284197
20.574619,1.688670
21.464639,3.127596
20.881528,3.506849
2.579237,20.496508
2.963926,20.331339
1.315144,20.944669
1.772896,21.139080
1.344341,21.649938
0.000000,20.711950
0.831776,20.111890
0.503154,20.125333
1.686354,20.587696
1.247672,20.094685
0.620248,21.033239
1.001314,21.247810
0.448052,21.687124
0.000000,21.208642
0.459582,20.592143
0.962669,20.590943
20.111228,0.831807
20.094009,1.247719
20.924797,0.000000
20.124699,0.503154
21.061126,0.648495
21.252938,1.052039
20.608126,0.858276
21.686460,0.447997
21.207901,0.000000
20.641801,0.000000
20.548443,0.426205
21.099515,1.771174
