28.915780,0.000000
28.813086,2.387959
28.516780,4.758203
28.025982,7.098075
27.343467,9.388605
26.474892,11.614673
25.425233,13.761242
24.201767,15.813885
22.813694,17.758199
21.268729,19.582276
19.580321,21.270508
17.755241,22.816252
15.811542,24.204228
13.761357,25.426046
11.612678,26.475365
9.387184,27.344493
7.096490,28.026513
4.758542,28.517065
2.387873,28.814883
-0.000000,28.917305
-0.000000,30.023906
2.481783,29.920286
4.942763,29.614641
7.371250,29.105335
9.749799,28.397071
12.060872,27.495141
14.290984,26.405277
16.423130,25.135220
18.442195,23.692769
20.334954,22.089501
22.089777,20.333959
23.692824,18.441423
25.134972,16.422193
26.404905,14.289896
27.494745,12.061063
28.396783,9.749339
29.105351,7.370359
29.613880,4.943606
29.921043,2.480135
30.022835,-0.000000
14.791264,24.823176
15.359749,25.777834
14.569708,25.594522
14.281811,25.125237
15.553028,24.953798
14.941674,25.134545
15.301347,24.516791
17.436295,24.421283
15.202279,25.445384
15.895644,25.456163
16.629215,24.308184
16.024883,24.481241
16.184116,24.829519
15.734716,25.198913
14.824552,26.096175
13.179240,26.957783
16.789814,23.516961
16.307914,23.860480
17.562226,23.586996
16.964367,23.817301
17.273782,23.170794
19.393172,22.898194
17.248652,24.105157
17.944616,24.057771
18.580185,22.851675
17.989696,23.075617
16.929112,24.783196
13.514255,26.204965
12.370765,26.740223
18.674329,22.049183
18.222792,22.432806
19.450095,22.056298
18.873656,22.334531
19.129737,21.664798
21.217726,21.217889
19.180339,22.598852
19.869718,22.494179
20.404213,21.239532
19.834471,21.511073
18.916185,23.300999
18.178566,23.408270
14.152527,26.062736
13.740841,26.682652
13.929737,25.740651
12.617748,27.231127
10.907452,27.954104
12.690762,25.958233
13.226520,25.697817
12.866588,26.287189
12.159140,26.220941
13.009552,26.637248
20.431267,20.432182
20.012948,20.851467
21.203783,20.375000
20.652846,20.699659
20.852190,20.011746
22.896999,19.393761
20.980861,20.937168
21.659532,20.776574
22.087713,19.482421
21.542628,19.800017
20.775811,21.659733
20.050571,21.826409
11.311915,27.254319
11.941850,27.158923
11.491742,27.724972
10.128361,27.664552
11.723096,26.818003
10.760057,27.627918
10.325536,28.179634
22.048530,18.675526
21.665623,19.128324
22.814246,18.554542
22.292002,18.923567
22.433757,18.221208
24.420267,17.437028
22.637848,19.133486
23.301257,18.917211
23.621449,17.592009
23.104158,17.953153
22.493968,19.870090
21.783245,20.096995
10.503960,26.918439
11.057215,26.700132
10.676924,27.254056
9.951776,27.135118
11.171269,26.966297
8.560648,28.759461
23.515403,16.790358
23.171697,17.273625
24.268598,16.607344
23.778146,17.018047
23.861861,16.307133
25.776417,15.361156
24.140485,17.198989
24.783515,16.928806
24.993131,15.581415
24.507630,15.984011
24.057548,17.945220
23.368620,18.229486
9.021299,28.090143
9.659364,28.049213
9.162617,28.579660
7.807980,28.406845
9.476235,27.692041
8.443959,28.420526
7.963520,28.935887
24.821519,14.791280
24.518516,15.301865
25.556662,14.546968
25.102139,14.996230
25.126788,14.281460
26.956878,13.179702
25.478182,15.146720
26.096560,14.824420
26.194373,13.464678
25.743982,13.905636
25.456997,15.897439
24.794348,16.237451
8.245333,27.694010
8.815372,27.521463
7.676801,27.864466
6.155983,29.368573
25.958476,12.691094
25.698275,13.225415
26.670698,12.386948
26.255078,12.872324
26.219811,12.157963
27.953295,10.908801
26.641746,12.991312
27.231546,12.618613
27.216856,11.255778
26.804296,11.732250
26.682836,13.740732
26.050000,14.134945
8.384821,28.043710
8.907476,27.798098
6.670758,28.740136
7.309431,28.751497
6.771208,29.238888
5.435352,28.955017
7.156406,28.380075
6.067663,29.020801
5.547304,29.494914
26.917943,10.504225
26.702470,11.058205
27.602365,10.142254
27.228615,10.660229
27.134248,9.951606
28.758639,8.563148
27.623640,10.747187
28.180516,10.326687
28.053210,8.969907
27.681726,9.478500
27.726283,11.490476
27.128302,11.935530
5.930034,28.280556
6.512134,28.155578
5.349178,28.402869
3.708770,29.775797
27.693423,8.244683
27.524559,8.815833
28.346209,7.828463
28.015715,8.374816
27.863638,7.676628
29.367588,6.157966
28.416539,8.429230
28.936972,7.964451
28.697934,6.622271
28.370215,7.160298
28.580268,9.161126
28.021361,9.654527
6.040587,28.640152
6.581456,28.438870
4.274842,29.192684
4.909861,29.257253
4.333823,29.698691
3.025793,29.304041
4.788827,28.874503
3.651186,29.422481
3.094178,29.853074
28.280147,5.930035
28.158295,6.512817
28.895500,5.459684
28.612725,6.031990
28.400684,5.349562
29.776891,3.710958
29.015777,6.054325
29.495559,5.547302
29.147745,4.228810
28.863876,4.793836
29.239572,6.769591
28.723308,7.307046
3.575341,28.674546
4.164312,28.597158
2.985573,28.746380
1.240055,29.980112
28.674083,3.576380
28.599757,4.164690
29.246474,3.055729
29.014196,3.648226
28.745798,2.986317
29.982372,1.242116
29.417419,3.638545
29.851878,3.092521
29.395676,1.809537
29.162337,2.394538
29.698767,4.333047
29.227837,4.908547
3.655196,29.042446
4.210375,28.884400
1.849116,29.446391
2.477312,29.562446
1.863021,29.956246
0.000000,29.307404
1.193846,28.871519
0.721469,28.888130
2.389729,29.172634
1.787634,28.845317
0.868489,29.532622
1.401422,29.675306
0.616126,30.006070
0.000000,29.660788
0.658060,29.220010
1.364591,29.206856
28.871298,1.194617
28.843963,1.788997
29.457364,0.000000
28.888970,0.721319
29.554333,0.910259
29.677154,1.472499
29.222321,1.216632
30.005676,0.613564
29.658586,0.000000
29.258963,0.000000
29.190323,0.611884
29.534345,2.477795
