21.953521,0.000000
21.877077,1.812921
21.652183,3.613084
21.279902,5.389064
20.761832,7.128045
20.102267,8.818266
19.305346,10.448105
18.376556,12.006684
17.322701,13.482951
16.149404,14.868103
14.867415,16.150073
13.482045,17.323609
12.005971,18.377500
10.448035,19.305834
8.817684,20.102540
7.127637,20.762405
5.388642,21.280413
3.613106,21.652712
1.812762,21.878241
-0.000000,21.954734
0.000000,23.394164
1.932520,23.313076
3.850883,23.074591
5.743018,22.677649
7.596153,22.125682
9.397084,21.422940
11.134123,20.573777
12.795418,19.584530
14.368895,18.460698
15.843741,17.211321
17.211200,15.843656
18.460517,14.368792
19.584159,12.795305
20.573473,11.133898
21.422737,9.397146
22.125475,7.595909
22.677410,5.742608
23.074099,3.850792
23.312684,1.931795
23.392811,0.000000
11.228228,18.843700
11.965349,20.080943
11.208584,19.690755
10.839364,19.074954
11.952249,19.177336
11.438226,19.240751
11.617441,18.611138
13.583001,19.024364
11.746146,19.661137
12.381252,19.832721
12.793849,18.701819
12.272822,18.749883
12.504022,19.184706
12.175188,19.501543
11.549802,20.328284
10.266297,21.000258
12.745647,17.852192
12.377389,18.114914
13.496849,18.127888
12.987426,18.232837
13.114459,17.588769
15.107368,17.837730
13.327248,18.625988
13.977159,18.742791
14.294493,17.581394
13.778206,17.673588
13.189376,19.305378
10.404501,20.176169
9.519333,20.578332
14.176375,16.738152
13.830969,17.031120
14.948542,16.951502
14.449173,17.097788
14.522851,16.445204
16.528716,16.529027
14.819625,17.461897
15.476818,17.524715
15.697804,16.340634
15.190914,16.475206
14.737955,18.150235
14.045849,18.086505
10.939410,20.145588
10.701412,20.787377
10.670235,19.718135
9.831358,21.212577
8.496845,21.776337
9.633750,19.706098
10.041431,19.507102
9.855965,20.137421
9.227367,19.905439
10.052742,20.583865
15.510089,15.510477
15.190381,15.830521
16.296059,15.659078
15.811135,15.846066
15.830630,15.190242
17.837202,15.107711
16.211144,16.178156
16.871312,16.186590
16.993179,14.988794
16.499244,15.164613
16.186280,16.871323
15.492264,16.864169
8.714204,20.996296
9.233400,20.998997
8.948707,21.599855
7.793283,21.288326
8.981297,20.543930
8.314735,21.351625
8.045991,21.951820
16.737863,14.176770
16.445230,14.522572
17.534111,14.259894
17.066025,14.486274
17.031246,13.830819
19.023823,13.583367
17.491516,14.784377
18.150290,14.738361
18.173183,13.534400
17.695355,13.750200
17.524483,15.476906
16.831081,15.527740
7.973473,20.434595
8.395712,20.269267
8.178694,20.879073
7.551952,20.599465
8.541258,20.618092
6.669331,22.403728
17.851512,12.745820
17.588743,13.114554
18.651867,12.763338
18.203927,13.027496
18.115146,12.377347
20.080367,11.965877
18.652790,13.289496
19.305351,13.189327
19.228528,11.987223
18.770249,12.241957
18.742507,13.977265
18.056233,14.084743
6.948579,21.637509
7.468778,21.685899
7.134294,22.265291
6.008037,21.859811
7.259821,21.213415
6.524575,21.963870
6.205731,22.541422
18.842942,11.228251
18.611350,11.617627
19.641706,11.179482
19.217370,11.479625
19.075268,10.839295
20.999789,10.266595
19.686383,11.703631
20.328305,11.549819
20.152682,10.358659
19.717040,10.650114
19.832651,12.381751
19.157793,12.545385
6.258837,21.023494
6.693416,20.893298
5.825003,21.152959
4.796371,22.878220
19.705889,9.633894
19.507126,10.041160
20.497963,9.519455
20.099818,9.853585
19.905132,9.227167
21.775907,8.497433
20.585395,10.038164
21.212593,9.831682
20.939254,8.659207
20.529188,8.985632
20.787165,10.701418
20.127843,10.920664
6.422469,21.483639
6.811215,21.255499
5.138105,22.138350
5.652255,22.229131
5.271251,22.778661
4.182222,22.281496
5.482750,21.740777
4.688292,22.427878
4.323231,22.977119
20.434172,7.973730
20.269671,8.396098
21.214097,7.794315
20.844990,8.160092
20.599129,7.552024
22.403281,6.670043
21.344052,8.304094
21.951963,8.046340
21.582836,6.900551
21.201146,7.259623
21.599884,8.948392
20.961043,9.221299
4.501332,21.468707
4.944996,21.374824
4.058190,21.561619
2.890666,23.195804
21.023007,6.258876
20.893840,6.693601
21.785500,6.015842
21.447744,6.410786
21.152514,5.825041
22.877587,4.796912
21.956850,6.513131
22.541529,6.206018
22.079028,5.094594
21.728490,5.484138
22.264993,7.133980
21.650909,7.458785
4.626716,21.940755
5.032522,21.745345
3.292755,22.487306
3.797422,22.620332
3.372237,23.136390
2.328348,22.550338
3.668686,22.119407
2.820601,22.738351
2.411379,23.255751
21.468118,4.501492
21.375172,4.945328
22.207961,4.195840
21.904210,4.617543
21.560678,4.058332
23.195632,2.891028
22.419735,4.677792
22.976914,4.323328
22.424251,3.253508
22.106798,3.671197
22.778316,5.270832
22.193126,5.645359
2.713397,21.767473
3.162921,21.710214
2.263878,21.823116
0.966032,23.355383
21.766794,2.713817
21.710391,3.163135
22.477746,2.347902
22.210881,2.792735
21.822254,2.264208
23.355170,0.966505
22.729533,2.810544
23.254810,2.410944
22.616196,1.391547
22.334935,1.833306
23.135701,3.372088
22.583397,3.792548
2.799646,22.248317
3.219674,22.086233
1.423938,22.681767
1.916455,22.856025
1.449566,23.335956
0.000000,22.472770
0.906118,21.917414
0.547746,21.931121
1.830372,22.347446
1.359096,21.897922
0.670981,22.769039
1.082844,22.965077
0.482288,23.375430
0.000000,22.931620
0.500354,22.361858
1.045181,22.357775
21.916507,0.906379
21.896750,1.359475
22.668510,0.000000
21.930587,0.547696
22.794926,0.701997
22.968965,1.137610
22.374014,0.931957
23.374535,0.481639
22.929942,0.000000
22.408263,0.000000
22.321500,0.464394
22.819323,1.915202
