23.893111,-0.000000
23.808907,1.973040
23.564098,3.931953
23.158731,5.865001
22.594834,7.757579
21.877061,9.597064
21.009743,11.370809
19.998862,13.066977
18.851913,14.673614
17.575093,16.181036
16.179917,17.576155
14.672051,18.853381
13.065738,20.000355
11.370785,21.010392
9.596079,21.877378
7.756909,22.595584
5.864288,23.159259
3.932127,23.564517
1.972874,23.810279
0.000000,23.894458
-0.000000,25.223375
2.084161,25.135706
4.152267,24.878747
6.192313,24.450817
8.190374,23.855754
10.131979,23.098078
12.005056,22.182548
13.796177,21.115867
15.492597,19.904092
17.082732,18.557074
18.557042,17.082398
19.903966,15.492278
21.115466,13.795828
22.182215,12.004528
23.097867,10.132011
23.855572,8.189939
24.450701,6.191620
24.878272,4.152298
25.135725,2.082992
25.221906,-0.000000
12.220568,20.509224
12.901758,21.652675
12.140176,21.327015
11.798123,20.760115
12.950609,20.779014
12.411010,20.877384
12.643619,20.255916
14.646015,20.513356
12.702556,21.261811
13.350729,21.384192
13.856778,20.255594
13.314383,20.340966
13.522311,20.746706
13.159646,21.077224
12.453383,21.919499
11.069890,22.643924
13.871996,19.429991
13.472039,19.715233
14.624001,19.641473
14.091629,19.783517
14.273042,19.143427
16.289718,19.233882
14.412409,20.142205
15.071698,20.209159
15.482295,19.041971
14.947291,19.173171
14.221244,20.816555
11.266148,21.846556
10.309560,22.285862
15.429109,18.217335
15.054105,18.535680
16.196609,18.366833
15.677604,18.551852
15.806153,17.898893
17.822307,17.822663
16.026349,18.883433
16.688730,18.895774
17.002186,17.698326
16.479934,17.873179
15.890707,19.571145
15.189323,19.559084
11.828264,21.782724
11.539909,22.413858
11.574924,21.389965
10.600154,22.872954
9.161754,23.480759
10.485134,21.447502
10.928761,21.231262
10.691619,21.844662
10.043884,21.664527
10.870911,22.258996
16.880694,16.881272
16.533519,17.229041
17.656723,16.966639
17.155456,17.193740
17.229408,16.533048
19.233106,16.290185
17.531048,17.495108
18.192320,17.452956
18.405130,16.234170
17.899267,16.451399
17.452522,18.192273
16.753519,18.237271
9.433754,22.729980
9.982608,22.703007
9.650312,23.289740
8.440374,23.055329
9.742339,22.285487
8.991392,23.088372
8.674946,23.669911
18.216952,15.429730
17.899174,15.805472
18.998052,15.450619
18.517036,15.718342
18.536114,15.053564
20.512600,14.646555
18.915644,15.987875
19.571358,15.891329
19.683163,14.658913
19.196821,14.916916
18.895536,16.688829
18.201320,16.792088
8.678138,22.240522
9.137147,22.060334
8.872145,22.648746
8.220300,22.419871
9.271913,22.381544
7.190993,24.157215
19.428984,13.872247
19.143670,14.273056
20.209122,13.829139
19.751638,14.135492
19.715889,13.471784
21.651827,12.902604
20.171387,14.371331
20.816702,14.221067
20.826204,12.983307
20.362936,13.280710
20.208878,15.071874
19.526153,15.231616
7.522744,23.425151
8.074698,23.446257
7.693841,24.007443
6.506842,23.674132
7.875050,23.011802
7.055711,23.750521
6.690703,24.305492
20.508090,12.220561
20.256608,12.643880
21.281673,12.113166
20.851335,12.456036
20.760916,11.797916
22.643279,11.070299
21.289157,12.656404
21.919719,12.453316
21.827168,11.219455
21.390140,11.553812
21.384354,13.351606
20.717414,13.566995
6.812007,22.881421
7.284595,22.739288
6.340709,23.022305
5.171338,24.668810
21.447362,10.485320
21.231497,10.928178
22.209422,10.314521
21.808897,10.691755
21.664077,10.043377
23.480185,9.162694
22.261380,10.855361
22.873178,10.600653
22.679104,9.378807
22.271179,9.748057
22.413742,11.539839
21.766523,11.810086
6.967149,23.304737
7.393586,23.072848
5.562626,23.967305
6.110613,24.033436
5.685012,24.561045
4.529488,24.130857
5.947314,23.583718
5.070026,24.252197
4.660967,24.775206
22.240017,8.678448
22.061350,9.137724
22.985293,8.445348
22.617488,8.854237
22.419449,8.220297
24.156661,7.192298
23.081819,8.980147
23.670368,8.675536
23.376114,7.474052
23.000163,7.875526
23.290101,9.649637
22.667562,9.972344
4.899157,23.366001
5.381595,23.263285
4.417662,23.467078
3.116311,25.011035
22.880866,6.811894
22.740632,7.284839
23.604493,6.518417
23.271442,6.956094
23.021788,6.340647
24.668064,5.172367
23.744442,7.043331
24.305971,6.691223
23.913435,5.517916
23.572265,5.949410
24.007302,7.693173
23.413638,8.066341
5.019161,23.800502
5.462840,23.604592
3.564786,24.344901
4.105097,24.456335
3.637397,24.946972
2.521558,24.421859
3.979590,23.994533
3.050465,24.587854
2.599787,25.075856
23.365417,4.899311
23.264385,5.382075
24.062126,4.546258
23.766946,5.010235
23.465792,4.417844
25.011329,3.117146
24.245021,5.058727
24.775304,4.661126
24.287693,3.523809
23.982601,3.982835
24.560923,5.684222
24.000048,6.105149
2.953415,23.691265
3.441962,23.628252
2.464810,23.751367
1.041653,25.183006
23.690670,2.954064
23.629204,3.442233
24.354318,2.544151
24.100040,3.030183
23.750538,2.465301
25.183549,1.042610
24.580289,3.039666
25.074818,2.599025
24.495103,1.507344
24.230344,1.989059
24.946392,3.637144
24.421948,4.101267
3.037080,24.134407
3.494879,23.974524
1.541540,24.555842
2.071592,24.711237
1.563568,25.162540
0.000000,24.369223
0.986099,23.854369
0.595888,23.868619
1.985542,24.242089
1.478614,23.832757
0.725701,24.642263
1.170972,24.820932
0.519264,25.204651
0.000000,24.793146
0.544201,24.266364
1.133936,24.259531
23.853617,0.986546
23.831471,1.479264
24.549672,0.000000
23.868526,0.595803
24.666702,0.759716
24.824079,1.230202
24.275361,1.011121
25.203895,0.518041
24.791127,0.000000
24.310157,0.000000
24.229473,0.505424
24.677404,2.070826
