26.056303,-0.000000
25.963925,2.151674
25.696910,4.287716
25.254709,6.395973
24.639714,8.459914
23.857001,10.465889
22.911157,12.400186
21.808723,14.249860
20.557937,16.001918
19.165637,17.645717
17.644189,19.167061
15.999704,20.559932
14.248095,21.810707
12.400216,22.911915
10.464467,23.857381
8.458934,24.640606
6.394905,25.255238
4.288010,25.697240
2.151537,25.965484
0.000000,26.057732
-0.000000,27.281194
2.254661,27.186510
4.491202,26.908718
6.697721,26.445910
8.858860,25.802335
10.958807,24.982833
12.984925,23.992595
14.922187,22.838757
16.756920,21.528086
18.476770,20.071221
20.071311,18.476151
21.528035,16.756382
22.838392,14.921578
23.992241,12.984117
24.982565,10.958861
25.802131,8.858338
26.445879,6.696855
26.908166,4.491509
27.186907,2.253184
27.279812,-0.000000
13.327572,22.367035
13.955342,23.420943
13.183965,23.160394
12.867680,22.639900
14.068851,22.572942
13.499189,22.708027
13.788216,22.090758
15.842034,22.188523
13.775671,23.057785
14.441556,23.129665
15.047827,21.996612
14.479748,22.121110
14.664948,22.499379
14.264805,22.846102
13.469853,23.709792
11.974031,24.493094
15.128495,21.190011
14.693242,21.500356
15.886534,21.336844
15.326869,21.518079
15.565353,20.877730
17.619992,20.804609
15.629985,21.843460
16.303165,21.858884
16.813200,20.678623
16.255358,20.851023
15.382044,22.516814
12.231847,23.718696
11.195059,24.199367
16.826597,19.867448
16.418635,20.213968
17.594593,19.952168
17.051856,20.178410
17.237525,19.520590
19.277731,19.278049
17.380331,20.478431
18.052253,20.438263
18.463741,19.219654
17.922200,19.437305
17.187601,21.169893
16.472496,21.211457
12.825881,23.619928
12.483322,24.243697
12.587288,23.260525
11.465032,24.741044
9.909961,25.398292
11.434919,23.390017
11.918385,23.154675
11.626698,23.754764
10.954776,23.626738
11.788985,24.138534
18.409670,18.410433
18.031873,18.789035
19.180845,18.431212
18.659301,18.701288
18.789616,18.031057
20.803624,17.620537
19.012021,18.972754
19.678549,18.877657
19.987216,17.629639
19.465718,17.891144
18.877085,19.678550
18.168835,19.778014
10.240416,24.673284
10.823533,24.615557
10.439670,25.190924
9.165515,25.035406
10.593917,24.234165
9.750648,25.037119
9.382505,25.602960
19.866944,16.827474
19.521134,17.236472
20.637834,16.784359
20.140236,17.096584
20.214678,16.417633
22.187608,15.842698
20.513555,17.338248
21.170178,17.188422
21.375097,15.918982
20.876771,16.222340
20.438030,18.052435
19.738927,18.210812
9.464331,24.255028
9.964090,24.058365
9.648086,24.628792
8.965920,24.450482
10.088841,24.353406
7.778023,26.129984
21.188722,15.128867
20.878274,15.565276
21.953431,15.022934
21.483005,15.374971
21.501393,14.692745
23.419829,13.956467
21.875290,15.585204
22.517085,15.381781
22.616375,14.099463
22.144941,14.442976
21.858629,16.303494
21.175607,16.518530
8.166384,25.428895
8.754832,25.421962
8.323427,25.967375
7.065806,25.707253
8.563449,25.024013
7.651669,25.755274
7.236305,26.290272
22.365598,13.327575
22.091942,13.788574
23.118598,13.158973
22.679157,13.548305
22.641119,12.867374
24.492301,11.974498
23.087480,13.725459
23.710140,13.469734
23.703382,12.184009
23.262080,12.564960
23.130109,14.442845
22.467517,14.713356
7.429181,24.953926
7.943905,24.798624
6.916063,25.107556
5.593331,26.683361
23.390003,11.435170
23.155061,11.917532
24.126402,11.205050
23.720732,11.629382
23.626040,10.953957
25.397588,9.911158
24.141841,11.772291
24.741414,11.465703
24.628580,10.185155
24.220196,10.601138
24.243712,12.483211
23.605302,12.808098
7.576646,25.342275
8.044731,25.105083
6.038558,26.017367
6.625133,26.058521
6.150596,26.566252
4.918645,26.203256
6.467133,25.645832
5.498319,26.299255
5.040908,26.798268
24.254487,9.464647
24.059994,9.964850
24.969207,9.174532
24.600257,9.630779
24.449903,8.965838
26.129308,7.779898
25.031596,9.738708
25.603663,9.383348
25.385454,8.116680
25.013003,8.564685
25.191682,10.438679
24.582442,10.815093
5.343032,25.482416
5.868519,25.370028
4.818771,25.592638
3.370236,27.053391
24.953331,7.428855
24.800772,7.944235
25.641967,7.081354
25.311471,7.566118
25.106921,6.915922
26.682500,5.594816
25.750141,7.638262
26.291065,7.237038
25.968900,5.992319
25.635157,6.470009
25.967510,8.322382
25.391611,8.748102
5.458305,25.881312
5.943972,25.683708
3.869762,26.427122
4.450489,26.516990
3.935856,26.983866
2.738152,26.519157
4.327487,26.092619
3.308364,26.663219
2.811720,27.123612
25.481881,5.343141
25.371875,5.869119
26.138986,4.938765
25.850639,5.449554
25.590963,4.819027
27.054100,3.371629
26.293059,5.486139
26.798644,5.041050
26.375645,3.826689
26.081321,4.331513
26.566450,6.149425
26.027616,6.621088
3.221209,25.837258
3.753110,25.767982
2.689044,25.902398
1.126711,27.239242
25.836740,3.222051
25.769702,3.753430
26.456391,2.763985
26.213188,3.295879
25.901662,2.689666
27.240589,1.128173
26.656850,3.296758
27.122499,2.810589
26.600442,1.637133
26.350929,2.163362
26.983514,3.935428
26.484991,4.447765
3.302808,26.244639
3.802610,26.086134
1.673557,26.656458
2.245726,26.793469
1.691883,27.217435
0.000000,26.491905
1.075481,26.014980
0.649846,26.030103
2.159256,26.361954
1.611800,25.991268
0.787028,26.742490
1.269898,26.904278
0.560794,27.262727
-0.000000,26.882416
0.593199,26.396535
1.233153,26.386879
26.014458,1.076098
25.989938,1.612745
26.657869,0.000000
26.030464,0.649739
26.765622,0.824392
26.906798,1.334197
26.402474,1.099553
27.262146,0.558976
26.880247,0.000000
26.437956,0.000000
26.363033,0.551252
26.762373,2.245492
