23.570406,0.000000
23.487460,1.946397
23.245965,3.878892
22.846099,5.785805
22.289826,7.652824
21.581739,9.467474
20.726135,11.217271
19.728911,12.890544
18.597451,14.475489
17.337857,15.962566
15.961515,17.338858
14.474030,18.598833
12.889389,19.730321
11.217240,20.726761
9.466554,21.582047
7.652199,22.290550
5.785142,22.846626
3.879043,23.246402
1.946229,23.488802
-0.000000,23.571737
-0.000000,24.917897
2.058843,24.831301
4.101942,24.577430
6.117282,24.154676
8.091138,23.566812
10.009245,22.818312
11.859604,21.913869
13.629038,20.860122
15.304926,19.663030
16.875807,18.332318
18.332270,16.875514
19.662894,15.304641
20.859720,13.628728
21.913539,11.859123
22.818106,10.009280
23.566629,8.090727
24.154543,6.116628
24.576958,4.101944
24.831255,2.057736
24.916431,0.000000
12.055448,20.232100
12.745368,21.390189
11.984870,21.054230
11.638589,20.479720
12.784195,20.512040
12.248950,20.604740
12.472878,19.982234
14.468482,20.264688
12.543015,20.994801
13.188814,21.125089
13.679570,19.996557
13.140849,20.075881
13.352442,20.486141
12.995389,20.814323
12.302487,21.653752
10.935683,22.369426
13.684577,19.167459
13.289889,19.448955
14.436116,19.389174
13.907671,19.525187
14.080267,18.884740
16.092255,19.000718
14.231391,19.889280
14.888900,19.964269
15.284272,18.798466
14.752509,18.923324
14.048923,20.564174
11.122484,21.568048
10.177814,22.001179
15.220660,17.971205
14.850576,18.285337
15.988568,18.130911
15.472948,18.309613
15.592631,17.657004
17.606266,17.606620
15.825052,18.646303
16.486330,18.666802
16.784726,17.471976
16.265169,17.640264
15.698192,19.333836
14.998567,19.313432
11.679973,21.509611
11.399872,22.142230
11.424185,21.111423
10.471765,22.595659
9.050701,23.196114
10.343467,21.157748
10.781128,20.944369
10.552385,21.560224
9.908018,21.371832
10.734426,21.979564
16.652632,16.653180
16.310025,16.996342
17.429912,16.748684
16.931496,16.969224
16.996670,16.309609
18.999979,16.092705
17.310871,17.275425
17.971702,17.241467
18.169737,16.026545
17.666009,16.237008
17.241054,17.971658
16.543116,18.008214
9.313768,22.440904
9.857612,22.418718
9.533138,23.007523
8.332489,22.760734
9.615537,21.995321
8.878516,22.798657
8.569910,23.382974
17.970839,15.221243
17.657243,15.592013
18.754027,15.252137
18.275302,15.513085
18.285723,14.850103
20.263963,14.468997
18.678081,15.787115
19.334028,15.698780
19.431427,14.471437
18.946662,14.722528
18.666563,16.486423
17.972736,16.581172
8.560879,21.940031
9.013785,21.762309
8.756605,22.353900
8.109087,22.116974
9.150217,22.087814
7.103864,23.864373
19.166501,13.684812
18.884937,14.080296
19.949543,13.651482
19.493794,13.950903
19.449546,13.289671
21.389383,12.746167
19.918066,14.190866
20.564296,14.048764
20.559849,12.817242
20.097579,13.107641
19.963986,14.889060
19.280941,15.040297
7.427004,23.127081
7.973605,23.152573
7.600389,23.716501
6.423680,23.371647
7.772545,22.712170
6.967110,23.452480
6.609712,24.010876
20.231021,12.055442
19.982847,12.473125
21.008309,11.957531
20.579124,12.293370
20.480447,11.638402
22.368807,10.936077
21.021796,12.497469
21.653944,12.302432
21.548010,11.075946
21.111388,11.403246
21.125211,13.189628
20.457239,13.396572
6.719957,22.572278
7.186237,22.432121
6.254894,22.711261
5.108708,24.369770
21.157594,10.343644
20.944574,10.780593
21.924143,10.181993
21.524173,10.552120
21.371411,9.907560
23.195562,9.051592
21.981807,10.719042
22.595853,10.472236
22.389047,9.258837
21.980950,9.621029
22.142096,11.399811
21.493162,11.661716
6.876395,23.001326
7.296586,22.770133
5.491835,23.662345
6.034139,23.732417
5.615906,24.263382
4.471590,23.822529
5.869912,23.276660
5.006349,23.947870
4.604566,24.474909
21.939536,8.561184
21.763228,9.014334
22.690055,8.336831
22.322200,8.738593
22.116569,8.109096
23.863837,7.105077
22.791941,8.867372
23.383385,8.570462
23.077150,7.378440
22.700430,7.772909
23.007826,9.532519
22.382887,9.847057
4.832956,23.050308
5.308954,22.949049
4.357841,23.150024
3.078624,24.707875
22.571732,6.719873
22.433338,7.186469
23.301286,6.434643
22.967625,6.865248
22.710758,6.254847
24.369041,5.109661
23.446251,6.954885
24.011300,6.610195
23.607611,5.447337
23.265077,5.871890
23.716326,7.599778
23.119584,7.964988
4.953772,23.490649
5.391166,23.294896
3.519423,24.035162
4.053762,24.150028
3.593105,24.644602
2.489340,24.109833
3.927788,23.682115
3.012122,24.279323
2.568324,24.771886
23.049720,4.833114
22.950030,5.309413
23.753056,4.487846
23.456625,4.944813
23.148794,4.358014
24.708097,3.079378
23.940539,4.995182
24.474959,4.604719
23.977032,3.478745
23.670078,3.930914
24.263218,5.615175
23.698621,6.028447
2.913475,23.371162
3.395539,23.309096
2.431369,23.430517
1.029025,24.877782
23.370553,2.914090
23.309924,3.395803
24.041504,2.511436
23.785324,2.990621
23.429677,2.431837
24.878198,1.029904
24.271561,3.001445
24.770861,2.567616
24.181859,1.488037
23.914557,1.963107
24.643997,3.592872
24.115246,4.049763
2.997516,23.820169
3.449039,23.659990
1.521918,24.243362
2.045709,24.401724
1.544526,24.857499
0.000000,24.053207
0.972780,23.532080
0.587860,23.546224
1.959683,23.926423
1.458734,23.510803
0.716578,24.329888
1.156267,24.511289
0.513094,24.899156
0.000000,24.482585
0.536900,23.949103
1.119154,23.942710
23.531296,0.973198
23.509528,1.459340
24.236032,0.000000
23.546057,0.587780
24.354546,0.750093
24.514543,1.214749
23.958592,0.997941
24.898373,0.511964
24.480604,0.000000
23.993295,0.000000
23.911663,0.498593
24.367442,2.044863
