22.321147,-0.000000
22.243192,1.843266
22.014525,3.673512
21.635970,5.479258
21.109213,7.247346
20.438617,8.965856
19.628354,10.622963
18.684003,12.207615
17.612502,13.708589
16.419585,15.116913
15.116145,16.420325
13.707558,17.613514
12.206803,18.685048
10.622905,19.628864
8.965198,20.438881
7.246890,21.109807
5.478783,21.636467
3.673564,22.015015
1.843102,22.244384
-0.000000,22.322377
-0.000000,23.739533
1.961159,23.657170
3.907795,23.415199
5.827851,23.012409
7.708348,22.452308
9.535833,21.739197
11.298558,20.877508
12.984360,19.873644
14.581049,18.733204
16.077662,17.465393
17.465295,16.077525
18.733042,14.580900
19.873272,12.984199
20.877210,11.298271
21.739011,9.535886
22.452126,7.708058
23.012214,5.827378
23.414736,3.907717
23.656877,1.960335
23.738155,-0.000000
11.416293,19.159346
12.142144,20.377690
11.384792,20.000238
11.021062,19.394318
12.141114,19.480330
11.622357,19.550540
11.811928,18.922841
13.783701,19.305490
11.926935,19.963706
12.564287,20.125642
12.994892,18.995696
12.469954,19.051016
12.696503,19.479958
12.361236,19.799319
11.720411,20.628702
10.418017,21.310588
12.959107,18.151208
12.584835,18.418200
13.710075,18.414208
13.196429,18.526351
13.334037,17.883392
15.330599,18.101327
13.532376,18.912588
14.183811,19.019646
14.519159,17.857638
13.999472,17.957397
13.384207,19.590683
10.567458,20.492068
9.668794,20.901275
14.413788,17.018471
14.062766,17.316258
15.184641,17.219234
14.681686,17.373009
14.766071,16.720690
16.772950,16.773270
15.047731,17.730602
15.705630,17.783575
15.944519,16.597422
15.434879,16.739787
14.955603,18.418494
14.261987,18.364850
11.107408,20.455025
10.859721,21.094463
10.841452,20.034546
9.976516,21.526054
8.622373,22.098136
9.795100,20.036119
10.209610,19.833846
10.014118,20.460537
9.382107,20.238813
10.207394,20.900506
15.769841,15.770258
15.444925,16.095564
16.553457,15.906428
16.065589,16.101149
16.095734,15.444715
18.100755,15.330965
16.460645,16.427093
17.120725,16.425685
17.260240,15.224340
16.764220,15.408150
16.425356,17.120710
15.730667,17.123712
8.850271,21.324148
9.375000,21.321051
9.081171,21.918910
7.915669,21.622521
9.125330,20.873529
8.442641,21.679906
8.164744,22.276189
17.018175,14.414218
16.720773,14.765705
17.811048,14.485140
17.340673,14.719475
17.316456,14.062540
19.304912,13.784100
17.760719,15.011867
18.418594,14.956048
18.458786,13.747085
17.979531,13.971011
17.783348,15.705710
17.090085,15.766726
8.107011,20.776842
8.536236,20.608691
8.309934,21.213997
7.678610,20.944459
8.679589,20.951932
6.767814,22.734787
18.150471,12.959287
17.883426,13.334113
18.946458,12.964954
18.496879,13.237212
18.418528,12.584750
20.377071,12.142736
18.939851,13.493989
19.590703,13.384127
19.530722,12.175618
19.071692,12.438549
19.019369,14.183920
18.334080,14.301524
7.057156,21.975566
7.583294,22.018609
7.239934,22.594217
6.102377,22.202952
7.376260,21.553773
6.624974,22.301582
6.297298,22.874470
19.158521,11.416302
18.923157,11.812123
19.951948,11.356107
19.526653,11.664437
19.394744,11.020960
21.310096,10.418340
19.989361,11.883730
20.628779,11.720408
20.469408,10.521468
20.033707,10.821148
20.125625,12.564855
19.452598,12.738489
6.363665,21.375596
6.805465,21.243126
5.922732,21.507223
4.867157,23.216280
20.035935,9.795247
19.833930,10.209272
20.821732,9.669859
20.423321,10.012232
20.238501,9.381845
22.097693,8.623037
20.902214,10.192636
21.526129,9.976874
21.268342,8.795310
20.858895,9.129929
21.094279,10.859708
20.437596,11.088785
6.525551,21.828299
6.921470,21.599533
5.218380,22.484218
5.738881,22.570142
5.349364,23.115181
4.247900,22.631263
5.570673,22.089562
4.760452,22.772707
4.387000,23.316589
20.776416,8.107280
20.609232,8.536660
21.549166,7.917474
21.180499,8.291477
20.944127,7.678666
22.734337,6.768645
21.672550,8.431886
22.276415,8.165140
21.922030,7.009022
21.541644,7.376189
21.919014,9.080783
21.283623,9.363263
4.576720,21.828270
5.027746,21.732698
4.126306,21.922725
2.933265,23.538512
21.375110,6.363679
21.243844,6.805659
22.129607,6.110913
21.792946,6.514001
21.506784,5.922749
23.215643,4.867797
22.294766,6.613352
22.874673,6.297631
22.425998,5.174656
22.077461,5.572196
22.593957,7.239551
21.984113,7.573625
4.700987,22.292727
5.113990,22.097307
3.344193,22.838586
3.855568,22.967334
3.422291,23.478237
2.364882,22.904292
3.727527,22.474287
2.864053,23.087937
2.446955,23.599384
21.827696,4.576881
21.733213,5.028108
22.558724,4.262127
22.256800,4.691870
21.921736,4.126454
23.538452,2.933714
22.764772,4.749799
23.316463,4.387114
22.776715,3.304632
22.461832,3.730180
23.114890,5.348872
22.534683,5.732269
2.758881,22.132057
3.215812,22.073695
2.301949,22.188538
0.980312,23.700437
22.131411,2.759350
22.074042,3.216039
22.832736,2.385024
22.568480,2.837675
22.187694,2.302315
23.700383,0.980878
23.079388,2.853853
23.598438,2.446457
22.971580,1.413447
22.693682,1.862782
23.477577,3.422124
22.930933,3.850897
2.844577,22.605279
3.271774,22.443693
1.446162,23.036172
1.945775,23.206656
1.471088,23.680825
0.000000,22.831636
0.921263,22.284498
0.556850,22.298289
1.859733,22.706024
1.381754,22.264583
0.681330,23.123241
1.099498,23.315804
0.489276,23.720782
0.000000,23.283453
0.508657,22.722359
1.061986,22.717734
22.283630,0.921561
22.263397,1.382186
23.024298,0.000000
22.297854,0.556791
23.148844,0.712914
23.319549,1.155102
22.733892,0.946951
23.719926,0.488515
23.281704,0.000000
22.768245,0.000000
22.682708,0.472165
23.170548,1.944616
