27.647024,-0.000000
27.548854,2.283093
27.265534,4.549418
26.796287,6.786524
26.143727,8.976508
25.313252,11.104920
24.309658,13.157299
23.139895,15.119878
21.812740,16.978885
20.335514,18.722973
18.721191,20.337153
16.976241,21.815065
15.117775,23.142167
13.157375,24.310457
11.103179,25.313683
8.975286,26.144699
6.785174,26.796816
4.549753,27.265829
2.282985,27.550545
0.000000,27.648506
-0.000000,28.804178
2.380795,28.704488
4.741971,28.411241
7.071734,27.922614
9.353591,27.243122
11.570763,26.377852
13.710155,25.332299
15.755621,24.113932
17.692713,22.730082
19.508573,21.191921
21.192112,19.507745
22.730091,17.692035
24.113625,15.754826
25.331934,13.709179
26.377518,11.570880
27.242878,9.353082
27.922617,7.070829
28.410585,4.742556
28.705103,2.379193
28.802949,0.000000
14.141774,23.733342
14.735168,24.729677
13.954120,24.513193
13.654324,24.022425
14.893761,23.896245
14.301147,24.057085
14.629956,23.440282
16.727281,23.428336
14.568300,24.384339
15.248965,24.421525
15.926698,23.281291
15.338732,23.433194
15.508986,23.793997
15.081409,24.153174
14.222107,25.034887
12.643247,25.861691
16.052637,22.484438
15.591438,22.813238
16.817890,22.587490
16.237236,22.796359
16.515734,22.153294
18.604594,21.967135
16.529320,23.100062
17.214626,23.079882
17.795230,21.886314
17.219527,22.087747
16.241118,23.775274
12.944531,25.100389
11.848469,25.611440
17.854434,21.081085
17.422238,21.448261
18.625882,21.121652
18.064684,21.377124
18.290147,20.713346
20.354961,20.355204
18.380420,21.656540
19.061451,21.579877
19.542185,20.342224
18.985289,20.590185
18.147452,22.353236
17.420369,22.431998
13.562921,24.977109
13.181592,25.597998
13.333573,24.639302
12.105119,26.123718
10.463820,26.817488
12.133499,24.818656
12.646103,24.569344
12.315980,25.162632
11.624731,25.069841
12.467128,25.526822
19.534220,19.535083
19.133891,19.936323
20.305193,19.511585
19.767617,19.812299
19.937004,19.132849
21.966026,18.605168
20.105911,20.064185
20.778549,19.932094
21.154597,18.659341
20.620335,18.952352
19.931416,20.778645
19.214309,20.916095
10.835855,26.107611
11.444827,26.028560
11.023876,26.598030
9.700620,26.496558
11.221650,25.670580
10.311473,26.476560
9.906158,27.033717
21.080494,17.855494
20.714056,18.288875
21.847489,17.768237
21.336515,18.112308
21.449123,17.420906
23.427350,16.727995
21.693816,18.335682
22.353520,18.148396
22.623536,16.848783
22.115044,17.184554
21.579655,19.061730
20.874732,19.258768
10.042629,25.736620
10.572195,25.527900
10.220046,26.088260
9.514325,25.943890
10.690681,25.806182
8.212576,27.590080
22.482985,16.053105
22.154044,16.515604
23.240203,15.903563
22.758997,16.288447
22.814488,15.590776
24.728388,14.736460
23.133838,16.481820
23.775587,16.240822
23.937291,14.923072
23.458434,15.299683
23.079645,17.215100
22.394027,17.469128
8.641471,26.907806
9.257349,26.881580
8.789414,27.417932
7.478275,27.207555
9.070887,26.507236
8.091866,27.236082
7.640112,27.759313
23.731757,14.141788
23.441783,14.630398
24.473680,13.930434
24.026224,14.353286
24.023860,13.653981
25.860824,12.643721
24.415760,14.515108
25.035272,14.221974
25.087785,12.895753
24.641850,13.310281
24.422183,15.250543
23.760284,15.560136
7.883164,26.478171
8.428709,26.313257
7.339242,26.641166
5.905738,28.174399
24.818773,12.133797
24.569787,12.645096
25.540530,11.861962
25.129713,12.320400
25.068914,11.623706
26.816715,10.465125
25.530794,12.449576
26.124136,12.105904
26.067049,10.780163
25.656781,11.229953
25.598110,13.181476
24.963559,13.545290
8.025929,26.844096
8.524431,26.602393
6.389874,27.530466
7.005296,27.554646
6.495209,28.050321
5.205809,27.732549
6.850312,27.165860
5.814653,27.811334
5.322101,28.295645
25.736092,10.042923
25.529937,10.573083
26.432722,9.712408
26.061507,10.203099
25.943160,9.514192
27.589319,8.214815
26.471743,10.299016
27.034539,9.907177
26.868095,8.590871
26.496633,9.072691
26.599093,11.022712
25.996905,11.437602
5.669548,27.038956
6.226568,26.919541
5.113817,27.155905
3.558208,28.565065
26.477572,7.882662
26.315946,8.429112
27.144993,7.496609
26.814912,8.015710
26.640428,7.339073
28.173465,5.907512
27.231598,8.077718
27.760283,7.640968
27.485593,6.342412
27.155667,6.853755
27.418318,8.788113
26.852682,9.251705
5.782012,27.415042
6.298423,27.215570
4.094873,27.963991
4.705694,28.039389
4.156823,28.491367
2.898008,28.066852
4.583949,27.639140
3.498842,28.196241
2.968565,28.639224
27.038483,5.669603
26.921887,6.227224
27.671064,5.228301
27.386244,5.773352
27.153946,5.114142
28.566009,3.560034
27.805804,5.801828
28.296185,5.322178
27.916280,4.050176
27.628237,4.588528
28.050783,6.493782
27.525324,7.002201
3.418194,27.415568
3.981874,27.341761
2.853993,27.484431
1.189653,28.761171
27.415087,3.419151
27.343987,3.982226
28.007116,2.926145
27.770446,3.491747
27.483778,2.854689
28.763049,1.191458
28.190633,3.486655
28.638063,2.967148
28.153930,1.732936
27.913903,2.291868
28.491238,4.156217
28.008898,4.703759
3.498704,27.800035
4.029330,27.641955
1.771094,28.206877
2.374384,28.331818
1.786898,28.738257
0.000000,28.056988
1.141301,27.604009
0.689656,27.619919
2.287363,27.924495
1.709648,27.578880
0.832294,28.292932
1.342975,28.443693
0.591516,28.786030
0.000000,28.425976
0.629272,27.966293
1.306237,27.954667
27.603657,1.142014
27.577534,1.710820
28.213666,0.000000
27.620564,0.689529
28.315238,0.872114
28.445823,1.411038
27.970171,1.164661
28.785560,0.589280
28.423773,0.000000
28.006258,0.000000
27.934997,0.584978
28.302465,2.374545
