20.972248,-0.000000
20.899953,1.731917
20.685106,3.451796
20.329578,5.148334
19.834686,6.809627
19.204557,8.424345
18.443249,9.981413
17.556006,11.470414
16.549257,12.880739
15.428328,14.204039
14.203591,15.428779
12.880192,16.549848
11.469982,17.556630
9.981314,18.443642
8.423981,19.204839
6.809356,19.835169
5.148063,20.330086
3.451752,20.685698
1.731795,20.900959
0.000000,20.973317
-0.000000,22.475616
1.856333,22.398006
3.699507,22.168794
5.517407,21.787408
7.297780,21.257067
9.028108,20.581888
10.696826,19.766030
12.292966,18.815656
13.804719,17.736013
15.221686,16.535664
16.535504,15.221728
17.735807,13.804736
18.815328,12.292973
19.765738,10.696769
20.581650,9.028187
21.256801,7.297669
21.787066,5.517184
22.168250,3.699415
22.397407,1.855914
22.474455,0.000000
10.726279,18.001180
11.495188,19.291749
10.739167,18.866275
10.354411,18.222516
11.449043,18.370011
10.947360,18.414855
11.098328,17.779168
13.049273,18.276722
11.264811,18.855548
11.894505,19.053702
12.258295,17.918934
11.747344,17.947153
11.991579,18.398618
11.679965,18.708894
11.096061,19.529345
9.862817,20.174931
12.175926,17.054077
11.823736,17.305399
12.928755,17.365027
12.430274,17.450351
12.528391,16.802396
14.513730,17.136713
12.781120,17.862939
13.427602,18.006510
13.696008,16.845509
13.188413,16.917066
12.671226,18.546640
9.970439,19.334693
9.121191,19.718047
13.542732,15.989973
13.212333,16.270052
14.319514,16.238178
13.829365,16.364095
13.873672,15.709925
15.879223,15.879481
14.212331,16.746497
14.868338,16.836295
15.040589,15.656577
14.540623,15.769935
14.159150,17.436854
13.470443,17.345452
10.492186,19.321770
10.280414,19.970675
10.213864,18.874683
9.445314,20.378899
8.163042,20.920514
9.203104,18.825221
9.592513,18.634992
9.434413,19.276087
8.814366,19.015608
9.641011,19.740813
14.816819,14.817113
14.511020,15.123092
15.610284,15.000053
15.132831,15.166057
15.123046,14.511053
17.136333,14.513988
15.546889,15.515383
16.208044,15.550738
16.281765,14.361320
15.792944,14.515445
15.550492,16.208129
14.857583,16.173176
8.351807,20.123033
8.856458,20.141648
8.596444,20.751327
7.467273,20.398058
8.597375,19.665345
7.974206,20.477603
7.730172,21.089189
15.989717,13.543018
15.709821,13.873621
16.796277,13.659769
16.333885,13.864602
16.269999,13.212360
18.276317,13.049528
16.774809,14.178712
17.436786,14.159433
17.412372,12.967832
16.937871,13.161613
16.836072,14.868452
16.141554,14.891482
7.617072,19.521088
8.020623,19.363316
7.828876,19.986286
7.213910,19.678624
8.172410,19.727954
6.407448,21.523291
17.053593,12.176082
16.802245,12.528523
17.866992,12.226166
17.422988,12.468437
17.305387,11.823796
19.291322,11.495523
17.888532,12.745056
18.546504,12.671261
18.423507,11.485355
17.966730,11.717925
18.006239,13.427708
17.316538,13.507602
6.659393,20.737057
7.163945,20.800168
6.853377,21.390502
5.756737,20.945716
6.949450,20.306141
6.257279,21.064745
5.962216,21.655713
18.000647,10.726346
17.779131,11.098487
18.815117,10.708887
18.392879,10.986946
18.222540,10.354436
20.174553,9.863029
18.879734,11.224132
19.529228,11.096128
19.308935,9.924943
18.872923,10.194204
19.053526,11.894815
18.372945,12.031276
5.979057,20.083688
6.394324,19.959589
5.564182,20.207391
4.608143,21.979169
18.824970,9.203237
18.634870,9.592432
19.635321,9.118717
19.237407,9.430652
19.015321,8.814330
20.920143,8.163392
19.741884,9.626889
20.378770,9.445532
20.062579,8.296634
19.650306,8.600987
19.970421,10.280470
19.303178,10.473061
6.147712,20.564896
6.517237,20.338206
4.924308,21.217096
5.421667,21.321317
5.063537,21.883682
4.007273,21.349752
5.248388,20.811052
4.496172,21.509814
4.153635,22.074336
19.520704,7.617276
19.363365,8.020891
20.321356,7.466167
19.950578,7.809840
19.678287,7.214015
21.522872,6.407823
20.469444,7.963851
21.089112,7.730382
20.679244,6.611588
20.293510,6.948902
20.751183,8.596326
20.102221,8.843333
4.300132,20.508984
4.724120,20.419648
3.876412,20.597790
2.777384,22.284400
20.083226,5.979148
19.959670,6.394480
20.868692,5.762540
20.527497,6.135624
20.206946,5.564265
21.978582,4.608408
21.057184,6.246304
21.655568,5.962368
21.154740,4.881321
20.798273,5.249405
21.390148,6.853238
20.763814,7.153042
4.428757,21.002526
4.815298,20.806921
3.155764,21.551640
3.642649,21.696564
3.239149,22.227234
2.231049,21.607449
3.511847,21.173427
2.704914,21.807619
2.316755,22.341872
20.508397,4.300273
20.419566,4.724350
21.273429,4.019229
20.964279,4.419397
20.597016,3.876535
22.283963,2.777527
21.501132,4.486079
22.073948,4.153673
21.485331,3.117320
21.160428,3.513964
21.883243,5.063316
21.283803,5.413972
2.592007,20.794342
3.021735,20.740064
2.162287,20.847767
0.928051,22.437702
20.793630,2.592272
20.739815,3.021896
21.531991,2.249006
21.257589,2.672941
20.846933,2.162501
22.437148,0.928274
21.798102,2.695239
22.341011,2.316502
21.669523,1.333209
21.378676,1.754738
22.226534,3.239045
21.658156,3.637217
2.679898,21.296765
3.080765,21.133143
1.364783,21.737744
1.838403,21.922590
1.392328,22.418749
0.000000,21.516268
0.865737,20.937581
0.523504,20.951114
1.752126,21.391590
1.298616,20.919282
0.643411,21.825658
1.038515,22.031442
0.463680,22.456966
-0.000000,21.994948
0.478212,21.400711
1.000370,21.398142
20.936669,0.865888
20.918246,1.298837
21.720815,0.000000
20.950396,0.523481
21.852453,0.672919
22.035841,1.091066
21.414730,0.891957
22.456061,0.463343
21.993601,0.000000
21.448685,0.000000
21.358465,0.443662
21.884286,1.836896
