22.597593,0.000000
22.518515,1.866087
22.287010,3.718956
21.903737,5.547088
21.370449,7.337067
20.691558,9.076851
19.871262,10.754467
18.915210,12.358728
17.830441,13.878283
16.622770,15.304034
15.303200,16.623573
13.877153,17.831541
12.357837,18.916343
10.754414,19.871803
9.076133,20.691834
7.336573,21.371078
5.546572,21.904246
3.719031,22.287492
1.865920,22.519748
-0.000000,22.598854
-0.000000,23.999689
1.982728,23.916377
3.950661,23.671780
5.891751,23.264583
7.792857,22.698353
9.640347,21.977431
11.422420,21.106304
13.126682,20.091429
14.740855,18.938480
16.253864,17.656781
17.656691,16.253694
18.938320,14.740677
20.091044,13.126489
21.105995,11.422088
21.977239,9.640394
22.698170,7.792538
23.264400,5.891233
23.671314,3.950596
23.916135,1.981835
23.998277,-0.000000
11.557722,19.396727
12.275316,20.601222
11.517417,20.233185
11.157705,19.634497
12.283256,19.708376
11.760903,19.783641
11.958184,19.157260
13.934878,19.517254
12.063045,20.191508
12.702160,20.346293
13.146211,19.216898
12.618287,19.277615
12.841416,19.702253
12.501319,20.023534
11.848920,20.855001
10.532301,21.544351
13.119635,18.376085
12.740843,18.646286
13.870552,18.629707
13.353690,18.747208
13.499163,18.104967
15.498747,18.299888
13.686808,19.128369
14.339471,19.228192
14.688256,18.065569
14.165965,18.170961
13.530959,19.805599
10.690116,20.729857
9.781290,21.144360
14.592328,17.229288
14.237085,17.530697
15.362332,17.420743
14.856637,17.580102
14.948974,16.927874
16.956918,16.957251
15.219462,17.932908
15.877982,17.978567
16.130212,16.790706
15.618452,16.938882
15.119544,18.620570
14.424713,18.574417
11.233894,20.688006
10.978968,21.325782
10.970288,20.272642
10.085854,21.762191
8.716931,22.340540
9.916439,20.284313
10.336081,20.079579
10.133124,20.703679
9.498477,20.489529
10.323828,21.138903
15.965180,15.965628
15.636348,16.294889
16.747179,16.092594
16.257047,16.293090
16.295094,15.636094
18.299274,15.499135
16.648483,16.614516
17.308593,16.605787
17.461247,15.401635
16.963601,15.591409
16.605438,17.308570
15.910155,17.319122
8.952694,21.570940
9.481613,21.563540
9.180950,22.159247
8.007788,21.874075
9.233711,21.121553
8.538937,21.927070
8.254194,22.520533
17.228975,14.592793
16.927989,14.948552
18.019474,14.654670
17.547325,14.894950
17.530935,14.236807
19.516639,13.935306
17.963390,15.183142
18.620692,15.120024
18.673748,13.907172
18.193359,14.137168
17.978335,15.878064
17.285082,15.946658
8.207437,21.034233
8.641911,20.863960
8.408689,21.466028
7.773862,21.203915
8.783664,21.203116
6.842000,22.984168
18.375292,13.119827
18.105034,13.499230
19.168169,13.116699
18.717303,13.395015
18.646672,12.740730
20.600557,12.275956
19.155966,13.647949
19.805641,13.530861
19.758169,12.317423
19.298511,12.586483
19.227910,14.339590
18.543263,14.464738
7.138886,22.230041
7.669516,22.269119
7.319508,22.841989
6.173386,22.461242
7.463876,21.809892
6.700561,22.555848
6.366270,23.125353
19.395839,11.557727
19.157640,11.958391
20.185436,11.489041
19.759363,11.803500
19.634989,11.157583
21.543826,10.532642
20.217456,12.019322
20.855103,11.848905
20.707790,10.644013
20.271980,10.949848
20.346302,12.702783
19.674546,12.883876
6.442501,21.640398
6.889726,21.506222
5.996228,21.773651
4.920480,23.470937
20.284132,9.916593
20.079688,10.335697
21.065399,9.783058
20.666729,10.131606
20.489192,9.498171
22.340068,8.717649
21.140728,10.308935
21.762291,10.086238
21.516028,8.897753
21.106979,9.238510
21.325605,10.978944
20.670796,11.215361
6.603119,22.087655
7.004422,21.858390
5.278807,22.744574
5.804104,22.826904
5.408205,23.368674
4.297336,22.894541
5.636833,22.352025
4.814778,23.032332
4.435033,23.572309
21.033786,8.207717
20.864583,8.642364
21.801337,8.010166
21.432939,8.390337
21.203565,7.773908
22.983696,6.842918
21.919857,8.528098
22.520800,8.254625
22.177322,7.090666
21.797848,7.463902
22.159390,9.180509
21.526477,9.470146
4.633416,22.098683
5.089974,22.001846
4.177535,22.194300
2.965354,23.796671
21.639894,6.442495
21.507049,6.889928
22.388582,6.182467
22.052677,6.591665
21.773196,5.996231
23.470275,4.921192
22.549162,6.688806
23.125605,6.366638
22.687144,5.234919
22.340039,5.638457
22.841740,7.319075
22.234965,7.660087
4.756875,22.557586
5.175284,22.362132
3.382915,23.103017
3.899349,23.228607
3.459996,23.735742
2.392385,23.170722
3.771803,22.741335
2.896766,23.351146
2.473751,23.858239
22.098100,4.633578
22.002463,5.090360
22.822706,4.312018
22.522091,4.747797
22.193254,4.177688
23.796671,2.965869
23.024530,4.804011
23.572220,4.435159
23.041996,3.343112
22.728971,3.774562
23.368404,5.407660
22.791824,5.797702
2.793088,22.406246
3.255585,22.347059
2.330583,22.463361
0.991067,23.960362
22.405604,2.793592
22.347511,3.255822
23.099904,2.412964
22.837537,2.871491
22.462510,2.330974
23.960405,0.991703
23.342772,2.886460
23.857268,2.473206
23.239060,1.429931
22.963615,1.884962
23.735086,3.459816
23.192576,3.894829
2.878388,22.873892
3.310973,22.712655
1.462896,23.302952
1.967851,23.470663
1.487300,23.940606
0.000000,23.101699
0.932656,22.560566
0.563702,22.574426
1.881828,22.975853
1.398791,22.540339
0.689120,23.389883
1.112038,23.579891
0.494537,23.980932
0.000000,23.548361
0.514903,22.993618
1.074628,22.988591
22.559708,0.932983
22.539124,1.399263
23.292089,0.000000
22.574045,0.563638
23.415259,0.721130
23.583513,1.168276
23.004674,0.958230
23.980085,0.493693
23.546545,0.000000
23.039104,0.000000
22.954466,0.478011
23.434968,1.966762
