21.679472,-0.000000
21.604169,1.790298
21.382085,3.568037
21.014483,5.321829
20.502887,7.039112
19.851544,8.708245
19.064569,10.317756
18.147379,11.856901
17.106678,13.314750
15.948006,14.682626
14.682007,15.948612
13.313945,17.107495
11.856267,18.148231
10.317680,19.065024
8.707723,19.851809
7.038741,20.503426
5.321448,21.014983
3.568039,21.382623
1.790146,21.605288
-0.000000,21.680646
-0.000000,23.137122
1.911204,23.056993
3.808525,22.821102
5.679884,22.428514
7.512657,21.882600
9.293828,21.187574
11.011750,20.347732
12.654810,19.369364
14.211013,18.257895
15.669661,17.022238
17.022109,15.669609
18.257711,14.210941
19.369008,12.654729
20.347438,11.011571
21.187372,9.293895
21.882389,7.512448
22.428257,5.679523
22.820607,3.808430
23.056549,1.910557
23.135817,0.000000
11.088037,18.608390
11.833779,19.860094
11.077345,19.460244
10.703918,18.836873
11.811574,18.951641
11.301041,19.009935
11.472459,18.378770
13.433642,18.815142
11.611531,19.435836
12.245039,19.614719
12.644117,18.482935
12.125957,18.525528
12.360706,18.964856
12.036673,19.279835
11.422831,20.104705
10.153387,20.769298
12.586525,17.629282
12.222753,17.888821
13.338032,17.914618
12.831715,18.014150
12.950775,17.369135
14.941243,17.641554
13.174513,18.412582
13.823370,18.536748
14.127166,17.375646
13.613364,17.462143
13.044380,19.093047
10.283139,19.940891
9.408017,20.337802
13.999400,16.529184
13.658183,16.818556
14.772689,16.752079
14.275947,16.892733
14.341542,16.239839
16.346960,16.347256
14.649782,17.261817
15.306539,17.332065
15.514057,16.149377
15.009163,16.278086
14.575982,17.950595
13.884921,17.879248
10.814328,19.915181
10.583599,20.558831
10.542682,19.482397
9.723330,20.979278
8.403430,21.536841
9.513473,19.460072
9.916057,19.263523
9.738143,19.896686
9.112017,19.656913
9.937591,20.348086
15.316461,15.316819
15.000637,15.632938
16.104342,15.474837
15.621564,15.656015
15.633009,15.000542
17.641070,14.941561
16.025371,15.992795
16.685702,16.008651
16.794279,14.813358
16.301840,14.983173
16.008361,16.685727
15.314758,16.670912
8.612872,20.752123
9.127973,20.759203
8.850128,21.362402
7.702134,21.039414
8.873993,20.298369
8.219499,21.107181
7.957613,21.710415
16.528909,13.999761
16.239832,14.341322
17.327841,14.092119
16.861408,14.312527
16.818638,13.658081
18.814641,13.433977
17.291075,14.614987
17.950622,14.576353
17.960473,13.375992
17.483647,13.585692
17.331838,15.306630
16.638236,15.349791
7.873930,20.179455
8.290955,20.016235
8.080921,20.629543
7.457537,20.342277
8.438187,20.369339
6.596042,22.157342
17.628659,12.586690
17.369078,12.950878
18.432449,12.613164
17.985673,12.871248
17.888991,12.222738
19.859564,11.834255
18.439051,13.137230
19.092996,13.044352
19.003461,11.846906
18.545677,12.095492
18.536471,13.823471
17.849358,13.923329
6.867719,21.385733
7.383518,21.438168
7.055679,22.020489
5.937775,21.604235
7.173075,20.959836
6.449820,21.712404
6.137586,22.293558
18.607699,11.088068
18.378919,11.472634
19.410630,11.047922
18.986948,11.341931
18.837115,10.703873
20.768861,10.153663
19.460792,11.569529
20.104696,11.422862
19.916792,10.237399
19.481125,10.522691
19.614623,12.245484
18.938293,12.401600
6.180694,20.761008
6.609885,20.632510
5.752155,20.888862
4.743694,22.626624
19.459860,9.513612
19.263516,9.915835
20.256810,9.407426
19.858801,9.735385
19.656624,9.111862
21.536438,8.403956
20.349498,9.923144
20.979264,9.723626
20.694157,8.557838
20.283558,8.878128
20.558613,10.583619
19.897210,10.795482
6.345674,21.226855
6.729064,20.999153
5.078323,21.880757
5.587760,21.975220
5.213121,22.528208
4.133307,22.020986
5.417247,21.480921
4.634562,22.171114
4.275773,22.724476
20.179052,7.874174
20.016552,8.291310
20.964529,7.702579
20.595030,8.062205
20.341953,7.457619
22.156915,6.596663
21.099458,8.208939
21.710510,7.957925
21.330214,6.819762
20.947478,7.172781
21.362391,8.849868
20.720860,9.115593
4.445135,21.200658
4.883309,21.108039
4.007416,21.292422
2.858964,22.940751
20.760537,6.180750
20.632937,6.610062
21.529201,5.945028
21.190563,6.333885
20.888429,5.752206
22.626013,4.744160
21.705247,6.438507
22.293608,6.137836
21.820617,5.034965
21.468511,5.418533
22.020183,7.055415
21.402818,7.373277
4.571386,21.678524
4.971819,21.483092
3.254448,22.225682
3.754131,22.361960
3.334991,22.881972
2.301140,22.286711
3.624850,21.855010
2.788247,22.478044
2.384901,23.000007
21.200078,4.445292
21.108280,4.883614
21.946707,4.146466
21.641526,4.562166
21.291536,4.007554
22.940513,2.859263
22.162833,4.624175
22.724231,4.275855
22.161748,3.215432
21.842303,3.627254
22.527844,5.212757
21.938817,5.580646
2.679492,21.495681
3.123491,21.439249
2.235500,21.550701
0.955405,23.098578
21.494998,2.679872
21.439316,3.123693
22.213347,2.320253
21.944464,2.759254
21.549850,2.235802
23.098271,0.955808
22.469043,2.778296
22.999092,2.384516
22.351521,1.375236
22.067674,1.811346
22.881284,3.334853
22.324635,3.749104
2.766174,21.982365
3.180855,21.819883
1.407392,22.417812
1.894624,22.594950
1.433549,23.079287
0.000000,22.205417
0.894834,21.643754
0.540967,21.657405
1.808501,22.080291
1.342205,21.624586
0.663273,22.505249
1.070445,22.703939
0.477084,23.118405
-0.000000,22.669646
0.494167,22.093249
1.032659,22.089579
21.642845,0.895066
21.623451,1.342542
22.403542,0.000000
21.656821,0.540924
22.531381,0.693867
22.707963,1.124588
22.105910,0.920782
23.117507,0.476521
22.668052,0.000000
22.140079,0.000000
22.052379,0.458602
22.557818,1.893301
