28.910256,-0.000000
28.807581,2.387503
28.511333,4.757294
28.020628,7.096719
27.338243,9.386811
26.469834,11.612454
25.420376,13.758613
24.197144,15.810864
22.809336,17.754806
21.264666,19.578535
19.576581,21.266445
17.751849,22.811893
15.808521,24.199605
13.758728,25.421189
11.610460,26.470307
9.385391,27.339270
7.095135,28.021160
4.757633,28.511618
2.387417,28.809379
0.000000,28.911782
0.000000,30.018588
2.481343,29.914984
4.941888,29.609394
7.369944,29.100178
9.748071,28.392039
12.058735,27.490270
14.288451,26.400599
16.420219,25.130767
18.438926,23.688571
20.331350,22.085587
22.085862,20.330357
23.688626,18.438155
25.130518,16.419283
26.400226,14.287364
27.489873,12.058926
28.391751,9.747611
29.100193,7.369053
29.608633,4.942729
29.915741,2.479695
30.017515,-0.000000
14.788436,24.818431
15.357025,25.773263
14.567025,25.589810
14.279079,25.120436
15.550156,24.949191
14.938884,25.129852
15.298424,24.512105
17.433203,24.416953
15.199516,25.440760
15.892824,25.451652
16.626154,24.303709
16.021894,24.476676
16.181173,24.825006
15.731869,25.194355
14.821925,26.091548
13.176903,26.953003
16.786605,23.512466
16.304795,23.855921
17.558983,23.582641
16.961199,23.812854
17.270482,23.166364
19.389734,22.894134
17.245517,24.100776
17.941433,24.053507
18.576765,22.847468
17.986341,23.071314
16.926112,24.778801
13.511772,26.200152
12.368489,26.735305
18.670759,22.044969
18.219307,22.428520
19.446504,22.052226
18.870132,22.330361
19.126082,21.660656
21.213964,21.214127
19.176852,22.594746
19.866194,22.490193
20.400457,21.235622
19.830772,21.507062
18.912833,23.296866
18.175261,23.404015
14.149957,26.058005
13.738403,26.677923
13.927140,25.735854
12.615513,27.226298
10.905517,27.949148
12.688336,25.953272
13.223993,25.692905
12.864189,26.282291
12.156814,26.215930
13.007188,26.632408
20.427361,20.428277
20.009121,20.847483
21.199868,20.371238
20.648990,20.695794
20.848206,20.007920
22.892939,19.390322
20.977047,20.933364
21.655690,20.772892
22.083647,19.478834
21.538610,19.796325
20.772128,21.655891
20.046926,21.822442
11.309840,27.249323
11.939684,27.153996
11.489702,27.720058
10.126497,27.659463
11.720912,26.813005
10.758101,27.622900
10.323707,28.174638
22.044315,18.671956
21.661480,19.124670
22.810033,18.551117
22.287840,18.920033
22.429471,18.217724
24.415937,17.433936
22.633733,19.130009
23.297124,18.913859
23.617100,17.588771
23.099849,17.949805
22.489981,19.866565
21.779286,20.093342
10.501951,26.913294
11.055103,26.695029
10.674934,27.248978
9.949871,27.129932
11.169176,26.961244
8.559130,28.754362
23.510908,16.787148
23.167266,17.270325
24.264117,16.604278
23.773706,17.014870
23.857301,16.304014
25.771847,15.358432
24.136098,17.195863
24.779120,16.925806
24.988530,15.578547
24.503060,15.981031
24.053284,17.942036
23.364372,18.226172
9.019644,28.084991
9.657612,28.044124
9.160989,28.574595
7.806543,28.401620
9.474469,27.686880
8.442425,28.415364
7.962110,28.930757
24.816774,14.788452
24.513828,15.298941
25.551944,14.544282
25.097452,14.993430
25.121986,14.278728
26.952098,13.177365
25.473551,15.143967
26.091932,14.821793
26.189551,13.462199
25.739181,13.903043
25.452484,15.894618
24.789841,16.234499
8.243756,27.688717
8.813688,27.516204
7.675331,27.859141
6.154892,29.363366
25.953514,12.688668
25.693362,13.222889
26.665774,12.384661
26.250176,12.869920
26.214800,12.155637
27.948338,10.906866
26.636904,12.988950
27.226716,12.616378
27.211845,11.253706
26.799297,11.730062
26.678106,13.738293
26.045264,14.132375
8.383257,28.038485
8.905808,27.792890
6.669534,28.734865
7.308106,28.746281
6.770004,29.233705
5.434352,28.949690
7.155073,28.374786
6.066561,29.015530
5.546322,29.489684
26.912797,10.502217
26.697365,11.056093
27.597269,10.140381
27.223530,10.658238
27.129063,9.949701
28.753540,8.561629
27.618619,10.745233
28.175519,10.324858
28.048046,8.968256
27.676563,9.476732
27.721367,11.488436
27.123370,11.933360
5.928900,28.275151
6.510891,28.150197
5.348153,28.397440
3.708113,29.770518
27.688129,8.243107
27.519297,8.814150
28.340975,7.827017
28.010484,8.373251
27.858313,7.675158
29.362380,6.156874
28.411375,8.427698
28.931840,7.963040
28.692651,6.621052
28.364924,7.158963
28.575201,9.159500
28.016267,9.652771
6.039461,28.634816
6.580223,28.433542
4.274057,29.187330
4.908971,29.251945
4.333051,29.693427
3.025236,29.298650
4.787935,28.869122
3.650522,29.417137
3.093631,29.847781
28.274741,5.928901
28.152912,6.511574
28.890165,5.458676
28.607383,6.030864
28.395256,5.348537
29.771610,3.710300
29.010503,6.053225
29.490328,5.546321
29.142379,4.228031
28.858493,4.792942
29.234388,6.768389
28.718086,7.305717
3.574657,28.669065
4.163518,28.591692
2.985001,28.740886
1.239835,29.974797
28.668601,3.575695
28.594289,4.163896
29.241074,3.055164
29.008778,3.647544
28.740303,2.985744
29.977055,1.241895
29.412071,3.637883
29.846585,3.091974
29.390265,1.809203
29.156898,2.394091
29.693501,4.332276
29.222524,4.907654
3.654514,29.037035
4.209587,28.878989
1.848776,29.440991
2.476863,29.557083
1.862689,29.950935
0.000000,29.301957
1.193618,28.866001
0.721330,28.882609
2.389283,29.167197
1.787295,28.839804
0.868332,29.527220
1.401167,29.669938
0.616018,30.000750
0.000000,29.655406
0.657934,29.214549
1.364336,29.201402
28.865779,1.194388
28.838449,1.788657
29.451944,0.000000
28.883447,0.721180
29.548933,0.910093
29.671786,1.472231
29.216867,1.216406
30.000355,0.613458
29.653203,0.000000
29.253506,0.000000
29.184855,0.611767
29.528975,2.477345
