28.319584,0.000000
28.219007,2.338676
27.928802,4.660087
27.448128,6.951669
26.779688,9.194950
25.929017,11.375129
24.901004,13.477437
23.702774,15.487757
22.343327,17.391983
20.830193,19.178472
19.176599,20.831906
17.389172,22.345775
15.485525,23.705145
13.477534,24.901807
11.373254,25.929464
9.193624,26.780683
6.950196,27.448651
4.660428,27.929082
2.338580,28.220747
0.000000,28.321082
-0.000000,29.450230
2.434288,29.348450
4.848329,29.048639
7.230382,28.549058
9.563452,27.854328
11.830360,26.969641
14.017804,25.900619
16.109180,24.654875
18.089692,23.239985
19.946282,21.667339
21.667578,19.945363
23.240023,18.088959
24.654603,16.108307
25.900256,14.016765
26.969281,11.830513
27.854068,9.562965
28.549077,7.229479
29.047936,4.849047
29.349151,2.432657
29.449088,-0.000000
14.486055,24.311044
15.065988,25.284851
14.280305,25.086155
13.986944,24.607002
15.243099,24.456630
14.640595,24.628087
14.985854,24.010915
17.102823,23.954269
14.904186,24.946482
15.591489,24.969540
16.298941,23.825407
15.702351,23.988596
15.866671,24.342616
15.427520,24.707179
14.541208,25.597014
12.927145,26.442256
16.443401,23.031759
15.971230,23.368360
17.212306,23.117114
16.622579,23.337408
16.917568,22.692648
19.022280,22.460286
16.910426,23.632563
17.601280,23.597838
18.211157,22.397826
17.627671,22.611258
16.605532,24.309135
13.246406,25.685653
12.125218,26.209538
18.289045,21.594253
17.846599,21.970150
19.062623,21.616907
18.493398,21.884502
18.735206,21.217689
20.811941,20.812141
18.804221,22.155779
19.489567,22.064155
19.998950,20.817679
19.435306,21.078200
18.554628,22.855232
17.822062,22.949226
13.875288,25.552267
13.477809,26.172504
13.649501,25.222948
12.376645,26.710273
10.698794,27.419517
12.428892,25.422724
12.953779,25.167522
12.607768,25.758580
11.908012,25.680018
12.754506,26.115126
20.009727,20.010618
19.599865,20.421424
20.781345,19.969098
20.236745,20.282555
20.422135,19.598732
22.459135,19.022859
20.569464,20.526692
21.245181,20.379389
21.649030,19.095465
21.109097,19.401564
20.378669,21.245327
19.657361,21.398379
11.088095,26.715193
11.708144,26.627410
11.271694,27.194934
9.927266,27.115435
11.487385,26.278639
10.549134,27.086548
10.128292,27.640668
21.593633,18.290176
21.218467,18.733853
22.359763,18.184890
21.842876,18.542234
21.971067,17.845129
23.953269,17.103547
22.193970,18.758359
22.855509,18.555615
23.152303,17.242595
22.639218,17.591865
22.063941,19.489891
21.356064,19.702861
10.287169,26.363079
10.829301,26.149274
10.462164,26.706059
9.746210,26.575337
10.945380,26.421005
8.396936,28.209463
23.030252,16.443907
22.693485,16.917419
23.785138,16.276488
23.299096,16.675098
23.369689,15.970501
25.283499,15.067341
23.667166,16.861776
24.309459,16.605227
24.496753,15.271907
24.014448,15.662335
23.597613,17.601820
22.910368,17.871965
8.842723,27.534267
9.470331,27.500177
8.987089,28.033263
7.652975,27.843015
9.285696,27.135106
8.278406,27.863600
7.811412,28.382503
24.309422,14.486069
24.012543,14.986333
25.047541,14.257128
24.596407,14.694014
24.608510,13.986593
26.441372,12.927613
24.978638,14.849737
25.597407,14.541073
25.674137,13.197208
25.225918,13.625782
24.970295,15.593182
24.308133,15.918977
8.075140,27.122663
8.633678,26.953700
7.518177,27.289614
6.038281,28.806913
25.422910,12.429208
25.167981,12.952716
26.139395,12.140146
25.726103,12.612891
25.678992,11.906903
27.418729,10.700125
26.119384,12.736588
26.710701,12.377473
26.676301,11.032176
26.264899,11.496139
26.172660,13.477695
25.539158,13.857689
8.216120,27.479818
8.727436,27.236075
6.538700,28.171410
7.166422,28.188721
6.641398,28.679867
5.327437,28.380289
7.012522,27.809314
5.948700,28.452108
5.441384,28.930855
26.362571,10.287447
26.151479,10.830241
27.052504,9.940180
26.680019,10.445353
26.574542,9.746056
28.208675,8.399315
27.082026,10.536457
27.641532,10.129381
27.496056,8.791711
27.124666,9.287743
27.196134,11.270471
26.596322,11.701405
5.807624,27.697104
6.377946,27.574736
5.238577,27.816896
3.637954,29.206345
27.122076,8.074559
26.956614,8.634111
27.781505,7.672456
27.451282,8.206016
27.288836,7.518003
28.805958,6.040168
27.859388,8.263948
28.383543,7.812309
28.127980,6.490699
27.799310,7.016203
28.033771,8.985686
27.471852,9.465120
5.919041,28.064275
6.448424,27.863876
4.190230,28.615012
4.813858,28.684597
4.250572,29.130849
2.965717,28.722391
4.692520,28.293802
3.579556,28.845899
3.035099,29.282160
27.696669,5.807651
27.577288,6.378618
28.319881,5.350909
28.036223,5.910415
27.814824,5.238933
29.207380,3.639970
28.446856,5.935603
28.931461,5.441423
28.568802,4.144829
28.283057,4.697328
28.680453,6.639869
28.160019,7.163707
3.501493,28.082926
4.078586,28.007217
2.923742,28.153363
1.216351,29.406800
28.082463,3.502494
28.009651,4.078951
28.663838,2.994812
28.429580,3.574669
28.152755,2.924464
29.408892,1.218293
28.840594,3.567127
29.280987,3.033555
28.811898,1.773522
28.575507,2.346274
29.130833,4.249879
28.654696,4.812253
3.581634,28.458437
4.125279,28.300406
1.812430,28.863633
2.428913,28.983788
1.827216,29.383388
0.000000,28.719605
1.169150,28.275891
0.706514,28.292166
2.341607,28.585930
1.750994,28.250188
0.851472,28.949765
1.373941,29.096171
0.604550,29.432241
-0.000000,29.080160
0.644531,28.630703
1.337163,28.618262
28.275617,1.169896
28.248845,1.752266
28.872658,0.000000
28.292925,0.706376
28.971756,0.892326
29.098156,1.443601
28.633750,1.192206
29.431820,0.602141
29.077963,0.000000
28.670124,0.000000
28.600282,0.599240
28.955120,2.429244
