20.508579,-0.000000
20.438311,1.693636
20.228188,3.375581
19.880568,5.034584
19.396615,6.659172
18.780387,8.238217
18.035911,9.760914
17.168316,11.217054
16.183840,12.596228
15.087662,13.890304
13.889977,15.088003
12.595861,16.184271
11.216759,17.168779
9.760804,18.036264
8.237969,18.780697
6.658980,19.397066
5.034400,19.881076
3.375524,20.228793
1.693550,20.439185
-0.000000,20.509508
-0.000000,22.043373
1.820468,21.967456
3.628269,21.742618
5.411252,21.368556
7.157392,20.848385
8.854508,20.186166
10.491073,19.385974
12.056566,18.453897
13.539285,17.395062
14.929027,16.217787
16.217611,14.929127
17.394847,13.539358
18.453598,12.056624
19.385684,10.491087
20.185889,8.854583
20.848064,7.157345
21.368149,5.411127
21.742051,3.628197
21.966802,1.820224
22.042390,0.000000
10.489117,17.603077
11.273973,18.920414
10.517860,18.477566
10.125283,17.819729
11.211767,17.989320
10.715756,18.025150
10.853049,17.386066
12.798153,17.924948
11.038042,18.476004
11.665493,18.687157
12.005822,17.549852
11.499437,17.568431
11.750163,18.028274
11.446715,18.335543
10.882556,19.153432
9.672975,19.786586
11.906754,16.676970
11.562165,16.922902
12.660897,17.005330
12.167408,17.081147
12.251488,16.430848
14.234433,16.806886
12.523830,17.503455
13.169037,17.660084
13.413871,16.498605
12.910175,16.560167
12.427421,18.189655
9.765830,18.938023
8.933500,19.312485
13.243363,15.636484
12.920066,15.910457
14.022931,15.901850
13.536951,16.017934
13.566946,15.362533
15.573649,15.573872
13.926235,16.409469
14.582060,16.512396
14.730771,15.334108
14.233849,15.437217
13.886823,17.101227
13.199382,16.996344
10.281515,18.933666
10.082332,19.586387
9.998570,18.476747
9.263668,19.986633
8.005997,20.517825
8.999629,18.409001
9.380385,18.222925
9.235544,18.869713
8.619231,18.595157
9.447042,19.343619
14.489275,14.489525
14.190053,14.788847
15.286947,14.689325
14.812812,14.845227
14.788723,14.190165
16.806585,14.234642
15.233961,15.203148
15.895987,15.251572
15.946394,14.065522
15.459743,14.209199
15.251360,15.896116
14.558600,15.847656
8.181002,19.711408
8.678902,19.737781
8.430708,20.352067
7.313591,19.978361
8.416255,19.250848
7.813778,20.065832
7.581573,20.683313
15.636240,13.243598
15.362369,13.567006
16.448389,13.376813
15.988461,13.571298
15.910316,12.920166
17.924618,12.798348
16.437166,13.893383
17.101091,13.887041
17.053707,12.700744
16.580516,12.883946
16.512182,14.582191
15.816733,14.591749
7.448686,19.089456
7.843385,18.935262
7.663850,19.565087
7.054197,19.243524
7.998333,19.307872
6.284241,21.109029
16.676588,11.906907
16.430644,12.251634
17.496910,11.972885
17.054531,12.204672
16.922768,11.562268
18.920058,11.274202
17.528478,12.488564
18.189465,12.427496
18.043982,11.248759
17.587643,11.470705
17.659827,13.169150
16.968077,13.235715
6.523091,20.312617
7.020361,20.382926
6.721213,20.978884
5.638275,20.514792
6.803028,19.878106
6.131353,20.641153
5.847638,21.238981
17.602656,10.489212
17.385909,10.853196
18.425346,10.486988
18.003852,10.754489
17.819602,10.125355
19.786243,9.673129
18.499689,10.998223
19.153239,10.882640
18.911133,9.720466
18.474661,9.979110
18.686935,11.665707
18.003199,11.789074
5.846872,19.639632
6.252995,19.518429
5.440960,19.760618
4.519590,21.556152
18.408717,8.999755
18.222715,9.380398
19.228536,8.929749
18.830473,9.231092
18.594852,8.619268
20.517464,8.006210
19.344456,9.433115
19.986418,9.263821
19.649251,8.125696
19.235633,8.419509
19.586110,10.082404
18.914651,10.262180
6.018101,20.131451
6.378502,19.905324
4.823546,20.782852
5.313056,20.893681
4.965817,21.462568
3.924806,20.910506
5.137827,20.372434
4.405660,21.077302
4.073832,21.649570
19.089075,7.448848
18.935119,7.843582
19.900383,7.311425
19.528544,7.644574
19.243163,7.054304
21.108605,6.284445
20.057363,7.803544
20.683102,7.581705
20.253234,6.475353
19.865282,6.802301
20.351829,8.430674
19.697590,8.665256
4.205079,20.055513
4.619756,19.968348
3.790544,20.142387
2.724083,21.855566
19.639172,5.846968
19.518269,6.253124
20.436388,5.643099
20.093279,6.005785
19.760159,5.441048
21.555587,4.519720
20.633308,6.120591
21.238693,5.847719
20.718991,4.780776
20.359401,5.138655
20.978500,6.721151
20.345870,7.008996
4.335376,20.559890
4.712786,20.364072
3.091203,21.110601
3.569751,21.261406
3.176538,21.799437
2.185195,21.162944
3.437858,20.727127
2.650410,21.369132
2.272222,21.911865
20.054936,4.205191
19.968054,4.619918
20.832779,3.935953
20.520792,4.325900
20.141700,3.790643
21.855025,2.724138
21.068357,4.395758
21.649097,4.073840
21.042698,3.053116
20.713949,3.439777
21.462090,4.965692
20.855402,5.304959
2.534661,20.334526
2.955021,20.281678
2.114304,20.386914
0.910173,22.005887
20.333831,2.534829
20.281243,2.955137
21.086085,2.202379
20.807804,2.616421
20.386140,2.114442
22.005235,0.910282
21.359296,2.640919
21.911084,2.272070
21.223257,1.305706
20.927551,1.717673
21.798765,3.176464
21.222267,3.564046
2.623419,20.847824
3.015216,20.683364
1.336921,21.292735
1.801637,21.482867
1.365390,21.987149
0.000000,21.065044
0.846683,20.474575
0.512082,20.488052
1.715222,20.940614
1.270043,20.456877
0.630413,21.381006
1.017636,21.591648
0.454911,22.024786
0.000000,21.553669
0.467761,20.947143
0.979221,20.945329
20.473732,0.846772
20.455975,1.270175
21.274097,0.000000
20.487311,0.512073
21.408331,0.659213
21.596379,1.069157
20.962174,0.873067
22.023945,0.454728
21.552580,0.000000
20.995976,0.000000
20.904023,0.433871
21.443809,1.800008
