26.767819,0.000000
26.672831,2.210449
26.398520,4.404764
25.944218,6.570654
25.312419,8.690970
24.508344,10.751709
23.536669,12.738822
22.404120,14.638995
21.119176,16.438890
19.688890,18.127546
18.125901,19.690414
16.436478,21.121323
14.637075,22.406238
12.738872,23.537448
10.750145,24.508745
8.689883,25.313348
6.569462,25.944745
4.405081,26.398829
2.210325,26.674447
0.000000,26.769270
-0.000000,27.961486
2.311008,27.864550
4.603224,27.579858
6.864791,27.105517
9.079851,26.445901
11.232157,25.605955
13.308872,24.591011
15.294463,23.408351
17.174919,22.064992
18.937654,20.571813
20.571948,18.936941
22.064969,17.174315
23.408011,15.293769
24.590654,13.307984
25.605662,11.232234
26.445683,9.079327
27.105507,6.863899
27.579266,4.603649
27.865053,2.309465
27.960168,-0.000000
13.691742,22.978157
14.303672,24.005530
13.528204,23.765054
13.219527,23.258269
14.437581,23.164455
13.857733,23.311178
14.164715,22.694363
16.237453,22.742326
14.129877,23.650586
14.802205,23.706715
15.440654,22.570821
14.863774,22.707707
15.042122,23.077905
14.629696,23.430146
13.805877,24.301682
12.272953,25.104422
15.541840,21.768979
15.094982,22.087578
16.302845,21.895875
15.733879,22.089583
15.990445,21.448256
18.059792,21.323888
16.031874,22.405001
16.710296,22.404281
17.252140,21.218420
16.686409,21.403926
15.765783,23.078939
12.550385,24.336243
11.487112,24.830506
17.286322,20.410277
16.867522,20.766041
18.055572,20.474920
17.504673,20.714339
17.708350,20.054077
19.758907,19.759194
17.827245,21.004896
18.503042,20.948202
18.945773,19.721407
18.397475,19.952725
17.616350,21.698463
16.896068,21.756880
13.155229,24.226399
12.795225,24.848637
12.920923,23.876934
11.750950,25.358652
10.157351,26.032221
11.747374,24.029015
12.243888,23.787417
11.934852,24.384184
11.254430,24.272208
12.092027,24.758922
18.912652,18.913463
18.524779,19.302193
19.683420,18.914134
19.154811,19.198006
19.302826,18.523857
21.322846,18.060352
19.500852,19.460485
20.169899,19.348656
20.509001,18.089883
19.981913,18.365580
19.348038,20.169936
18.636022,20.286588
10.506539,25.314345
11.101158,25.246957
10.700627,25.819452
9.404688,25.688486
10.874553,24.876336
10.001264,25.680362
9.616414,26.242046
20.409734,17.287282
20.054700,17.707192
21.178542,17.224147
20.675073,17.550699
20.766826,16.866370
22.741375,16.238143
21.040983,17.783973
21.698754,17.617228
21.933112,16.334572
21.430367,16.652517
20.947974,18.503264
20.246481,18.679111
9.722983,24.917710
10.236090,24.715649
9.903791,25.281276
9.211207,25.118452
10.357935,25.002960
7.972122,26.782181
21.767613,15.542254
21.448895,15.990341
22.528609,15.416572
22.053481,15.783371
22.088719,15.094408
24.004337,14.304874
22.437703,15.985876
23.079235,15.765501
23.206786,14.467589
22.732166,14.825983
22.404035,16.710687
21.720080,16.943323
8.378719,26.089885
8.979379,26.074196
8.531574,26.615314
7.250166,26.377831
8.790307,25.687112
7.848381,26.417003
7.416678,26.946459
22.976648,13.691750
22.695695,14.165108
23.724312,13.503813
23.281410,13.908199
23.259596,13.219200
25.103593,12.273427
23.681055,14.078330
24.302053,13.805749
24.322170,12.502135
23.878937,12.898169
23.707255,14.803625
23.045212,15.091755
7.632230,25.635686
8.160756,25.476078
7.105340,25.793507
5.732870,27.349377
24.029058,11.747646
23.787836,12.242961
24.758510,11.498688
24.350666,11.938325
24.271413,11.253516
26.031485,10.158603
24.762529,12.074950
25.359052,11.751673
25.271533,10.451104
24.862453,10.882261
24.848698,12.795109
24.212264,13.137527
7.777505,26.013697
8.259215,25.774545
6.195574,26.693637
6.795006,26.727066
6.304527,27.229160
5.046998,26.886792
6.638438,26.325384
5.639682,26.974956
5.166512,27.467112
24.917173,9.723291
24.717466,10.236907
25.623390,9.414963
25.253561,9.886652
25.117811,9.211102
26.781468,7.974165
25.675162,9.989093
26.242810,9.617337
26.048151,8.328628
25.676292,8.791795
25.820347,10.699552
25.214521,11.093273
5.489069,26.178621
6.028673,26.063082
4.950735,26.291852
3.454196,27.728619
25.635089,7.631827
25.478475,8.161118
26.313811,7.266972
25.983639,7.767121
25.792829,7.105183
27.348484,5.734488
26.412166,7.834641
26.947338,7.417470
26.646816,6.148796
26.314936,6.641568
26.615559,8.530413
26.044518,8.973146
5.603024,26.566997
6.102454,26.368617
3.970373,27.114013
4.564525,27.197277
4.034552,27.657242
2.809601,27.210915
4.442140,26.784017
3.393485,27.348276
2.881781,27.800605
26.178113,5.489156
26.065159,6.029301
26.823816,5.068187
26.537189,5.594316
26.290052,4.951021
27.729442,3.455780
26.969065,5.627213
27.467568,5.166630
27.064265,3.926582
26.772905,4.446415
27.229476,6.303239
26.696895,6.791395
3.309313,26.543199
3.855438,26.471889
2.762820,26.610003
1.154828,27.919052
26.542701,3.310208
26.473843,3.855773
27.149552,2.836472
26.909424,3.383442
26.609305,2.763477
27.920645,1.156446
27.342260,3.381618
27.799472,2.880523
27.294805,1.679950
27.049698,2.220810
27.656987,4.034049
27.165978,4.562156
3.390385,26.940012
3.903980,26.781753
1.717142,27.349407
2.303216,27.480882
1.734319,27.896762
0.000000,27.191560
1.104913,26.725718
0.667641,26.741179
2.216523,27.060518
1.655577,26.701360
0.807259,27.435420
1.302554,27.592144
0.574517,27.943151
0.000000,27.572156
0.609330,27.098360
1.265831,27.087814
26.725274,1.105576
26.700025,1.656621
27.353245,0.000000
26.741675,0.667526
27.458173,0.845722
27.594486,1.368534
27.103364,1.128667
27.942623,0.572510
27.569968,0.000000
27.139105,0.000000
27.065874,0.566335
27.450594,2.303158
