26.914846,-0.000000
26.819323,2.222596
26.543505,4.428953
26.086703,6.606754
25.451433,8.738720
24.642943,10.810777
23.665930,12.808804
22.527158,14.719414
21.235156,16.529194
19.797020,18.227121
18.225447,19.798570
16.526739,21.237340
14.717459,22.529310
12.808856,23.666721
10.809181,24.643357
8.737609,25.452378
6.605534,26.087240
4.429274,26.543821
2.222475,26.820962
0.000000,26.916312
0.000000,28.102263
2.322667,28.004864
4.626403,27.718744
6.899361,27.242016
9.125579,26.579079
11.288720,25.734903
13.375905,24.714846
15.371497,23.526221
17.261414,22.176097
19.033023,20.675403
20.675543,19.032294
22.176074,17.260800
23.525880,15.370789
24.714479,13.375004
25.734595,11.288805
26.578848,9.125057
27.241999,6.898466
27.718132,4.626853
28.005376,2.321113
28.100948,-0.000000
13.766999,23.104451
14.375751,24.126501
13.599390,23.890099
13.292236,23.386062
14.513827,23.286773
13.931858,23.435877
14.242517,22.819105
16.319276,22.856926
14.203140,23.773205
14.876834,23.826126
15.521888,22.689569
14.943169,22.828988
15.120136,23.197572
14.705175,23.550964
13.875408,24.424166
12.334809,25.230927
15.627258,21.888628
15.178002,22.208933
16.388930,22.011478
15.818023,22.207740
16.078288,21.566161
18.150799,21.431344
16.115000,22.521154
16.794542,22.517142
17.342908,21.330051
16.775526,21.518241
15.845187,23.195263
12.616258,24.463958
11.547507,24.961030
17.381325,20.522457
16.960284,20.880132
18.150893,20.583019
17.598288,20.825140
17.805643,20.164328
19.858474,19.858759
17.919683,21.113793
18.596322,21.053725
19.045453,19.825171
18.495736,20.059290
17.705069,21.807844
16.983679,21.869699
13.223353,24.351849
12.859766,24.973821
12.989902,24.004380
11.810113,25.486459
10.208544,26.163404
11.811943,24.161071
12.311151,23.918181
11.998562,24.514320
11.316354,24.405600
12.154708,24.887247
19.016593,19.017419
18.626638,19.408241
19.787343,19.013997
19.257252,19.300701
19.408879,18.625700
21.430286,18.151364
19.601959,19.561369
20.271571,19.446121
20.616902,18.185062
20.088634,18.463671
19.445489,20.271622
18.732655,20.391785
10.561576,25.446927
11.158584,25.377568
10.754625,25.949517
9.454147,25.823547
10.932575,25.009110
10.053101,25.813416
9.664815,26.374297
20.521902,17.382305
20.164960,17.804469
21.290350,17.315090
20.785644,17.644586
20.880925,16.959105
22.855963,16.319974
21.150074,17.876169
21.808129,17.705962
22.048504,16.420517
21.544819,16.741458
21.053494,18.596556
20.351462,18.775977
9.776435,25.054660
10.292297,24.851484
9.956657,25.416181
9.261897,25.256494
10.413563,25.137247
8.012288,26.917144
21.887240,15.627685
21.566813,16.078183
22.647544,15.497971
22.171419,15.867807
22.210087,15.177416
24.125285,14.376971
22.554029,16.068753
23.195557,15.844905
23.328877,14.543718
22.853570,14.905171
22.516892,16.794949
21.832697,17.031190
8.422631,26.226588
9.025827,26.209115
8.574646,26.749396
7.288290,26.516511
8.837209,25.824213
7.889068,26.553881
7.454002,27.082249
23.102920,13.767010
22.820459,14.242921
23.849560,13.575121
23.405918,13.982606
23.387401,13.291909
25.230084,12.335285
23.803826,14.151320
24.424533,13.875280
24.450129,12.567923
24.006467,12.967062
23.826680,14.878283
23.164701,15.170026
7.674192,25.776579
8.205567,25.616083
7.144455,25.935265
5.761745,27.487201
24.161116,11.812222
23.918597,12.310212
24.889216,11.559408
24.480896,12.002197
24.404776,11.315423
26.162653,10.209808
24.890908,12.137553
25.486855,11.810849
25.404489,10.506102
24.995234,10.940384
24.973883,12.859651
24.337806,13.205667
7.819032,26.152517
8.303554,25.912948
6.228046,26.833500
6.830144,26.865360
6.336380,27.366339
5.073541,27.028151
6.673856,26.465887
5.668921,27.114725
5.192503,27.605521
25.054115,9.776743
24.853331,10.293128
25.758660,9.464680
25.388622,9.939553
25.255831,9.261788
26.916414,8.014366
25.808272,10.040884
26.375063,9.665756
26.185189,8.372459
25.813422,8.838752
25.950432,10.753536
25.345258,11.150813
5.519249,26.322499
6.061768,26.206311
4.978006,26.436352
3.471571,27.868350
25.775972,7.673773
25.618520,8.205936
26.452733,7.305356
26.122599,7.808678
25.934568,7.144296
27.486291,5.763391
26.549095,7.875261
27.083135,7.454806
26.787001,6.181156
26.455474,6.677039
26.749654,8.573461
26.179563,9.019695
5.632944,26.708767
6.135216,26.510214
3.991181,27.256073
4.588114,27.337999
4.054976,27.796588
2.824376,27.353976
4.465845,26.926969
3.411091,27.489980
2.896278,27.940701
26.321987,5.519331
26.208424,6.062402
26.965423,5.094950
26.679122,5.624246
26.434516,4.978299
27.869185,3.473195
27.108885,5.656393
27.605982,5.192616
27.206663,3.947239
26.915884,4.470172
27.366670,6.335069
26.835325,6.826622
3.327520,26.689089
3.876583,26.617361
2.778066,26.756237
1.160645,28.059731
26.688584,3.328427
26.619351,3.876921
27.292883,2.851461
27.053358,3.401547
26.755537,2.778731
28.061363,1.162296
27.484025,3.399170
27.939553,2.894994
27.438391,1.688806
27.194160,2.232688
27.796343,4.054457
27.306829,4.585818
3.408492,27.083785
3.924936,26.925565
1.726157,27.492720
2.315108,27.623079
1.743102,28.037339
0.000000,27.336228
1.110997,26.872599
0.671321,26.888133
2.228363,27.204951
1.664621,26.848111
0.811443,27.578735
1.309309,27.734439
0.577357,28.083957
0.000000,27.714834
0.612665,27.243460
1.272586,27.232732
26.872161,1.111669
26.846763,1.665686
27.497044,0.000000
26.888645,0.671204
27.601401,0.850133
27.736735,1.375637
27.248263,1.134685
28.083429,0.575311
27.712633,0.000000
27.284060,0.000000
27.211168,0.569453
27.592941,2.315086
