20.014555,-0.000000
19.946489,1.652813
19.741346,3.294315
19.402105,4.913305
18.929767,6.498769
18.328335,8.039800
17.601810,9.525890
16.755193,10.947033
15.794494,12.293024
14.724718,13.555955
13.555870,14.724820
12.292953,15.794617
10.946978,16.755335
9.525852,17.601966
8.039767,18.328509
6.498745,18.929962
4.913288,19.402318
3.294306,19.741575
1.652807,19.946736
-0.000000,20.014807
-0.000000,21.583742
1.782332,21.509685
3.552546,21.289538
5.298445,20.923298
7.008220,20.413966
8.670061,19.765546
10.272467,18.982038
11.805424,18.069448
13.257327,17.032777
14.618174,15.880040
15.879958,14.618236
17.032675,13.257372
18.069323,11.805454
18.981892,10.272485
19.765381,8.670071
20.413780,7.008219
20.923092,5.298438
21.289312,3.552540
21.509445,1.782322
21.583488,-0.000000
10.236424,17.178667
11.038950,18.525757
10.282414,18.063839
9.881148,17.390319
10.959311,17.584091
10.469224,17.610116
10.591704,16.967005
12.531383,17.551127
10.796903,18.072240
11.422193,18.297602
11.737248,17.157063
11.235576,17.165153
11.493465,17.634325
11.198732,17.938451
10.655710,18.753905
9.471269,19.373807
11.619978,16.274989
11.283490,16.515163
12.375932,16.622507
11.887623,16.687999
11.956471,16.034810
13.937758,16.456422
12.250260,17.121085
12.894364,17.291955
13.113761,16.129469
12.614058,16.180180
12.168405,17.810293
9.548164,18.515845
8.733815,18.880807
12.924424,15.259728
12.608701,15.527175
13.707424,15.543933
13.225741,15.649369
13.240156,14.992282
15.249075,15.249150
13.622062,16.051021
14.277976,16.168234
14.401226,14.990994
13.907373,15.083002
13.597542,16.744607
12.911194,16.625035
10.057507,18.520800
9.871877,19.177927
9.769415,18.052969
9.070663,19.569683
7.839142,20.089772
8.782816,17.965252
9.154339,17.783618
9.023868,18.436934
8.411305,18.146889
9.240778,18.921042
14.140307,14.140398
13.848101,14.432612
14.942975,14.358660
14.472215,14.503653
14.432520,13.848184
16.456326,13.937815
14.901264,14.871081
15.564527,14.933694
15.589657,13.750786
15.105130,13.883177
14.933625,15.564603
14.240741,15.501462
7.999304,19.273306
8.490100,19.308137
8.254614,19.927662
7.150086,19.531608
8.223464,18.809414
7.643170,19.627729
7.423677,20.251876
15.259620,12.924499
14.992181,13.240229
16.078277,13.075701
15.620806,13.259032
15.527065,12.608768
17.551011,12.531424
16.078181,13.589928
16.744511,13.597595
16.672161,12.416546
16.200168,12.588343
16.168146,14.278034
15.471400,14.272984
7.269262,18.629252
7.654517,18.478886
7.488191,19.116505
6.884014,18.779616
7.812987,18.860380
6.153330,20.668650
16.274859,11.620035
16.034689,11.956532
17.103146,11.703330
16.662324,11.923842
16.515035,11.283543
18.525620,11.038979
17.145630,12.215757
17.810176,12.168440
17.640196,10.996979
17.184119,11.207496
17.291846,12.894406
16.597588,12.946552
6.378090,19.860848
6.867682,19.939021
6.580786,20.541313
5.512240,20.056066
6.647165,19.422226
5.997432,20.190448
5.725884,20.795979
17.178517,10.236467
16.966867,10.591752
18.010582,10.250804
17.589699,10.506965
17.390173,9.881187
19.373650,9.471286
18.095532,10.757916
18.753768,10.655733
18.487857,9.502841
18.050680,9.750078
18.297473,11.422225
17.610034,11.531457
5.706022,19.166157
6.102386,19.048062
5.309664,19.284245
4.425490,21.106436
17.965088,8.782850
17.783461,9.154372
18.795638,8.728598
18.397220,9.018575
18.146720,8.411334
20.089595,7.839152
18.921775,9.226972
19.569525,9.070678
19.209447,7.943757
18.794163,8.226253
19.177776,9.871894
18.501467,10.037850
5.880139,19.669796
6.230787,19.444185
4.716353,20.320620
5.197561,20.438696
4.861979,21.014873
3.837064,20.442885
5.020135,19.905259
4.309393,20.617078
3.989016,21.197993
18.629067,7.269289
18.478712,7.654546
19.452393,7.146701
19.079213,7.468566
18.779427,6.884037
20.668451,6.153335
19.619095,7.633002
20.251698,7.423684
19.799957,6.330351
19.409399,6.646179
19.927493,8.254620
19.267253,8.475813
4.103801,19.571965
4.508545,19.487142
3.699061,19.656777
2.667431,21.399627
19.165953,5.706039
19.047871,6.102406
19.976383,5.515960
19.631008,5.867502
19.284037,5.309680
21.106217,4.425490
20.182528,5.986861
20.795780,5.725884
20.255406,4.673772
19.892231,5.020713
20.541121,6.580784
19.901391,6.855761
4.235978,20.088416
4.603638,19.892289
3.022521,20.641098
3.492229,20.798379
3.109999,21.344593
2.136415,20.689689
3.359096,20.251729
2.592434,20.902507
2.224880,21.454666
19.571742,4.103813
19.486931,4.508560
20.363946,3.847315
20.048707,4.226326
19.656548,3.699072
21.399395,2.667428
20.608172,4.299686
21.197772,3.989012
20.571846,2.984792
20.238736,3.360771
21.014660,4.861972
20.399844,5.189000
2.473561,19.844173
2.883932,19.792874
2.063190,19.895457
0.891164,21.546728
19.843935,2.473571
19.792647,2.883941
20.611733,2.152758
20.329062,2.556232
19.895215,2.063198
21.546486,0.891166
20.892752,2.583148
21.454425,2.224872
20.748592,1.276440
20.447447,1.678206
21.344360,3.109993
20.758802,3.486228
2.563305,20.369588
2.945427,20.204154
1.307293,20.818951
1.762532,21.014942
1.336750,21.528220
0.000000,20.584380
0.826401,19.980778
0.499936,19.994211
1.675942,20.460189
1.239602,19.963757
0.616581,20.907633
0.995429,21.123651
0.445577,21.565240
0.000000,21.084045
0.456631,20.463869
0.956699,20.462897
19.980530,0.826405
19.963507,1.239608
20.798979,0.000000
19.993965,0.499937
20.936077,0.644630
21.129273,1.045871
20.480555,0.852938
21.564991,0.445571
21.083787,0.000000
20.514182,0.000000
20.420306,0.423437
20.975527,1.760779
