20.005612,-0.000000
19.937586,1.652067
19.732530,3.292829
19.393438,4.911086
18.921307,6.495834
18.320140,8.036169
17.593937,9.521587
16.747698,10.942088
15.787428,12.287468
14.718128,13.549825
13.549801,14.718156
12.287448,15.787462
10.942071,16.747737
9.521576,17.593980
8.036158,18.320187
6.495826,18.921361
4.911081,19.393497
3.292826,19.732595
1.652065,19.937656
0.000000,20.005684
-0.000000,21.575274
1.781635,21.501252
3.551164,21.281196
5.296387,20.915104
7.005500,20.405977
8.666701,19.757817
10.268488,18.974622
11.800857,18.062397
13.252205,17.026140
14.612532,15.873857
15.873835,14.612549
17.026111,13.252218
18.062363,11.800866
18.974582,10.268494
19.757772,8.666705
20.405926,7.005500
20.915047,5.296384
21.281132,3.551162
21.501184,1.781632
21.575201,-0.000000
10.231827,17.170865
11.034674,18.518515
10.278130,18.056238
9.876705,17.382423
10.954719,17.576650
10.464739,17.602490
10.586951,16.959303
12.526534,17.544274
10.792517,18.064827
11.417768,18.290455
11.732365,17.149854
11.230778,17.157747
11.488798,17.627095
11.194222,17.931163
10.651582,18.746572
9.467596,19.366225
11.614764,16.267605
11.278423,16.507672
12.370753,16.615483
11.882537,16.680781
11.951108,16.027537
13.932372,16.450003
12.245288,17.114071
12.889373,17.285208
13.108310,16.122701
12.608677,16.173208
12.163697,17.803337
9.544202,18.508086
8.730180,18.872870
12.918629,15.252813
12.603043,15.520139
13.701694,15.537372
13.220088,15.642609
13.234218,14.985488
15.243187,15.243208
13.616538,16.044452
14.272456,16.161932
14.395244,14.984708
13.901445,15.076508
13.592288,16.738074
12.905959,16.618227
10.053431,18.513217
9.868046,19.170426
9.765245,18.045180
9.067148,19.562023
7.836101,20.081903
8.778869,17.957088
9.150225,17.775537
9.020015,18.428977
8.407519,18.138640
9.237022,18.913276
14.133970,14.133995
13.841891,14.426077
14.936733,14.352603
14.466032,14.497393
14.426052,13.841913
16.449977,13.932388
14.895227,14.865000
15.558515,14.927879
15.583185,13.745024
15.098695,13.877204
14.927860,15.558536
14.234971,15.495120
7.995995,19.265248
8.486662,19.300239
8.251406,19.919862
7.147107,19.523389
8.219953,18.801295
7.640062,19.619672
7.420799,20.243943
15.252784,12.918650
14.985460,13.234238
16.071564,13.070189
15.614135,13.253313
15.520109,12.603061
17.544242,12.526546
16.071671,13.584375
16.738048,13.592303
16.665243,12.411346
16.193269,12.582931
16.161908,14.272472
15.465136,14.267149
7.265994,18.620780
7.651077,18.470485
7.484992,19.108251
6.880914,18.771074
7.809612,18.852147
6.150942,20.660548
16.267569,11.614780
16.027504,11.951125
17.096008,11.698398
16.655211,11.918701
16.507637,11.278438
18.518477,11.034683
17.138691,12.210768
17.803306,12.163706
17.632878,10.992375
17.176802,11.202679
17.285178,12.889385
16.590871,12.941262
6.375447,19.852534
6.864900,19.930855
6.578225,20.533264
5.509942,20.047620
6.644325,19.413834
5.994990,20.182153
5.723663,20.787827
17.170824,10.231839
16.959266,10.586964
18.003066,10.246485
17.582191,10.502436
17.382384,9.876717
19.366182,9.467602
18.088210,10.753524
18.746535,10.651589
18.480188,9.498863
18.042996,9.745888
18.290420,11.417778
17.602910,11.526747
5.703455,19.157435
6.099642,19.039399
5.307272,19.275469
4.423773,21.098157
17.957044,8.778879
17.775495,9.150234
18.787796,8.724921
18.389368,9.014688
18.138594,8.407528
20.081855,7.836105
18.914121,9.223206
19.561980,9.067153
19.201483,7.940433
18.786165,8.222720
19.170385,9.868051
18.493983,10.033751
5.877624,19.661296
6.228095,19.435695
4.714398,20.312108
5.195455,20.430320
4.860084,21.006632
3.835464,20.434272
5.017990,19.896655
4.307637,20.608603
3.987468,21.189678
18.620729,7.266003
18.470439,7.651086
19.444282,7.143691
19.071074,7.465348
18.771023,6.880921
20.660493,6.150944
19.611162,7.629887
20.243895,7.420802
19.791753,6.327703
19.401144,6.643325
19.919816,8.251408
19.259462,8.472352
4.101955,19.563053
4.506518,19.478275
3.697393,19.647827
2.666396,21.391230
19.157379,5.703461
19.039347,6.099648
19.968058,5.513638
19.622638,5.864975
19.275411,5.307277
21.098096,4.423773
20.174373,5.984420
20.787773,5.723663
20.247019,4.671819
19.883775,5.018558
20.533212,6.578225
19.893348,6.852963
4.234166,20.079731
4.601648,19.883598
3.021268,20.632448
3.490815,20.789851
3.108784,21.336217
2.135525,20.680968
3.357660,20.242970
2.591376,20.893910
2.224015,21.446245
19.562991,4.101959
19.478217,4.506523
20.355465,3.845696
20.040164,4.224507
19.647762,3.697397
21.391165,2.666396
20.599851,4.297934
21.189617,3.987466
20.563330,2.983545
20.230138,3.359328
21.006573,4.860082
20.391604,5.186884
2.472447,19.835132
2.882636,19.783864
2.062258,19.886396
0.890817,21.538269
19.835065,2.472450
19.783800,2.882639
20.603155,2.151852
20.320401,2.555133
19.886327,2.062261
21.538201,0.890818
20.884319,2.582094
21.446177,2.224012
20.740010,1.275906
20.438763,1.677485
21.336151,3.108782
20.750423,3.484808
2.562208,20.360774
2.944154,20.195323
1.306753,20.810220
1.761818,21.006320
1.336227,21.519765
0.000000,20.575519
0.826031,19.971673
0.499715,19.985105
1.675226,20.451334
1.239047,19.954664
0.616329,20.898909
0.995024,21.115027
0.445407,21.556773
-0.000000,21.075390
0.456428,20.454959
0.956288,20.454003
19.971602,0.826033
19.954593,1.239049
20.790390,0.000000
19.985035,0.499715
20.927541,0.644364
21.120833,1.045446
20.471844,0.852570
21.556702,0.445404
21.075316,0.000000
20.505468,0.000000
20.411556,0.423247
20.967063,1.760064
