20.759454,-0.000000
20.688083,1.714350
20.475408,3.416821
20.123511,5.096133
19.633641,6.740581
19.009893,8.338927
18.256310,9.880220
17.378082,11.354139
16.381552,12.750168
15.271981,14.060055
14.059659,15.272386
12.749699,16.382075
11.353767,17.378638
9.880114,18.256689
8.338614,19.010192
6.740343,19.634115
5.095898,20.124028
3.416767,20.476018
1.714242,20.689046
-0.000000,20.760478
-0.000000,22.277108
1.839863,22.200270
3.666790,21.973065
5.468652,21.595042
7.233303,21.069371
8.948376,20.400145
10.602328,19.591482
12.184391,18.649510
13.682808,17.579421
15.087269,16.389668
16.389497,15.087341
17.579206,13.682852
18.649190,12.184424
19.591186,10.602306
20.399886,8.948456
21.069076,7.233222
21.594663,5.468474
21.972500,3.666705
22.199630,1.839521
22.276008,0.000000
10.617437,17.818485
11.393588,19.121207
10.637561,18.687818
10.249256,18.037672
11.340109,18.195240
10.841042,18.235968
10.985762,17.598767
12.933937,18.115161
11.160684,18.681277
11.789323,18.885359
12.142379,17.749485
11.633540,17.773303
11.880726,18.228569
11.572858,18.537458
10.998003,19.356700
9.775627,19.996578
12.052392,16.881016
11.703690,17.129864
12.805779,17.199891
12.309604,17.280872
12.401310,16.631884
14.385452,16.985230
12.662978,17.697876
13.308846,17.847406
13.566471,16.686240
13.060683,16.753231
12.559252,18.382686
9.876498,19.152577
9.035018,19.531851
13.405339,15.827747
13.078199,16.105025
14.183349,16.083769
13.695129,16.205191
13.732904,15.550497
15.738875,15.739121
14.080961,16.591743
14.736853,16.687535
14.898343,15.508526
14.399793,15.617200
14.034073,17.282706
13.345976,17.185152
10.395449,19.143566
10.189439,19.794185
10.115031,18.692014
9.361889,20.198744
8.090913,20.735573
9.109723,18.634211
9.495163,18.445888
9.343120,19.089545
8.724812,18.822657
9.551945,19.558439
14.666495,14.666773
14.363715,14.969698
15.461836,14.857397
14.985923,15.018780
14.969613,14.363787
16.984883,14.385690
15.403198,15.372013
16.064719,15.413337
16.127787,14.225514
15.639983,14.374861
15.413104,16.064826
14.720294,16.023706
8.273384,19.934049
8.774927,19.956205
8.520324,20.567961
7.396714,20.205373
8.514230,19.475073
7.900542,20.288535
7.661923,20.902783
15.827493,13.405605
15.550361,13.732907
16.636558,13.529863
16.175315,13.729961
16.104928,13.078263
18.114786,12.934168
16.619769,14.047697
17.282604,14.034330
17.247700,12.845207
16.773823,13.034148
16.687312,14.736977
15.992400,14.753852
7.539794,19.323006
7.939284,19.166875
7.753119,19.792938
7.140612,19.478950
8.092504,19.535130
6.350860,21.333034
16.880573,12.052549
16.631704,12.401451
17.697085,12.109885
17.253846,12.347357
17.129792,11.703773
19.120807,11.393878
17.723203,12.627283
18.382521,12.559307
18.249261,11.376731
17.792707,11.604438
17.847136,13.308957
17.156530,13.382759
6.596812,20.542189
7.098013,20.608584
6.792676,21.201461
5.702348,20.747877
6.882234,20.109655
6.199457,20.870248
5.909593,21.464321
17.817998,10.617518
17.598670,10.985917
18.636173,10.607015
18.214297,10.880239
18.037622,10.249305
19.996211,9.775815
18.705228,11.120403
19.356544,10.998081
19.126299,9.831066
18.690100,10.095466
18.885156,11.789591
18.203166,11.920064
5.918393,19.879904
6.329465,19.757133
5.507630,20.002360
4.567472,21.784892
18.633941,9.109855
18.445721,9.495126
19.448568,9.031964
19.050607,9.339047
18.822358,8.724812
20.735202,8.091204
19.559398,9.537916
20.198572,9.362080
19.872815,8.218156
19.459950,8.517681
19.793916,10.189505
19.124777,10.376233
6.088212,20.365927
6.453553,20.139505
4.878044,21.017728
5.371794,21.124959
5.018656,21.690280
3.969410,21.148093
5.197634,20.609707
4.454612,21.311222
4.116984,21.879255
19.322619,7.539982
19.166832,7.939523
20.128088,7.395127
19.756846,7.733977
19.478598,7.140721
21.332608,6.351159
20.280230,7.890245
20.902641,7.662100
20.483657,6.549042
20.096931,6.881607
20.567770,8.520247
19.916427,8.761568
4.256508,20.300880
4.676224,20.212538
3.837003,20.388799
2.752904,22.087453
19.879437,5.918490
19.757098,6.329611
20.670220,5.707705
20.328171,6.076024
20.001902,5.507719
21.784306,4.567675
20.862553,6.188581
21.464106,5.909713
20.954679,4.835160
20.596805,5.198566
21.201087,6.792573
20.571906,7.086902
4.385889,20.799338
4.768242,20.603645
3.126121,21.349153
3.609175,21.496754
3.210392,22.030764
2.209995,21.403376
3.477881,20.968558
2.679888,21.606285
2.296303,22.144387
20.300288,4.256639
20.212351,4.676426
21.071122,3.980997
20.760695,4.376479
20.388055,3.837117
22.086955,2.753005
21.302411,4.444606
21.878819,4.117008
21.282106,3.087843
20.955466,3.479910
21.689814,5.018478
21.087091,5.363917
2.565688,20.583328
2.991118,20.529704
2.140264,20.636276
0.919841,22.239389
20.582610,2.565912
20.529358,2.991261
21.327267,2.227599
21.051111,2.646996
20.635454,2.140446
22.238772,0.920010
21.596609,2.670297
22.143547,2.296095
21.464627,1.320582
21.171578,1.737723
22.030064,3.210301
21.458003,3.603618
2.653970,21.090685
3.050676,20.926688
1.351989,21.533438
1.821521,21.720686
1.379957,22.220535
-0.000000,21.309137
0.856990,20.725106
0.518259,20.738611
1.735184,21.184576
1.285502,20.707080
0.637444,21.621511
1.028927,21.829504
0.459654,22.258485
-0.000000,21.792333
0.473415,21.192516
0.990662,21.190290
20.724207,0.857114
20.706086,1.285685
21.515709,0.000000
20.737864,0.518243
21.648528,0.666626
21.834034,1.081004
21.206975,0.883287
22.257590,0.459387
21.791081,0.000000
21.240861,0.000000
21.149854,0.439169
21.682023,1.819958
