25.043014,-0.000000
24.954416,2.067987
24.697798,4.121049
24.272843,6.147231
23.681781,8.130895
22.929489,10.058879
22.020430,11.917964
20.960882,13.695726
19.758737,15.379662
18.420532,16.959577
16.958236,18.421790
15.377747,19.760489
13.694202,20.962641
11.917970,22.021135
10.057663,22.929827
8.130064,23.682600
6.146335,24.273360
4.121296,24.698151
2.067835,24.955875
0.000000,25.044395
-0.000000,26.315174
2.174633,26.223741
4.332109,25.955737
6.460472,25.509303
8.545052,24.888505
10.570658,24.098029
12.524932,23.142868
14.393581,22.029950
16.163386,20.765702
17.822342,19.360403
19.360440,17.821852
20.765622,16.162943
22.029570,14.393090
23.142532,12.524246
24.097804,10.570692
24.888329,8.544553
25.509252,6.459668
25.955245,4.332270
26.223987,2.173279
26.313745,0.000000
12.808992,21.496751
13.460737,22.590841
12.694472,22.300600
12.366643,21.759311
13.544482,21.731732
12.989082,21.849884
13.252047,21.231212
15.280565,21.402129
13.272248,22.215245
13.929464,22.310264
14.489262,21.180126
13.933429,21.286587
14.128898,21.677142
13.746282,22.016161
12.992693,22.869337
11.549582,23.625015
14.539886,20.365529
14.121161,20.664116
15.294502,20.541839
14.747819,20.704970
14.959987,20.065284
16.995500,20.067243
15.058791,21.045353
15.725059,21.084431
16.189056,19.911076
15.642140,20.064446
14.837130,21.718624
11.778942,22.840662
10.779786,23.301965
16.171941,19.094442
15.779414,19.427779
16.939042,19.208760
16.407637,19.415923
16.567024,18.760893
18.594490,18.594830
16.745146,19.730174
17.412155,19.714155
17.778325,18.506196
17.246070,18.704048
16.578789,20.419354
15.870510,20.436272
12.357839,22.758008
12.040439,23.384691
12.112679,22.383605
11.059029,23.864068
9.558703,24.498120
10.989985,22.480045
11.454822,22.253635
11.188327,22.859318
10.528064,22.707544
11.358287,23.256789
17.693418,17.694094
17.329966,18.058262
18.466144,17.744439
17.954338,17.994590
18.058760,17.329301
20.066355,16.996011
18.317262,18.279551
18.980852,18.208844
19.245276,16.975206
18.731373,17.216194
18.208342,18.980812
17.504859,19.055199
9.862073,23.761850
10.429000,23.718253
10.069113,24.298425
8.825441,24.106791
10.194691,23.320611
9.394459,24.122898
9.050354,24.695487
19.094003,16.172694
18.761324,16.566129
19.868901,16.158933
19.379323,16.450499
19.428377,15.778624
21.401287,15.281177
19.763939,16.704749
20.419624,16.579518
20.581642,15.328045
20.089219,15.610357
19.713924,17.412286
19.017581,17.545240
9.096024,23.311330
9.576727,23.122373
9.284322,23.700546
8.616628,23.499246
9.705935,23.429137
7.502430,25.203877
20.364371,14.540193
20.065697,14.959947
21.135482,14.463135
20.671387,14.793932
20.664997,14.120773
22.589856,13.461738
21.075951,15.015741
21.718856,14.836898
21.776852,13.576017
21.309547,13.898103
21.084171,15.725305
20.401792,15.914794
7.864506,24.489119
8.435732,24.495038
8.027868,25.047303
6.803666,24.753760
8.240725,24.080679
7.372089,24.814778
6.980179,25.358514
21.495450,12.808984
21.232182,13.252354
22.257222,12.668569
21.822327,13.036275
21.760362,12.366374
23.624295,11.550028
22.243848,13.223934
22.869647,12.992591
22.823510,11.731660
22.384528,12.090932
22.310583,13.930559
21.646484,14.175558
7.140053,23.983059
7.635072,23.833910
6.646532,24.130720
5.395213,25.737635
22.479976,10.990203
22.253972,11.454084
23.227489,10.787461
22.824520,11.189844
22.706983,10.527385
24.497483,9.559795
23.259677,11.342132
23.864392,11.059621
23.714349,9.807000
23.306512,10.201211
23.384654,12.040340
22.742672,12.339897
7.290909,24.387082
7.739530,24.152504
5.815333,25.055866
6.383732,25.108424
5.932025,25.624925
4.736140,25.231341
6.223439,24.679099
5.297400,25.338908
4.862551,25.848538
23.310810,9.096341
23.123735,9.577402
24.038905,8.832605
23.670795,9.266750
23.498760,8.616581
25.203270,7.504050
24.116916,9.382845
24.696099,9.051079
24.443150,7.815306
24.069397,8.241602
24.299005,10.068258
23.684113,10.419730
5.135087,24.490980
5.640434,24.383102
4.630861,24.596916
3.251026,26.094601
23.982491,7.139829
23.835704,7.635358
24.686549,6.817380
24.355169,7.280151
24.130156,6.646422
25.736839,5.396495
24.809225,7.359160
25.359185,6.980817
25.004961,5.769831
24.668091,6.225949
25.047310,8.026995
24.463682,8.428262
5.252431,24.905829
5.718459,24.709151
3.726721,25.450531
4.288438,25.550206
3.795731,26.027667
2.636568,25.535558
4.164389,25.109026
3.187380,25.689585
2.712233,26.162299
24.490429,5.135221
24.384624,5.640983
25.165100,4.754709
24.873872,5.243607
24.595436,4.631077
26.095144,3.252153
25.332277,5.285630
25.848805,4.862711
25.396477,3.684648
25.097460,4.168052
25.624979,5.931027
25.076420,6.379042
3.095755,24.831962
3.607368,24.765603
2.583993,24.894737
1.086783,26.273941
24.831426,3.096512
24.766989,3.607666
25.470671,2.660899
25.222625,3.171317
24.893967,2.584558
26.274935,1.088014
25.682694,3.176149
26.161232,2.711277
25.613115,1.576260
25.356829,2.081644
26.027210,3.795394
25.517154,4.285201
3.178229,25.255368
3.658369,25.096343
1.611618,25.671246
2.164027,25.816559
1.631637,26.252786
0.000000,25.496691
1.033592,25.002843
0.624541,25.017526
2.077807,25.368158
1.549429,24.980086
0.758265,25.757394
1.223485,25.926796
0.541303,26.296558
0.000000,25.902204
0.570237,25.397990
1.186650,25.389631
25.002225,1.034135
24.978785,1.550235
25.669161,0.000000
25.017698,0.624444
25.781122,0.794061
25.929606,1.285402
25.405330,1.058112
26.295912,0.539759
25.900100,0.000000
25.440474,0.000000
25.362974,0.529778
25.784252,2.163544
