20.043925,0.000000
19.975728,1.655246
19.770293,3.299158
19.430557,4.920532
18.957532,6.508327
18.355223,8.051623
17.627630,9.539892
16.779764,10.963119
15.817649,12.311087
14.746301,13.575876
13.575738,14.746462
12.310967,15.817842
10.963024,16.779985
9.539829,17.627867
8.051560,18.355483
6.508280,18.957833
4.920495,19.430890
3.299140,19.770658
1.655232,19.976135
-0.000000,20.044344
-0.000000,21.611147
1.784602,21.536976
3.557051,21.316545
5.305154,20.949833
7.017090,20.439848
8.681026,19.790599
10.285459,19.006089
11.820345,18.092332
13.274075,17.054335
14.636634,15.900133
15.900007,14.636729
17.054179,13.274145
18.092141,11.820396
19.005871,10.285489
19.790353,8.681047
20.439568,7.017089
20.949516,5.305138
21.316187,3.557037
21.536590,1.784574
21.610724,0.000000
10.251455,17.203975
11.052915,18.549252
10.296412,18.088490
9.895670,17.415927
10.974319,17.608235
10.483883,17.634852
10.607250,16.991992
12.547230,17.573375
10.811236,18.096290
11.436649,18.320791
11.753211,17.180460
11.251264,17.189183
11.508722,17.657786
11.213471,17.962099
10.669191,18.777692
9.483258,19.398389
11.637034,16.298953
11.300065,16.539472
12.392870,16.645308
11.904256,16.711423
11.974017,16.058418
13.955378,16.477274
12.266517,17.143853
12.910679,17.313862
13.131596,16.151451
12.631660,16.202815
12.183794,17.832872
9.561105,18.541002
8.745690,18.906535
12.943391,15.282182
12.627218,15.550019
13.726174,15.565246
13.244239,15.671322
13.259590,15.014347
15.268349,15.268467
13.640134,16.072359
14.296034,16.188710
14.420808,15.011421
13.926778,15.104098
13.614723,16.765826
12.928318,16.647141
10.070823,18.545395
9.884386,19.202250
9.783042,18.078228
9.082136,19.594516
7.849061,20.115272
8.795715,17.991720
9.167787,17.809819
9.036457,18.462733
8.423676,18.173628
9.253041,18.946220
14.161060,14.161202
13.868436,14.453840
14.963415,14.378346
14.492459,14.523995
14.453703,13.868561
16.477123,13.955472
14.921029,14.890845
15.584209,14.952604
15.610854,13.769522
15.126207,13.902590
14.952493,15.584325
14.259624,15.522068
8.010110,19.299419
8.501326,19.333738
8.265083,19.952943
7.159811,19.558242
8.234931,18.835733
7.653316,19.653839
7.433066,20.277579
15.282018,12.943510
15.014196,13.259699
16.100270,13.093626
15.642658,13.277626
15.549858,12.627320
17.573195,12.547302
16.099507,13.607987
16.765684,13.614813
16.694833,12.433463
16.222775,12.605944
16.188574,14.296127
15.491915,14.291955
7.279938,18.656708
7.665755,18.506112
7.498640,19.143253
6.894141,18.807294
7.824013,18.887064
6.161115,20.694891
16.298751,11.637126
16.058238,11.974113
17.126547,11.719377
16.685637,11.940564
16.539286,11.300148
18.549042,11.052972
17.168374,12.231993
17.832698,12.183850
17.664191,11.011967
17.208105,11.223168
17.313695,12.910749
16.619597,12.963760
6.386715,19.887783
6.876762,19.965480
6.589136,20.567385
5.519737,20.083420
6.656437,19.449412
6.005397,20.217316
5.733125,20.822377
17.203744,10.251525
16.991791,10.607328
18.035233,10.264865
17.614319,10.521704
17.415715,9.895734
19.398152,9.483294
18.119544,10.772218
18.777490,10.669231
18.513012,9.515797
18.075884,9.763716
18.320600,11.436709
17.633392,11.546789
5.714404,19.194411
6.111349,19.076129
5.317478,19.312673
4.431088,21.133240
17.991476,8.795774
17.809588,9.167839
18.821367,8.740574
18.422976,9.031231
18.173375,8.423723
20.115003,7.849089
18.946889,9.239241
19.594282,9.082168
19.235584,7.954588
18.820407,8.237762
19.202025,9.884417
18.526015,10.051202
5.888346,19.697330
6.239575,19.471689
4.722730,20.348185
5.204431,20.465822
4.868155,21.041555
3.842284,20.470776
5.027138,19.933126
4.315120,20.644520
3.994061,21.224909
18.656427,7.279988
18.505859,7.665810
19.479017,7.156508
19.105925,7.479047
18.807009,6.894183
20.694587,6.161132
19.645134,7.643152
20.277316,7.433083
19.826892,6.338983
19.436498,6.655476
19.952692,8.265092
19.292822,8.487088
4.109828,19.600826
4.515163,19.515861
3.704505,19.685762
2.670802,21.426808
19.194096,5.714437
19.075847,6.111387
20.003718,5.523529
19.658485,5.875737
19.312352,5.317508
21.132895,4.431093
20.209307,5.994819
20.822078,5.733129
20.282949,4.680141
19.919996,5.027736
20.567092,6.589132
19.927797,6.864880
4.241892,20.116542
4.610133,19.920434
3.026608,20.669102
3.496841,20.825990
3.113958,21.371707
2.139317,20.717920
3.363783,20.280092
2.595884,20.930336
2.227697,21.481923
19.600474,4.109855
19.515541,4.515196
20.391801,3.852591
20.076764,4.232255
19.685395,3.704528
21.426440,2.670799
20.635506,4.305402
21.224565,3.994055
20.599816,2.988858
20.266975,3.365475
21.041224,4.868138
20.426905,5.195900
2.477197,19.873445
2.888163,19.822053
2.066231,19.924796
0.892296,21.574105
19.873062,2.477222
19.821697,2.888184
20.639911,2.155711
20.357510,2.559816
19.924401,2.066252
21.573713,0.892302
20.920459,2.586584
21.481530,2.227677
20.776786,1.278181
20.475972,1.680556
21.371334,3.113944
20.786328,3.490857
2.566881,20.398123
2.949580,20.232748
1.309056,20.847216
1.764859,21.042850
1.338455,21.555582
0.000000,20.613062
0.827607,20.010260
0.500658,20.023695
1.678280,20.488857
1.241414,19.993196
0.617405,20.935873
0.996751,21.151564
0.446133,21.592640
0.000000,21.112057
0.457293,20.492710
0.958039,20.491686
20.009850,0.827618
19.992784,1.241430
20.827198,0.000000
20.023294,0.500659
20.964123,0.645498
21.157007,1.047255
20.509169,0.854136
21.592229,0.446115
21.111622,0.000000
20.542808,0.000000
20.449048,0.424059
21.003334,1.763113
