22.869991,-0.000000
22.789818,1.888574
22.555516,3.763737
22.167595,5.613927
21.627871,7.425477
20.940805,9.186223
20.110623,10.884050
19.143043,12.507633
18.045200,14.045497
16.822990,15.488420
15.487524,16.823849
14.044274,18.046380
12.506667,19.144255
10.884003,20.111189
9.185449,20.941090
7.424947,21.628527
5.613371,22.168109
3.763834,22.555984
1.888405,22.791083
-0.000000,22.871274
-0.000000,24.256375
2.004008,24.172136
3.992954,23.924947
5.954799,23.513401
7.876242,22.941125
9.743470,22.212494
11.544633,21.332054
13.267112,20.306313
14.898537,19.141023
16.427724,17.845623
17.845544,16.427519
19.140870,14.898328
20.305923,13.266886
21.331740,11.544258
22.212300,9.743513
22.940943,7.875894
23.513234,5.954240
23.924483,3.992904
24.171951,2.003051
24.254943,-0.000000
11.697084,19.630634
12.406716,20.821776
11.648194,20.462883
11.292351,19.871160
12.423410,19.933229
11.897483,20.013429
12.102301,19.388251
14.084044,19.726198
12.197288,20.416181
12.838201,20.564004
13.295424,19.435016
12.764521,19.501003
12.984343,19.921497
12.639492,20.244688
11.975716,21.078288
10.645064,21.775000
13.277818,18.597670
12.894573,18.871034
14.028786,18.842191
13.508721,18.964927
13.661874,18.323302
15.664659,18.495803
13.839123,19.341187
14.493062,19.433961
14.854999,18.270603
14.330103,18.381501
13.675757,20.017654
10.811071,20.964340
9.892221,21.384060
14.768259,17.437023
14.408859,17.741997
15.537540,17.619433
15.029110,17.784255
15.129201,17.132028
17.138441,17.138781
15.388839,18.132437
16.048043,18.170962
16.313320,16.981298
15.799428,17.135156
15.281304,18.819958
14.585210,18.781110
11.358651,20.917794
11.096629,21.554019
11.097303,20.507366
10.193736,21.995184
8.810232,22.579714
10.036006,20.528876
10.460699,20.321718
10.250447,20.943376
9.613147,20.736575
10.438666,21.374028
16.157665,16.158142
15.824976,16.491297
16.938194,16.276156
16.445791,16.482306
16.491538,15.824676
18.495153,15.665066
16.833746,16.799365
17.493963,16.783490
17.659455,15.576460
17.160162,15.772072
16.783123,17.493931
16.087184,17.511852
9.053700,21.814306
9.586769,21.802710
9.279403,22.396381
8.098625,22.122125
9.340559,21.366065
8.633913,22.170842
8.342453,22.761623
17.436696,14.768758
17.132178,15.128723
18.224987,14.821829
17.751049,15.067935
17.742279,14.408528
19.725550,14.084498
18.163282,15.352066
18.820102,15.281815
18.885717,14.065030
18.404163,14.300974
18.170727,16.048126
17.477408,16.124123
8.306398,21.287857
8.746039,21.115496
8.506048,21.714488
7.867723,21.459573
8.886253,21.450718
6.915200,23.230227
18.596830,13.278020
18.323405,13.661931
19.386782,13.266321
18.934604,13.550579
18.871480,12.894431
20.821072,12.407403
19.369118,13.799797
20.017720,13.675641
19.982449,12.457252
19.522122,12.732322
19.433678,14.493190
18.749580,14.625713
7.219484,22.480982
7.754560,22.516199
7.398026,23.086459
6.243407,22.715935
7.550253,22.062384
6.775112,22.806625
6.434324,23.372896
19.629690,11.697085
19.388697,12.102519
20.415661,11.620116
19.988773,11.940589
19.871721,11.292209
21.774448,10.645421
20.442422,12.153055
21.078418,11.975689
20.942853,10.764850
20.506881,11.076726
20.564044,12.838877
19.893453,13.027270
6.520187,21.901325
6.972753,21.765471
6.068652,22.036182
4.973096,23.722202
20.528702,10.036166
20.321856,10.460270
21.305660,9.894673
20.906686,10.249287
20.736218,9.612798
22.579220,8.811002
21.375970,10.423637
21.995312,10.194145
21.760267,8.998770
21.351552,9.345553
21.553854,11.096594
20.900801,11.340200
6.679590,22.343336
7.086192,22.113558
5.338398,23.001314
5.868437,23.080152
5.466265,23.618789
4.346084,23.154152
5.702057,22.610772
4.868359,23.288395
4.482426,23.824626
21.287396,8.306686
21.116204,8.746519
22.049984,8.101561
21.681799,8.487796
21.459209,7.867759
23.229738,6.916203
22.163771,8.622989
22.761934,8.342918
22.429061,7.171174
22.050427,7.550373
22.396569,9.278910
21.766004,9.575563
4.689285,22.365138
5.151291,22.267059
4.228018,22.461902
2.997017,24.051393
21.900809,6.520159
21.766410,6.972963
22.643939,6.253021
22.308727,6.668227
22.035715,6.068641
23.721522,4.973877
22.800069,6.763225
23.373199,6.434725
22.944655,5.294344
22.598903,5.703780
23.086229,7.397543
22.482381,7.745363
4.811973,22.818693
5.235704,22.623183
3.421100,23.363777
3.942532,23.486305
3.497203,23.989814
2.419506,23.433443
3.815453,23.004600
2.929030,23.610743
2.500190,24.113645
22.364554,4.689447
22.267781,5.151698
23.083000,4.361211
22.783622,4.802931
22.460805,4.228175
24.051458,2.997598
23.280728,4.857480
23.824577,4.482562
23.303584,3.381057
22.992332,3.818316
23.618548,5.465667
23.045442,5.862238
2.826795,22.676423
3.294775,22.616425
2.358801,22.734163
1.001678,24.216823
22.675791,2.827332
22.616986,3.295020
23.363343,2.440514
23.102779,2.904828
22.733314,2.359215
24.216972,1.002383
23.602546,2.918620
24.112659,2.499599
23.502818,1.446186
23.229729,1.906829
23.989170,3.497010
23.450634,3.938160
2.911723,23.138699
3.349613,22.977783
1.479402,23.566026
1.989626,23.731056
1.503297,24.196924
0.000000,23.367950
0.943887,22.832592
0.570460,22.846525
1.903613,23.241860
1.415578,22.812065
0.696801,23.652830
1.124407,23.840369
0.499727,24.237617
0.000000,23.809641
0.521060,23.261018
1.087091,23.255602
22.831753,0.944240
22.810831,1.416088
23.556160,0.000000
22.846204,0.570391
23.677998,0.729233
23.843883,1.181271
23.271623,0.969346
24.236787,0.498802
23.807772,0.000000
23.306129,0.000000
23.222356,0.483773
23.695768,1.988605
