28.185717,-0.000000
28.085618,2.327612
27.796783,4.638060
27.318383,6.918799
26.653104,9.151471
25.806453,11.321347
24.783300,13.413717
23.590736,15.414535
22.237717,17.309762
20.731731,19.087811
19.085953,20.733432
17.306981,22.240145
15.412327,23.593093
13.413809,24.784108
11.319498,25.806901
9.150166,26.654100
6.917350,27.318912
4.638400,27.797071
2.327514,28.087354
0.000000,28.187218
-0.000000,29.321551
2.423634,29.220186
4.827145,28.921683
7.198782,28.424284
9.521652,27.732589
11.778653,26.851769
13.956525,25.787422
16.038756,24.547130
18.010619,23.138423
19.859097,21.572645
21.572872,19.858198
23.138452,18.009900
24.546847,16.037900
25.787053,13.955499
26.851409,11.778798
27.732327,9.521160
28.424294,7.197879
28.920984,4.827836
29.220864,2.422007
29.320385,-0.000000
14.417528,24.196062
15.000094,25.174273
14.215357,24.972073
13.920739,24.490650
15.173543,24.345056
14.573016,24.514412
14.915016,23.897338
17.028020,23.849514
14.837298,24.834541
15.523263,24.860387
16.224822,23.717069
15.629958,23.878025
15.795442,24.233368
15.358593,24.596854
14.477649,25.485050
12.870596,26.326620
16.365622,22.922823
15.895635,23.257871
17.133774,23.011664
16.545862,23.229695
16.837587,22.585297
18.939083,22.362061
16.834533,23.526524
17.524264,23.494672
18.128340,22.295979
17.546413,22.507035
16.532947,24.202801
13.186298,25.569119
12.070114,26.090450
18.202539,21.492114
17.762133,21.866276
18.975664,21.518300
18.408046,21.783493
18.646622,21.117306
20.720917,20.721128
18.719826,22.056364
19.404292,21.967697
19.908001,20.723012
19.345711,20.981044
18.473525,22.755245
17.742069,22.846229
13.813083,25.437733
13.418808,26.058075
13.586602,25.106754
12.322562,26.593443
10.651990,27.299606
12.370097,25.302494
12.892540,25.048463
12.549675,25.639937
11.851628,25.558572
12.697278,25.997976
19.915081,19.915970
19.507116,20.324872
20.686538,19.878005
20.143347,20.188936
20.325575,19.506004
22.360915,18.939664
20.477153,20.434592
21.152235,20.290298
21.550581,19.008628
21.011789,19.312132
20.289583,21.152373
19.569132,21.302340
11.037868,26.594215
11.655706,26.508157
11.222333,27.076044
9.882137,26.992211
11.434479,26.157583
10.501806,26.965080
10.084047,27.519776
21.491496,18.203658
21.118068,18.645287
22.257764,18.101933
21.742066,18.456644
21.867179,17.760693
23.848513,17.028745
22.094369,18.674190
22.755520,18.474506
23.047017,17.164183
22.534859,17.510775
21.967479,19.404609
21.260211,19.614427
10.238495,26.238392
10.778127,26.025599
10.413961,26.583065
9.700056,26.449658
10.894675,26.298610
8.360213,28.086096
22.921322,16.366123
22.586113,16.837443
23.676636,16.202238
23.191569,16.598122
23.259181,15.894921
25.172928,15.001436
23.560959,16.786114
24.203119,16.532646
24.385355,15.202450
23.903750,15.590136
23.494442,17.524793
22.807544,17.791747
8.802650,27.409530
9.427917,27.376992
8.947716,27.910703
7.618190,27.716488
9.242929,27.010106
8.241259,27.738641
7.777291,28.258377
24.194441,14.417544
23.898937,14.915489
24.933279,14.192082
24.482890,14.626181
24.492140,13.920391
26.325735,12.871067
24.866547,14.783101
25.485438,14.477515
25.557385,13.137185
25.109635,13.562970
24.861119,15.524935
24.199034,15.847520
8.036928,26.994387
8.592882,26.826229
7.482561,27.160551
6.011880,28.680930
25.302661,12.370410
25.048915,12.891489
26.020154,12.084759
25.607368,12.554661
25.557561,11.850536
27.298816,10.653318
26.002172,12.679434
26.593865,12.323382
26.554989,10.981998
26.143828,11.443145
26.058218,13.418693
25.424533,13.795480
8.178254,27.353257
8.687022,27.109925
6.509065,28.043789
7.134334,28.062454
6.612279,28.554476
5.303219,28.251318
6.980227,27.681212
5.922006,28.324509
5.417625,28.804335
26.237875,10.238777
26.027766,10.779058
26.929099,9.894830
26.556880,10.397124
26.448871,9.699906
28.085308,8.362566
26.960494,10.489174
27.520627,10.085123
27.371018,8.751721
26.999629,9.244928
27.077212,11.221122
26.476954,11.648873
5.780140,27.566110
6.347816,27.444329
5.213745,27.685337
3.622070,29.078616
26.993792,8.036364
26.829093,8.593309
27.654768,7.637444
27.324587,8.168129
27.159775,7.482389
28.679973,6.013745
27.734370,8.226863
28.259398,7.778182
28.000070,6.461173
27.671165,6.983861
27.911181,8.946333
27.348550,9.422622
5.891760,27.935023
6.418562,27.734815
4.171243,28.485384
4.792318,28.556113
4.231898,29.003479
2.952235,28.591867
4.670904,28.163469
3.563483,28.716531
3.021846,29.154101
27.565662,5.780173
27.446835,6.348486
28.190694,5.326498
27.906820,5.883128
27.683281,5.214095
29.079627,3.624048
28.319196,5.908964
28.804922,5.417672
28.438874,4.125983
28.152687,4.675667
28.555031,6.610771
28.033625,7.131546
3.484913,27.950099
4.059337,27.874768
2.909859,28.020223
1.211033,29.278205
27.949626,3.485906
27.877155,4.059700
28.533077,2.981140
28.298354,3.558160
28.019599,2.910577
29.280249,1.212949
28.711161,3.551102
29.152925,3.020328
28.680886,1.765440
28.443787,2.335442
29.003434,4.231223
28.526091,4.790647
3.565123,28.327360
4.106178,28.169325
1.804198,28.732864
2.418054,28.853957
1.819185,29.254893
0.000000,28.587684
1.163606,28.142164
0.703158,28.158365
2.330807,28.454249
1.742766,28.116574
0.847653,28.818977
1.367775,28.966236
0.601954,29.303530
-0.000000,28.949888
0.641493,28.498433
1.331007,28.486154
28.141868,1.164346
28.115224,1.744017
28.741439,0.000000
28.159095,0.703022
28.841024,0.888302
28.968244,1.437117
28.501638,1.186723
29.303093,0.599579
28.947683,0.000000
28.537953,0.000000
28.467835,0.596401
28.825149,2.418351
