20.000061,-0.000000
19.932059,1.651605
19.727059,3.291910
19.388059,4.909715
18.916058,6.494020
18.315056,8.033925
17.589054,9.518929
16.743051,10.939033
15.783048,12.284038
14.714044,13.546040
13.546040,14.714044
12.284038,15.783048
10.939033,16.743051
9.518929,17.589054
8.033925,18.315056
6.494020,18.916058
4.909715,19.388059
3.291910,19.727059
1.651605,19.932060
0.000000,20.000061
-0.000000,21.570056
1.781205,21.496056
3.550309,21.276054
5.295114,20.910054
7.003818,20.401052
8.664623,19.753052
10.266027,18.970049
11.798031,18.058048
13.249034,17.022044
14.609038,15.870041
15.870041,14.609038
17.022044,13.249034
18.058048,11.798031
18.970049,10.266027
19.753052,8.664623
20.401052,7.003818
20.910054,5.295114
21.276054,3.550309
21.496056,1.781205
21.570056,-0.000000
10.228981,17.166052
11.032028,18.514048
10.275479,18.051551
9.873955,17.377553
10.951877,17.572060
10.461962,17.597787
10.584007,16.954552
12.523533,17.540047
10.789802,18.060255
11.415030,18.286047
11.729342,17.145407
11.227807,17.153179
11.485908,17.622635
11.191431,17.926667
10.649028,18.742049
9.465324,19.361550
11.611535,16.263050
11.275285,16.503050
12.367547,16.611150
11.879388,16.676329
11.947786,16.023049
13.929036,16.446042
12.242210,17.109744
12.886283,17.281045
13.104933,16.118524
12.605345,16.168906
12.160782,17.799046
9.541750,18.503302
8.727930,18.867977
12.915039,15.248546
12.599538,15.515797
13.698145,15.533323
13.216586,15.638438
13.230540,14.981295
15.239540,15.239540
13.613117,16.040398
14.269037,16.158043
14.391538,14.980827
13.897773,15.072501
13.589035,16.734043
12.902717,16.614027
10.050908,18.508540
9.865676,19.165800
9.762664,18.040377
9.064974,19.557300
7.834220,20.077052
8.776426,17.952054
9.147677,17.770554
9.017630,18.424070
8.405176,18.133554
9.234699,18.908488
14.130043,14.130043
13.838042,14.422044
14.932865,14.348864
14.462201,14.493529
14.422044,13.838042
16.446042,13.929036
14.891487,14.861247
15.554791,14.924289
15.579175,13.741466
15.094707,13.873517
14.924289,15.554791
14.231396,15.491206
7.993947,19.260281
8.484534,19.295369
8.249422,19.915053
7.145264,19.518321
8.217781,18.796288
7.638139,19.614704
7.419019,20.239053
15.248546,12.915039
14.981295,13.230540
16.067403,13.066785
15.610001,13.249782
15.515797,12.599538
17.540047,12.523533
16.067637,13.580946
16.734043,13.589035
16.660954,12.408134
16.188992,12.579589
16.158043,14.269037
15.461254,14.263547
7.263972,18.615556
7.648948,18.465306
7.483012,19.103162
6.878996,18.765808
7.807523,18.847070
6.149466,20.655554
16.263050,11.611535
16.023049,11.947786
17.091582,11.695352
16.650801,11.915526
16.503050,11.275285
18.514048,11.032028
17.134389,12.207686
17.799046,12.160782
17.628340,10.989530
17.172266,11.199704
17.281045,12.886283
16.586708,12.937995
6.373812,19.847408
6.863178,19.925820
6.576642,20.528303
5.508521,20.042415
6.642568,19.408661
5.993480,20.177040
5.722290,20.782803
17.166052,10.228981
16.954552,10.584007
17.998405,10.243817
17.577535,10.499638
17.377553,9.873955
19.361550,9.465324
18.083670,10.750810
18.742049,10.649028
18.475432,9.496405
18.038229,9.743300
18.286047,11.415030
17.598492,11.523837
5.701867,19.152058
6.097944,19.034058
5.305791,19.270059
4.422711,21.093055
17.952054,8.776426
17.770554,9.147677
18.782932,8.722648
18.384498,9.012286
18.133554,8.405176
20.077052,7.834220
18.909373,9.220878
19.557300,9.064974
19.196541,7.938378
18.781203,8.220536
19.165800,9.865676
18.489341,10.031217
5.876069,19.656057
6.226430,19.430461
4.713189,20.306861
5.194153,20.425158
4.858913,21.001554
3.834474,20.428963
5.016663,19.891352
4.306551,20.603379
3.986510,21.184555
18.615556,7.263972
18.465306,7.648948
19.439249,7.141831
19.066025,7.463359
18.765808,6.878996
20.655554,6.149466
19.606240,7.627962
20.239053,7.419019
19.786661,6.326066
19.396021,6.641562
19.915053,8.249422
19.254628,8.470213
4.100812,19.557560
4.505264,19.472809
3.696361,19.642310
2.665757,21.386055
19.152058,5.701867
19.034058,6.097944
19.962892,5.512203
19.617444,5.863413
19.270059,5.305791
21.093055,4.422711
20.169311,5.982911
20.782803,5.722290
20.241813,4.670611
19.878527,5.017226
20.528303,6.576642
19.888356,6.851234
4.233044,20.074378
4.600417,19.878241
3.020494,20.627117
3.489940,20.784595
3.108033,21.331055
2.134974,20.675593
3.356771,20.237571
2.590722,20.888613
2.223481,21.441056
19.557560,4.100812
19.472809,4.505264
20.350201,3.844696
20.034861,4.223382
19.642310,3.696361
21.386055,2.665757
20.594686,4.296850
21.184555,3.986510
20.558045,2.982774
20.224801,3.358436
21.001554,4.858913
20.386490,5.185576
2.471758,19.829560
2.881834,19.778310
2.061681,19.880811
0.890602,21.533057
19.829560,2.471758
19.778310,2.881834
20.597831,2.151292
20.315025,2.554453
19.880811,2.061681
21.533057,0.890602
20.879084,2.581443
21.441056,2.223481
20.734683,1.275575
20.433372,1.677040
21.331055,3.108033
20.745222,3.483930
2.561530,20.355342
2.943367,20.189880
1.306418,20.804839
1.761377,21.001007
1.335903,21.514556
0.000000,20.570059
0.825802,19.966060
0.499578,19.979492
1.674783,20.445877
1.238704,19.949060
0.616173,20.893533
0.994773,21.109713
0.445301,21.551557
-0.000000,21.070057
0.456302,20.449469
0.956034,20.448523
19.966060,0.825802
19.949060,1.238704
20.785058,0.000000
19.979492,0.499578
20.922242,0.644200
21.115593,1.045184
20.466436,0.852342
21.551556,0.445301
21.070057,0.000000
20.500059,0.000000
20.406124,0.423129
20.961809,1.759622
