28.034736,0.000000
27.935176,2.315134
27.647886,4.613215
27.172052,6.881725
26.510337,9.102433
25.668220,11.260687
24.650549,13.341849
23.464376,15.331950
22.118606,17.217025
20.620680,18.985555
18.983718,20.622364
17.214282,22.121005
15.329770,23.466709
13.341936,24.651354
11.258868,25.668663
9.101151,26.511327
6.880304,27.172581
4.613554,27.648176
2.315033,27.936900
0.000000,28.036232
-0.000000,29.176468
2.411621,29.075572
4.803261,28.778543
7.163156,28.283603
9.474524,27.595331
11.720356,26.718871
13.887437,25.659795
15.959358,24.425652
17.921471,23.023914
19.760802,21.465881
21.466098,19.759923
23.023938,17.920763
24.425361,15.958519
25.659427,13.886425
26.718519,11.720493
27.595074,9.474027
28.283612,7.162251
28.777856,4.803922
29.076232,2.410001
29.175284,0.000000
14.340240,24.066373
14.925802,25.049598
14.142119,24.843425
13.846069,24.359418
15.095107,24.219234
14.496804,24.386213
14.835121,23.769236
16.943685,23.731406
14.761878,24.708315
15.446343,24.737320
16.141242,23.594897
15.548319,23.753327
15.715126,24.110179
15.280875,24.472453
14.405989,25.358814
12.806842,26.196244
16.277899,22.799954
15.810376,23.133251
17.045217,22.892749
16.459347,23.108221
16.747380,22.464217
18.845284,22.251315
16.748959,23.406955
17.437434,23.378356
18.034952,22.181128
17.454778,22.389498
16.451112,24.082912
13.118517,25.437707
12.007975,25.956158
18.104973,21.376912
17.666869,21.749116
18.877604,21.407102
18.311793,21.669578
18.546712,21.004085
20.618294,20.618515
18.624665,21.944263
19.308152,21.858944
19.805444,20.616257
19.244675,20.871476
18.382087,22.642512
17.651871,22.730088
13.742942,25.308584
13.352287,25.929059
13.515671,24.975714
12.261586,26.461721
10.599222,27.164409
12.303783,25.166886
12.823470,24.914177
12.484164,25.506136
11.788034,25.421593
12.632750,25.865876
19.808334,19.809217
19.402510,20.215971
20.579630,19.775281
20.038021,20.083356
20.216668,19.401417
22.250179,18.845863
20.373066,20.330739
21.047445,20.189849
21.439566,18.910705
20.902054,19.211276
20.189145,21.047571
19.469648,21.194047
10.981232,26.457791
11.596579,26.373687
11.166681,26.941998
9.831248,26.853253
11.374817,26.021063
10.448441,26.828111
10.034163,27.383474
21.376301,18.106076
21.004833,18.545393
22.142745,18.008383
21.628380,18.360118
21.750008,17.665458
23.730409,16.944407
21.982064,18.579280
22.642790,18.383058
22.928293,17.075760
22.417174,17.419327
21.858724,19.308458
21.152131,19.514708
10.183597,26.097757
10.720410,25.886105
10.359601,26.444358
9.647999,26.307903
10.837492,26.160574
8.318812,27.947001
22.798466,16.278392
22.465014,16.747240
23.554283,16.118506
23.070308,16.511313
23.134545,15.809676
25.048269,14.927130
23.441205,16.700797
24.083229,16.450812
24.259739,15.124126
23.778916,15.508714
23.378123,17.437947
22.691603,17.701292
8.757462,27.268868
9.380093,27.238088
8.903324,27.772519
7.578964,27.573807
9.194701,26.869138
8.199373,27.597736
7.738823,28.118427
24.064762,14.340256
23.770808,14.835585
24.804432,14.118730
24.354876,14.549682
24.360893,13.845722
26.195363,12.807314
24.740157,14.707962
25.359201,14.405856
25.425732,13.069499
24.978502,13.492135
24.738031,15.447989
24.076018,15.766944
7.993831,26.849704
8.546869,26.682455
7.442392,27.014980
5.982114,28.538887
25.167038,12.304093
24.914627,12.822431
25.885694,12.022299
25.473470,12.488992
25.420605,11.786961
27.163624,10.600544
25.870009,12.614987
26.462142,12.262397
26.418194,10.925413
26.007295,11.383381
25.929193,13.352172
25.295286,13.725333
8.135553,27.210526
8.641445,26.967655
6.475649,27.899875
7.098154,27.920074
6.579450,28.413099
5.275910,28.105879
6.943808,27.536745
5.891907,28.180627
5.390838,28.661686
26.097236,10.183884
25.888236,10.721329
26.789941,9.843689
26.418015,10.342734
26.307133,9.647855
27.946221,8.321133
26.823460,10.435858
27.384317,10.035223
27.230023,8.706627
26.858626,9.196645
26.943136,11.165483
26.342359,11.589637
5.749143,27.418361
6.313834,27.297243
5.185737,27.536950
3.604161,28.934604
26.849107,7.993284
26.685270,8.547290
27.511855,7.597962
27.181713,8.125402
27.014215,7.442220
28.537936,5.983954
27.593405,8.185046
28.119434,7.739704
27.855835,6.427877
27.526658,6.947389
27.772971,8.901964
27.209520,9.374701
5.860994,27.789258
6.384885,27.589262
4.149832,28.339207
4.768030,28.411233
4.210845,28.859872
2.937032,28.444677
4.646528,28.016485
3.545359,28.570654
3.006905,29.009718
27.417905,5.749183
27.299704,6.314500
28.045018,5.298969
27.760890,5.852355
27.534921,5.186080
28.935596,3.606096
28.175254,5.878926
28.662260,5.390894
28.292364,4.104730
28.005670,4.651240
28.413628,6.577964
27.891109,7.095280
3.466213,27.800282
4.037627,27.725378
2.894201,27.870053
1.205038,29.133216
27.799807,3.467196
27.727720,4.037987
28.385625,2.965723
28.150369,3.539542
27.869421,2.894913
29.135214,1.206923
28.565218,3.533033
29.008545,3.005416
28.533153,1.756327
28.295247,2.323227
28.859802,4.210190
28.381082,4.766286
3.546504,28.179537
4.084636,28.021494
1.794917,28.585399
2.405810,28.707560
1.810130,29.110017
-0.000000,28.438912
1.157354,27.991332
0.699373,28.007450
2.318628,28.305744
1.733485,27.965870
0.843347,28.671494
1.360822,28.819723
0.599027,29.158411
-0.000000,28.802993
0.638068,28.349263
1.324063,28.337166
27.991020,1.158086
27.964521,1.734714
28.593475,0.000000
28.008157,0.699240
28.693612,0.883763
28.821764,1.429805
28.352655,1.180539
29.157965,0.596691
28.800788,0.000000
28.388905,0.000000
28.318471,0.593200
28.678601,2.406069
