21.806585,-0.000000
21.730751,1.800791
21.507363,3.588930
21.137591,5.353013
20.622992,7.080359
19.967835,8.759273
19.176246,10.378212
18.253676,11.926370
17.206873,13.392761
16.041418,14.768649
14.768002,16.042048
13.391912,17.207727
11.925701,18.254564
10.378140,19.176709
8.758724,19.968095
7.079972,20.623537
5.352614,21.138086
3.588942,21.507887
1.800635,21.731880
0.000000,21.807767
-0.000000,23.256289
1.921087,23.175714
3.828163,22.938620
5.709154,22.544014
7.551368,21.995294
9.341700,21.296691
11.068486,20.452528
12.720000,19.469117
14.284212,18.351916
15.750370,17.109899
17.109778,15.750299
18.351739,14.284123
19.468759,12.719902
20.452237,11.068284
21.296497,9.341764
21.995094,7.551142
22.543775,5.708770
22.938137,3.828070
23.175304,1.920403
23.254971,0.000000
11.153059,18.717525
11.894779,19.962482
11.138203,19.567131
10.766740,18.947293
11.876809,19.056296
11.364661,19.116972
11.539704,18.486540
13.502890,18.912139
11.673950,19.540301
12.308191,19.715786
12.713550,18.584430
12.194065,18.629568
12.427160,19.066793
12.100899,19.382632
11.481698,20.208358
10.205735,20.876373
12.660328,17.732666
12.294475,17.993681
13.411680,18.013512
12.903926,18.115562
13.026694,17.470999
15.018264,17.732504
13.245334,18.511531
13.894671,18.632272
14.204759,17.471050
13.689810,17.560196
13.111605,19.191486
10.339416,20.049987
9.459636,20.449334
14.081484,16.626102
13.738324,16.917142
14.854237,16.844552
14.356281,16.987824
14.425636,16.335085
16.431228,16.431528
14.728536,17.354588
15.385485,17.421380
15.599264,16.238062
15.093450,16.369497
14.651078,18.043150
13.959541,17.975346
10.872326,20.022012
10.638220,20.664787
10.601834,19.591715
9.773415,21.087437
8.446740,21.647873
9.569259,19.574176
9.974207,19.376492
9.792783,20.008321
9.165518,19.772177
9.990984,20.457409
15.406269,15.406637
15.088643,15.724576
16.193246,15.560271
15.709478,15.744148
15.724669,15.088523
17.732003,15.018591
16.111512,16.078741
16.771757,16.091146
16.886513,14.894708
16.393387,15.067313
16.090850,16.771771
15.397066,16.760519
8.659860,20.865342
9.176857,20.870385
8.895832,21.472487
7.744401,21.154832
8.923755,20.412241
8.263658,21.220521
7.998587,21.822331
16.625826,14.081857
16.335099,14.425385
17.423495,14.169917
16.956300,14.393099
16.917250,13.738196
18.911626,13.503237
17.384018,14.693528
18.043195,14.651463
18.059112,13.449446
17.581827,13.661979
17.421155,15.385572
16.727656,15.432301
7.920099,20.297786
8.339543,20.133588
8.126263,20.745256
7.501327,20.461558
8.485987,20.484695
6.630020,22.271568
17.732023,12.660494
17.470963,13.026791
18.534200,12.682801
18.086890,12.943706
17.993887,12.294445
19.961937,11.895277
18.538160,13.207831
19.191452,13.111565
19.107830,11.911972
18.649824,12.163413
18.631997,13.894772
17.945284,13.998172
6.905214,21.502478
7.423051,21.553030
7.092127,22.133981
5.970356,21.722743
7.213303,21.077426
6.484483,21.828999
6.169180,22.408468
18.716810,11.153084
18.486726,11.539882
19.517788,11.108928
19.093809,11.405785
18.947576,10.766681
20.875929,10.206021
19.565398,11.631709
20.208370,11.481722
20.026181,10.293628
19.590533,10.581782
19.715709,12.308660
19.040074,12.468269
6.216937,20.882746
6.648628,20.753460
5.785942,21.011347
4.768116,22.743265
19.573974,9.569399
19.376508,9.973961
20.368641,9.459375
19.970575,9.790199
19.771888,9.165340
21.647466,8.447294
20.458883,9.976476
21.087445,9.773723
20.807816,8.604843
20.397471,8.927982
20.664579,10.638233
20.004154,10.853526
6.381287,21.345932
6.767162,21.118029
5.106044,22.000198
5.617664,22.092947
5.240071,22.644319
4.155989,22.141781
5.447624,21.601421
4.659475,22.290165
4.297776,22.841602
20.297383,7.920348
20.133955,8.339911
21.080263,7.745119
20.710952,8.107599
20.461237,7.501404
22.271141,6.630683
21.212876,8.253060
21.822458,7.998916
21.447362,6.857224
21.065119,7.213053
21.472503,8.895546
20.832233,9.164607
4.471200,21.324976
4.911920,21.231770
4.030965,21.417272
2.873662,23.058994
20.882277,6.216985
20.753950,6.648808
21.648056,5.977865
21.309835,6.369547
21.010918,5.785987
22.742654,4.768617
21.821916,6.473109
22.408555,6.169447
21.940450,5.062615
21.589079,5.448956
22.133687,7.091839
21.517858,7.412925
4.597045,21.800126
4.999970,21.604708
3.272211,22.346992
3.774204,22.481755
3.352259,22.999922
2.313756,22.408952
3.645179,21.977616
2.803249,22.598738
2.397177,23.118571
21.324402,4.471358
21.232071,4.912237
22.067860,4.169361
21.763350,4.587846
21.416371,4.031104
23.058798,2.873990
22.281958,4.649036
22.841386,4.297865
22.283479,3.233088
21.964966,3.647632
22.643974,5.239681
22.056740,5.610652
2.695217,21.621735
3.141779,21.564919
2.248661,21.677044
0.960332,23.217634
21.621064,2.695616
21.565047,3.141987
22.335958,2.333075
22.068020,2.774781
21.676197,2.248976
23.217381,0.960768
22.589832,2.793249
23.117654,2.396769
22.474259,1.382800
22.191619,1.821530
22.999243,3.352116
22.444623,3.769248
2.781696,22.105693
3.198858,21.943399
1.415064,22.540204
1.904746,22.715999
1.440975,23.198280
0.000000,22.329393
0.900067,21.770674
0.544110,21.784351
1.818643,22.204177
1.350040,21.751355
0.666847,22.627562
1.076194,22.825016
0.479497,23.237563
0.000000,22.791112
0.497037,22.217811
1.038466,22.213949
21.769776,0.900312
21.750213,1.350396
22.526415,0.000000
21.783800,0.544064
22.653590,0.697637
22.828986,1.130626
22.230246,0.925964
23.236677,0.478894
22.789489,0.000000
22.264453,0.000000
22.177190,0.461288
22.679077,1.903456
