27.997570,0.000000
27.898142,2.312063
27.611233,4.607100
27.136030,6.872601
26.475194,9.090363
25.634193,11.245758
24.617871,13.324162
23.433271,15.311624
22.089286,17.194201
20.593344,18.960389
18.958553,20.595030
17.191464,22.091684
15.309449,23.435606
13.324245,24.618683
11.243945,25.634643
9.089086,26.476190
6.871185,27.136568
4.607439,27.611533
2.311961,27.899873
0.000000,27.999074
-0.000000,29.140773
2.408665,29.039991
4.797384,28.743325
7.154389,28.248991
9.462927,27.561560
11.706010,26.686173
13.870436,25.628393
15.939819,24.395762
17.899533,22.995740
19.736612,21.439612
21.439822,19.735742
22.995757,17.898831
24.395464,15.938987
25.628019,13.869429
26.685815,11.706146
27.561296,9.462429
28.248990,7.153484
28.742632,4.798037
29.040638,2.407046
29.139574,0.000000
14.321216,24.034455
14.907520,25.018923
14.124094,24.811769
13.827689,24.327121
15.075803,24.188273
14.478047,24.354666
14.815455,23.737709
16.922932,23.702346
14.743316,24.677256
15.427415,24.707040
16.120672,23.564834
15.528226,23.722641
15.695360,24.079867
15.261749,24.441842
14.388355,25.327755
12.791153,26.164166
16.256307,22.769715
15.789389,23.102581
17.023421,22.863487
16.438053,23.078328
16.725175,22.434418
18.822201,22.224066
16.727899,23.377533
17.416067,23.349736
18.011967,22.152866
17.432224,22.360573
16.430973,24.053414
13.101836,25.405371
11.992682,25.923112
18.080957,21.348560
17.643419,21.720282
18.853469,21.379738
18.288103,21.641545
18.522118,20.976221
20.593040,20.593267
18.601245,21.916679
19.284492,21.832185
19.780203,20.589987
19.219807,20.844513
18.359585,22.614774
17.629673,22.701510
13.725680,25.276806
13.335917,25.897315
13.498213,24.943468
12.246581,26.429312
10.586237,27.131145
12.287461,25.133512
12.806469,24.881128
12.468040,25.473210
11.772380,25.387882
12.616869,25.833371
19.782058,19.782944
19.376761,20.189170
20.553317,19.750003
20.012097,20.057374
20.189861,19.375677
22.222928,18.822784
20.347449,20.305184
21.021657,20.165134
21.412243,18.886608
20.875044,19.186457
20.164428,21.021784
19.445164,21.167399
10.967293,26.424222
11.582028,26.340600
11.152987,26.909018
9.818724,26.819060
11.360132,25.987468
10.435308,26.794408
10.021887,27.349938
21.347946,18.082060
20.976959,18.520808
22.114436,17.985362
21.600398,18.336364
21.721166,17.642020
23.701344,16.923656
21.954424,18.555926
22.615048,18.360556
22.899073,17.054000
22.388207,17.396822
21.831960,19.284800
21.125532,19.490171
10.170085,26.063147
10.706203,25.851776
10.346222,26.410225
9.635186,26.273017
10.823418,26.126606
8.308624,27.912779
22.768224,16.256800
22.435205,16.725039
23.524169,16.097901
23.040462,16.489950
23.103865,15.788696
25.017591,14.908847
23.411732,16.679803
24.053725,16.430676
24.228822,15.104852
23.748190,15.488677
23.349498,17.416579
22.663068,17.679034
8.746341,27.234255
9.368323,27.203910
8.892400,27.738520
7.569311,27.538698
9.182831,26.834448
8.189064,27.563065
7.729357,28.083994
24.032840,14.321234
23.739268,14.815920
24.772719,14.100679
24.323367,14.530856
24.328585,13.827345
26.163278,12.791627
24.709051,14.689473
25.328134,14.388224
25.393328,13.052842
24.946226,13.474702
24.707740,15.429056
24.045742,15.747116
7.983223,26.814097
8.535543,26.647072
7.432505,26.979155
5.974790,28.503939
25.133653,12.287771
24.881571,12.805435
25.852599,12.006928
25.440512,12.472831
25.386892,11.771314
27.130353,10.587559
25.837481,12.599128
26.429726,12.247391
26.384525,10.911488
25.973690,11.368674
25.897440,13.335804
25.263476,13.708071
8.125044,27.175402
8.630228,26.932645
6.467425,27.864462
7.089250,27.885041
6.571371,28.378315
5.269189,28.070092
6.934845,27.501194
5.884500,28.145224
5.384246,28.626589
26.062617,10.170373
25.853889,10.707121
26.755690,9.831104
26.383835,10.329349
26.272242,9.635044
27.911991,8.310938
26.789734,10.422738
27.350771,10.022945
27.195320,8.695529
26.823920,9.184763
26.910140,11.151793
26.309233,11.575061
5.741514,27.382000
6.305469,27.261045
5.178843,27.500432
3.599754,28.899172
26.813492,7.982682
26.649867,8.535963
27.476679,7.588245
27.146546,8.114887
26.978383,7.432334
28.502981,5.976624
27.558711,8.174756
28.084989,7.730237
27.820334,6.419684
27.491088,6.938413
27.738957,8.891047
27.175302,9.362908
5.853422,27.753389
6.376596,27.553444
4.144563,28.303238
4.762053,28.375585
4.205664,28.824539
2.933291,28.408459
4.640528,27.980316
3.540899,28.534760
3.003228,28.974194
27.381534,5.741555
27.263486,6.306135
28.009162,5.292194
27.724971,5.844782
27.498400,5.179185
28.900150,3.601679
28.139826,5.871534
28.627151,5.384305
28.256303,4.099500
27.969483,4.645228
28.378829,6.569892
27.856033,7.086356
3.461610,27.763413
4.032283,27.688613
2.890347,27.833096
1.203563,29.097544
27.762928,3.462591
27.690935,4.032643
28.349333,2.961929
28.113944,3.534960
27.832453,2.891058
29.099521,1.205440
28.529298,3.528586
28.973013,3.001746
28.496791,1.754085
28.258685,2.320221
28.824454,4.205014
28.345392,4.760291
3.541921,28.143161
4.079334,27.985115
1.792632,28.549113
2.402796,28.671538
1.807902,29.074372
0.000000,28.402303
1.155815,27.954212
0.698441,27.970310
2.315630,28.269201
1.731200,27.928782
0.842287,28.635204
1.359111,28.783673
0.598306,29.122706
-0.000000,28.766849
0.637225,28.312555
1.322354,28.300503
27.953887,1.156546
27.927424,1.732424
28.557057,0.000000
27.971002,0.698309
28.657330,0.882646
28.785713,1.428006
28.315984,1.179017
29.122248,0.595980
28.764634,0.000000
28.352218,0.000000
28.281706,0.592412
28.642532,2.403046
