20.696806,0.000000
20.625710,1.709178
20.413673,3.406524
20.062845,5.080765
19.574453,6.720254
18.952584,8.313781
18.201274,9.850430
17.325701,11.319910
16.332181,12.711729
15.225954,14.017669
14.017287,15.226347
12.711284,16.332685
11.319554,17.326239
9.850321,18.201652
8.313482,18.952891
6.720026,19.574928
5.080542,20.063367
3.406468,20.414291
1.709075,20.626662
0.000000,20.697818
-0.000000,22.218717
1.835018,22.142108
3.657166,21.915494
5.454311,21.538460
7.214337,21.014163
8.924923,20.346687
10.574531,19.540140
12.152454,18.600639
13.646948,17.533361
15.047731,16.346725
16.346550,15.047812
17.533142,13.647001
18.600320,12.152494
19.539841,10.574519
20.346418,8.925003
21.013855,7.214265
21.538067,5.454146
21.914920,3.657084
22.141454,1.834699
22.217634,0.000000
10.585395,17.764701
11.363703,19.071043
10.607662,18.635305
10.218299,17.983255
11.308052,18.143811
10.809752,18.183320
10.952623,17.545658
12.900012,18.067640
11.130048,18.630003
11.758384,18.835842
12.108269,17.699624
11.600046,17.722138
11.848111,18.178538
11.541345,18.487021
10.969159,19.305917
9.749980,19.944116
12.016025,16.830068
11.668350,17.078189
12.769590,17.151298
12.274089,17.230994
12.363898,16.581688
14.347719,16.940673
12.628218,17.649312
13.273915,17.800606
13.528354,16.639374
13.023092,16.705014
12.526314,18.334460
9.848854,19.098989
9.009661,19.477062
13.364892,15.779990
13.038711,16.056444
14.143279,16.038332
13.655622,16.158425
13.691463,15.503563
15.697592,15.697836
14.042309,16.546213
14.698177,16.643779
14.856485,15.464961
14.358346,15.572250
13.997282,17.237366
13.309355,17.137989
10.366988,19.091136
10.162678,19.742271
10.085943,18.638254
9.337349,20.145753
8.069697,20.681174
9.082232,18.577980
9.466502,18.390218
9.316252,19.034645
8.698448,18.765854
9.525740,19.504780
14.622241,14.622516
14.320349,14.924541
15.418151,14.815418
14.942686,14.975437
14.924443,14.320435
16.940334,14.347952
15.360920,15.329832
16.022560,15.372922
16.082476,14.185552
15.594965,14.333487
15.372691,16.022676
14.679900,15.979730
8.250308,19.878441
8.750939,19.901645
8.497934,20.514025
7.375951,20.148674
8.489760,19.419076
7.878868,20.232907
7.641848,20.847953
15.779735,13.365152
15.503417,13.691482
16.589556,13.491636
16.128646,13.690336
16.056331,13.038786
18.067271,12.900235
16.574153,14.009150
17.237252,13.997531
17.199243,12.809124
16.725541,12.996635
16.643555,14.698305
15.948516,14.713359
7.517044,19.264693
7.915338,19.109045
7.730824,19.736035
7.119034,19.420168
8.068986,19.478378
6.334216,21.277072
16.829635,12.016183
16.581497,12.364043
17.647085,12.075667
17.204065,12.311722
17.078096,11.668440
19.070649,11.363979
17.674558,12.592632
18.334285,12.526376
18.197985,11.344767
17.741490,11.571039
17.800336,13.274028
17.109452,13.346028
6.578397,20.484850
7.078615,20.552217
6.774821,21.145856
5.686344,20.689661
6.862451,20.051829
6.182444,20.813024
5.894114,21.408025
17.764225,10.585481
17.545542,10.952778
18.583512,10.577036
18.161737,10.848834
17.983181,10.218355
19.943750,9.750160
18.653882,11.089883
19.305747,10.969240
19.072554,9.803442
18.636292,10.066407
18.835630,11.758640
18.153211,11.887344
5.900534,19.819913
6.310370,19.697533
5.490982,19.942001
4.555509,21.727747
18.577701,9.082364
18.390034,9.466480
19.393608,9.006435
18.995627,9.312086
18.765549,8.698459
20.680800,8.069969
19.505704,9.511737
20.145565,9.337531
19.816972,8.195062
19.403925,8.493164
19.741995,10.162747
19.072286,10.347743
6.070701,20.307370
6.434810,20.081024
4.864431,20.959064
5.357121,21.067189
5.005454,21.633392
3.958269,21.088753
5.182697,20.550452
4.442383,21.252793
4.106203,21.821874
19.264301,7.517227
19.108971,7.915568
20.071212,7.374222
19.699825,7.711650
19.419808,7.119143
21.276639,6.334491
20.224556,7.868588
20.847788,7.642014
20.426100,6.530637
20.039074,6.861801
20.513816,8.497868
19.861760,8.737510
4.243666,20.239617
4.662124,20.151568
3.825402,20.327275
2.745704,22.029522
19.819440,5.900632
19.697460,6.310513
20.611812,5.691569
20.269504,6.058482
19.941536,5.491072
21.727158,4.555693
20.805285,6.171598
21.407785,5.894224
20.895806,4.821576
20.537510,5.183604
21.145472,6.774729
20.515440,7.067441
4.373273,20.739540
4.754392,20.543818
3.117399,21.289572
3.599326,21.437968
3.201934,21.972974
2.203800,21.343327
3.467885,20.908265
2.672524,21.547049
2.290287,22.086298
20.239020,4.243793
20.151347,4.662317
21.011587,3.969747
20.700776,4.363847
20.326536,3.825513
22.029004,2.745792
21.243940,4.432404
21.821420,4.106223
21.222303,3.079169
20.895142,3.469887
21.632915,5.005289
21.029212,5.349190
2.557940,20.521208
2.982105,20.467777
2.133781,20.574016
0.917426,22.181056
20.520485,2.558151
20.467399,2.982242
21.267022,2.221300
20.990341,2.639360
20.573195,2.133954
22.180419,0.917580
21.537324,2.662958
22.085462,2.290092
21.404333,1.316867
21.110627,1.732716
21.972271,3.201847
21.399112,3.593733
2.646339,21.030035
3.041820,20.865924
1.348225,21.473320
1.816554,21.661283
1.376318,22.162231
0.000000,21.248179
0.854416,20.662555
0.516716,20.676052
1.730198,21.123652
1.281642,20.644610
0.635688,21.561442
1.026107,21.770091
0.458470,22.200103
0.000000,21.732720
0.472003,21.131242
0.987805,21.129117
20.661658,0.854531
20.643628,1.281812
21.455354,0.000000
20.675295,0.516702
21.588524,0.664774
21.774660,1.078044
21.145830,0.880735
22.199210,0.458223
21.731497,0.000000
21.179696,0.000000
21.088454,0.437846
21.622512,1.814974
