28.749403,0.000000
28.647299,2.374205
28.352695,4.730821
27.864722,7.057218
27.186134,9.334561
26.322556,11.547824
25.278938,13.682041
24.062514,15.722873
22.682430,17.655999
21.146348,19.469586
19.467655,21.148108
17.653083,22.684956
15.720560,24.064950
13.682151,25.279747
11.545863,26.323020
9.333168,27.187151
7.055664,27.865249
4.731162,28.352976
2.374116,28.649079
0.000000,28.750919
-0.000000,29.863724
2.468522,29.760617
4.916396,29.456601
7.331917,28.950010
9.697768,28.245525
11.996509,27.348411
14.214707,26.264366
16.335469,25.001098
18.343769,23.566342
20.226430,21.971625
21.971891,20.225455
23.566394,18.343008
25.000844,16.334550
26.263998,14.213632
27.348026,11.996689
28.245248,9.697300
28.950029,7.331022
29.455859,4.917203
29.761361,2.466878
29.862635,0.000000
14.706089,24.680256
15.277725,25.640183
14.488923,25.452613
14.199523,24.980613
15.466515,24.815019
14.857638,24.993184
15.213304,24.375616
17.343183,24.290883
15.119061,25.306105
15.810718,25.320288
16.537021,24.173418
15.934858,24.343734
16.095495,24.693589
15.648954,25.061631
14.745438,25.956799
13.108850,26.813837
16.693141,23.381556
16.213957,23.723145
17.464550,23.455833
16.868968,23.683355
17.174375,23.037358
19.289612,22.775921
17.154230,23.973222
17.848750,23.929349
18.477173,22.724984
17.888648,22.946005
16.838763,24.650829
13.439485,26.059998
12.302222,26.592083
18.566809,21.922226
18.117809,22.303693
19.341937,21.933647
18.767520,22.208921
19.019638,21.540023
21.104424,21.104596
19.075338,22.475159
19.763573,22.374108
20.291087,21.121773
19.723057,21.390249
18.815232,23.176531
18.079040,23.280118
14.075129,25.920227
13.667398,26.540208
13.851517,25.596149
12.550428,27.085693
10.849190,27.804837
12.617682,25.808789
13.150408,25.549828
12.794346,26.139644
12.089059,26.069986
12.938351,26.491486
20.313628,20.314537
19.897670,20.731456
21.085864,20.261697
20.536706,20.583238
20.732177,19.896486
22.774740,19.290197
20.866012,20.822575
21.543838,20.665673
21.965257,19.374403
21.421621,19.688801
20.664922,21.544022
19.940799,21.706915
11.249435,27.103820
11.876605,27.010537
11.430301,27.576975
10.072226,27.511267
11.657304,26.667455
10.701173,27.476783
10.270462,28.029143
21.921583,18.567986
21.540836,19.018240
22.687382,18.451358
22.166644,18.817131
22.304637,18.116256
24.289873,17.343914
22.513931,19.028761
23.176796,18.816247
23.490489,17.494471
22.974384,17.852310
22.373897,19.763931
21.663989,19.986964
10.443460,26.763455
10.993612,26.546404
10.616980,27.101098
9.894409,26.978901
11.108222,26.814100
8.514936,28.605891
23.380013,16.693674
23.038244,17.174219
24.133646,16.514990
23.644436,16.922324
23.724513,16.213189
25.638786,15.279117
24.008350,17.104849
24.651150,16.838457
24.854570,15.495017
24.369974,15.894225
23.929126,17.849335
23.240690,18.129676
8.971449,27.934968
9.606591,27.895935
9.113607,28.427095
7.764711,28.249453
9.423052,27.536588
8.397742,28.265048
7.921049,28.781370
24.678609,14.706105
24.377316,15.213810
25.414547,14.466063
24.960982,14.911877
24.982154,14.199171
26.812939,13.109313
25.338725,15.063811
25.957188,14.745304
26.049152,13.390015
25.599381,13.827523
25.321101,15.812484
24.658611,16.148542
8.197837,27.534565
8.764668,27.363018
7.632534,27.704043
6.123118,29.211746
25.809017,12.618009
25.550288,13.149314
26.522391,12.318056
26.107433,12.799912
26.068887,12.087900
27.804035,10.850535
26.495919,12.920200
27.086117,12.551282
27.065963,11.193360
26.653741,11.666347
26.540386,13.667286
25.907388,14.057543
8.337733,27.886316
8.857226,27.641231
6.633893,28.581374
7.269506,28.594383
6.734963,29.082798
5.405228,28.794582
7.116245,28.220763
6.034453,28.862038
5.517730,29.337417
26.762957,10.443729
26.548707,10.994588
27.448878,10.085848
27.075493,10.600253
26.978054,9.894243
28.605080,8.517403
27.472439,10.688357
28.030023,10.271596
27.897684,8.920164
27.526241,9.425255
27.578256,11.429046
26.979790,11.870169
5.895873,28.117733
6.474688,27.993482
5.318313,28.239342
3.688997,29.616794
27.533979,8.197206
27.366065,8.765121
28.188579,7.784915
27.858174,8.327701
27.703231,7.632360
29.210771,6.125074
28.261000,8.383088
28.782445,7.921970
28.538835,6.585543
28.210865,7.120078
28.427677,9.112140
27.867955,9.601650
6.006661,28.479413
6.544326,28.278383
4.251222,29.031425
4.883060,29.097381
4.310577,29.540139
3.009023,29.141674
4.761946,28.712417
3.631189,29.261515
3.077682,29.693663
28.117318,5.895881
27.996156,6.475367
28.734823,5.429321
28.451816,5.998056
28.237191,5.318689
29.617873,3.691136
28.856952,6.021182
29.338053,5.517739
28.986137,4.205367
28.701759,4.766899
29.083457,6.733370
28.566055,7.267030
3.554732,28.509443
4.140389,28.432523
2.968318,28.580887
1.233437,29.820031
28.508982,3.555760
28.435078,4.140764
29.083838,3.038725
28.851022,3.627694
28.580299,2.969056
29.822247,1.235465
29.256388,3.618607
29.692476,3.076057
29.232718,1.799483
28.998543,2.381066
29.540190,4.309825
29.067834,4.881664
3.634663,28.879437
4.186624,28.721400
1.838874,29.283712
2.463800,29.400898
1.853023,29.796293
0.000000,29.143332
1.186954,28.705298
0.717294,28.721813
2.376297,29.008872
1.777410,28.679234
0.863739,29.369913
1.393750,29.513623
0.612893,29.845845
0.000000,29.498690
0.654284,29.055525
1.356936,29.042569
28.705064,1.187718
28.677885,1.778747
29.294145,0.000000
28.722633,0.717148
29.391703,0.905253
29.515510,1.464432
29.058042,1.209815
29.845445,0.610374
29.496490,0.000000
29.094608,0.000000
29.025638,0.608356
29.372643,2.464241
