27.233115,-0.000000
27.136438,2.248892
26.857359,4.481316
26.395146,6.684896
25.752360,8.842082
24.934314,10.938636
23.945746,12.960290
22.793503,14.893489
21.486221,16.724668
20.031093,18.442661
18.440937,20.032684
16.722129,21.488469
14.891468,22.795711
12.960351,23.946544
10.936976,24.934738
8.840923,25.753320
6.683620,26.395682
4.481645,26.857668
2.248777,27.138103
-0.000000,27.234592
-0.000000,28.407195
2.347920,28.308797
4.676610,28.019582
6.974245,27.537685
9.224633,26.867556
11.411247,26.014216
13.521111,24.983083
15.538369,23.781538
17.448780,22.416762
19.239612,20.899792
20.899952,19.238842
22.416751,17.448139
23.781209,15.537623
24.982715,13.520177
26.013894,11.411345
26.867317,9.224116
27.537673,6.973344
28.018948,4.677118
28.309352,2.346343
28.405912,0.000000
13.929906,23.377822
14.531890,24.388537
13.753538,24.160866
13.449630,23.662680
14.678931,23.551629
14.092351,23.705858
14.410932,23.089121
16.496522,23.105162
14.361805,24.038749
15.038495,24.084783
15.697798,22.946703
15.115078,23.091575
15.289093,23.456724
14.868646,23.812620
14.026023,24.689479
12.468801,25.504948
15.812163,22.147619
15.357715,22.471617
16.575339,22.261792
16.000213,22.463556
16.268440,21.821379
18.347937,21.664106
16.295025,22.772695
16.977036,22.761611
17.539465,21.571776
16.968486,21.765747
16.017190,23.447234
12.758907,24.740516
11.678290,25.243665
17.586977,20.765285
17.161088,21.127090
18.357304,20.817089
17.800983,21.065035
18.016251,20.402977
20.074159,20.074428
18.119876,21.349622
18.798384,21.282300
19.261308,20.049857
18.708492,20.290016
17.897250,22.044775
17.173423,22.114023
13.370895,24.623528
12.999574,25.244980
13.139258,24.280315
11.938271,25.763300
10.319440,26.447556
11.951717,24.446915
12.456751,24.201232
12.136509,24.796075
11.450400,24.694338
12.290457,25.165149
19.241596,19.242441
18.847132,19.637792
20.012379,19.230231
19.479056,19.523043
19.638448,18.846150
21.663023,18.348508
19.820930,19.779848
20.491814,19.657241
20.850557,18.391161
20.319708,18.676050
19.656587,20.491885
18.941935,20.619603
10.680760,25.734021
11.282956,25.660425
10.871595,26.231249
9.561251,26.116004
11.058204,25.296582
10.165365,26.101559
9.769661,26.660766
20.764712,17.587993
20.403643,18.015035
21.532460,17.512011
21.025052,17.847859
21.127912,17.159843
23.104186,16.497229
21.386334,18.075832
22.045059,17.898167
22.298384,16.606620
21.792635,16.934026
21.282070,18.798639
20.578825,18.985754
9.892144,25.351100
10.413966,25.145513
10.071124,25.708265
9.371623,25.555297
10.534003,25.427977
8.099297,27.209486
22.146200,15.812609
21.822072,16.268325
22.905089,15.674227
22.426780,16.050618
22.472811,15.357097
24.387286,14.533142
22.805960,16.248234
23.447535,16.016902
23.593262,14.708567
23.116440,15.076624
22.761365,16.977473
22.076597,17.221478
8.517725,26.522606
9.126423,26.501303
8.667946,27.039827
7.370848,26.816804
8.938763,26.121052
7.977185,26.850305
7.534853,27.376383
23.376264,13.929920
23.090538,14.411353
24.120777,13.729527
23.675502,14.143704
23.664060,13.449296
25.504091,12.469277
24.069716,14.309389
24.689852,14.025894
24.727222,12.710382
24.282600,13.116223
24.085380,15.040001
23.423484,15.339532
7.765027,26.081552
8.302565,25.919134
7.229125,26.242112
5.824298,27.785738
24.446988,11.952006
24.201658,12.455783
25.172250,11.690887
24.762871,12.140489
24.693467,11.449428
26.446792,10.320724
25.168942,12.273130
25.763704,11.939029
25.692404,10.625195
25.282738,11.066229
25.245061,12.999459
24.609698,13.353236
7.908948,26.453076
8.399550,26.212591
6.298366,27.136361
6.906247,27.164856
6.405379,27.663480
5.131018,27.334248
6.750542,26.770092
5.732243,27.417408
5.248803,27.905329
25.350558,9.892446
25.147440,10.414822
26.051580,9.572334
25.681057,10.054090
25.554602,9.371504
27.208738,8.101446
26.096554,10.153044
26.661554,9.770636
26.481945,8.467370
26.110341,8.940420
26.232224,10.870472
25.628401,11.275425
5.584580,26.633934
6.133405,26.516342
5.037041,26.749133
3.509207,28.171021
26.080945,7.764573
25.921679,8.302949
26.753561,7.388468
26.423478,7.898654
26.241394,7.228962
27.784814,5.826000
26.845647,7.963230
27.377303,7.535680
27.090573,6.251229
26.759773,6.753838
27.040136,8.666711
26.472036,9.120505
5.697728,27.015713
6.206148,26.816772
4.036239,27.563693
4.639202,27.642755
4.099220,28.098420
2.856372,27.663756
4.517171,27.236476
3.449220,27.796857
2.927681,28.244158
26.633435,5.584651
26.518553,6.134050
27.272066,5.152899
26.986437,5.689047
26.747240,5.037347
28.171900,3.510919
27.411701,5.719586
27.905821,5.248902
27.515026,3.991971
27.225467,4.521609
27.663864,6.404017
27.135132,6.902912
3.366934,27.004880
3.922353,26.932247
2.811070,27.072774
1.173247,28.364455
27.004382,3.367863
26.934337,3.922697
27.603258,2.883916
27.365005,3.440747
27.072090,2.811749
28.366191,1.174966
27.791051,3.437183
28.243000,2.926340
27.749327,1.707982
27.506956,2.258407
28.098221,4.098664
27.611881,4.637063
3.447697,27.395066
3.970307,27.236918
1.745682,27.803051
2.340863,27.931028
1.762127,28.341838
-0.000000,27.649460
1.124168,27.190534
0.679289,27.206229
2.254003,27.517663
1.684196,27.165765
0.820503,27.889078
1.323937,28.042607
0.583508,28.388955
-0.000000,28.023826
0.619883,27.557608
1.287211,27.546488
27.190130,1.124858
27.164414,1.685307
27.808447,0.000000
27.206796,0.679168
27.911581,0.859685
28.044825,1.391019
27.562002,1.147714
28.388450,0.581379
28.021619,0.000000
27.597923,0.000000
27.525751,0.576201
27.901233,2.340921
