22.476096,0.000000
22.397510,1.856058
22.167253,3.698984
21.786053,5.517278
21.255636,7.297636
20.580390,9.028070
19.764504,10.696673
18.813595,12.292317
17.734658,13.803706
16.533471,15.221798
15.220990,16.534250
13.802617,17.735723
12.291458,18.814695
10.696617,19.765037
9.027378,20.580668
7.297159,21.256256
5.516779,21.786565
3.699049,22.167746
1.855892,22.398734
-0.000000,22.477352
-0.000000,23.885315
1.973245,23.802420
3.931815,23.558977
5.863657,23.153717
7.755702,22.590182
9.594396,21.872694
11.367963,21.005716
13.064109,19.995681
14.670595,18.848231
16.176394,17.572638
17.572541,16.176241
18.848066,14.670431
19.995297,13.063931
21.005406,11.367652
21.872498,9.594447
22.589992,7.755396
23.153522,5.863159
23.558505,3.931744
23.802147,1.972382
23.883909,0.000000
11.495565,19.292405
12.216766,20.502948
11.459118,20.130791
11.097651,19.528945
12.220774,19.608138
11.700006,19.681187
11.893906,19.054239
13.868411,19.424154
12.003211,20.091369
12.641543,20.249286
13.079694,19.119666
12.553087,19.178017
12.777711,19.604534
12.439737,19.924969
11.792420,20.755510
10.482055,21.441579
13.049084,18.277257
12.672279,18.546048
13.800010,18.534983
13.284566,18.650135
13.426592,18.007591
15.424819,18.212592
13.618919,19.033514
14.271034,19.136506
14.613924,17.974170
14.092783,18.077092
13.466438,19.711112
10.636198,20.625333
9.731839,21.037509
14.513860,17.136639
14.160473,17.436457
15.284224,17.332168
14.779738,17.489078
14.868590,16.836821
16.876035,16.876365
15.143968,17.843976
15.802206,17.892840
16.048585,16.705745
15.537762,16.851373
15.047466,18.531728
14.353177,18.482293
11.178290,20.585590
10.926540,21.224085
10.913658,20.167991
10.037783,21.658376
8.675358,22.233970
9.863111,20.175239
10.280499,19.971586
10.080814,20.596811
9.447334,20.379346
10.272643,21.034107
15.879330,15.879768
15.552219,16.207290
16.662023,16.010763
16.172891,16.208726
16.207476,15.551987
18.211993,15.425200
16.565908,16.532126
17.225995,16.526606
17.372888,15.323702
16.875962,15.510860
16.526263,17.225978
15.831250,17.233221
8.907670,21.462458
9.434745,21.456944
9.137082,22.053585
7.967294,21.763501
9.186072,21.012538
8.496605,21.818420
8.214867,22.413109
17.136329,14.514313
16.836919,14.868195
17.927855,14.580151
17.456491,14.817823
17.436673,14.160220
19.423550,13.868829
17.874294,15.107850
18.531837,15.047933
18.579254,13.836803
18.099370,14.064136
17.892607,15.802289
17.199359,15.867561
8.163301,20.921117
8.595468,20.751776
8.365281,21.355252
7.731999,21.089892
8.737919,21.092716
6.809383,22.874530
18.276484,13.049273
18.007638,13.426665
19.070710,13.049998
18.620416,13.325655
18.546404,12.672180
20.502299,12.217386
19.060960,13.580269
19.711141,13.466350
19.658186,12.255090
19.198812,12.521460
19.136222,14.271150
18.451303,14.392990
7.102959,22.118183
7.631612,22.158997
7.284523,22.733059
6.142172,22.347708
7.425364,21.697320
6.667333,22.444076
6.335946,23.015055
19.291539,11.495573
19.054586,11.894110
20.082800,11.430608
19.657075,11.742377
19.529403,11.097539
21.441063,10.482389
20.117183,11.959716
20.755596,11.792412
20.603001,10.590146
20.167246,10.893279
20.249278,12.642143
19.576975,12.819964
6.407854,21.524025
6.852695,21.390598
5.963927,21.656564
4.897036,23.358980
20.175050,9.863264
19.971678,10.280136
20.958288,9.733300
20.559738,10.079137
20.379014,9.447048
22.233504,8.676053
21.035874,10.257810
21.658459,10.038156
21.407149,8.852722
20.997932,9.190784
21.223899,10.926522
20.568278,11.159718
6.569024,21.973660
6.967962,21.744617
5.252244,22.630131
5.775431,22.714033
5.382335,23.257229
4.275605,22.778814
5.607753,22.236664
4.790896,22.918204
4.413915,23.459885
20.920672,8.163577
20.752357,8.595909
21.690487,7.969422
21.321978,8.346884
21.089543,7.732051
22.874061,6.810263
21.811138,8.485803
22.413352,8.215283
22.065099,7.054778
21.685231,7.425348
22.053705,9.136664
21.419715,9.423161
4.608499,21.979844
5.062626,21.883563
4.155020,22.074951
2.951246,23.683174
21.523522,6.407857
21.391371,6.852894
22.274742,6.151014
21.938511,6.557529
21.656109,5.963937
23.358321,4.897717
22.437326,6.655636
23.015278,6.336299
22.572347,5.208429
22.224621,5.609332
22.732798,7.284112
22.124686,7.622078
4.732309,22.441172
5.148343,22.245736
3.365893,22.986782
3.880102,23.113754
3.443419,23.622533
2.380295,23.053610
3.752342,22.623959
2.882385,23.235443
2.461970,23.744436
21.979257,4.608661
21.884128,5.063002
22.706664,4.290088
22.405481,4.723215
22.073922,4.155171
23.683140,2.951732
22.910336,4.780180
23.459771,4.414036
22.925382,3.326197
22.611548,3.755054
23.256942,5.381813
22.678780,5.768938
2.778054,22.285748
3.238106,22.226923
2.317999,22.342584
0.986338,23.846089
22.285096,2.778543
22.227321,3.238339
22.982462,2.400683
22.719272,2.856627
22.341728,2.318379
23.846082,0.986944
23.226984,2.872126
23.743469,2.461446
23.121478,1.422685
22.844963,1.875213
23.621868,3.443245
23.077553,3.875516
2.863526,22.755829
3.293743,22.594441
1.455540,23.185685
1.958146,23.354608
1.480172,23.826397
0.000000,22.982996
0.927648,22.439243
0.560690,22.453071
1.872116,22.857255
1.391304,22.419152
0.685696,23.272675
1.106526,23.463800
0.492224,23.866560
-0.000000,23.431910
0.512158,22.874394
1.069072,22.869543
22.438372,0.927963
22.417941,1.391758
23.174370,0.000000
22.452658,0.560628
23.298142,0.717518
23.467467,1.162484
22.885649,0.953273
23.865700,0.491417
23.430115,0.000000
22.920046,0.000000
22.835015,0.475442
23.318724,1.957026
