25.244138,-0.000000
25.154782,2.084596
24.896101,4.154128
24.467721,6.196600
23.871908,8.196197
23.113579,10.139661
22.197218,12.013674
21.129158,13.805708
19.917359,15.503166
18.568418,17.095761
17.094381,18.569710
15.501190,19.919161
13.804136,21.130964
12.013685,22.197935
10.138404,23.113926
8.195337,23.872744
6.195671,24.468241
4.154385,24.896449
2.084447,25.156262
0.000000,25.245529
-0.000000,26.506638
2.190496,26.414556
4.363643,26.144612
6.507495,25.694934
8.607248,25.069622
10.647588,24.273393
12.616101,23.311280
14.498348,22.190252
16.281022,20.916803
17.952046,19.501284
19.501330,17.951531
20.916729,16.280559
22.189874,14.497833
23.310940,12.615390
24.273160,10.647625
25.069440,8.606743
25.694887,6.506677
26.144110,4.363831
26.414833,2.189115
26.505215,0.000000
12.911918,21.669486
13.558765,22.755365
12.791555,22.471126
12.466088,21.934090
13.648487,21.898583
13.090281,22.020131
13.358467,21.401812
15.391845,21.557991
13.372070,22.382310
14.030958,22.472667
14.600043,21.342062
14.041808,21.452141
14.235189,21.840180
13.849090,22.180713
13.087266,23.035912
11.633705,23.797067
14.656712,20.529172
14.234706,20.830093
15.411928,20.699524
14.862694,20.866282
15.080141,20.226537
17.119272,20.213387
15.172052,21.203607
15.839637,21.237926
16.312845,20.063305
15.763790,20.220488
14.945132,21.876822
11.868765,23.014797
10.862148,23.479945
16.301876,19.247867
15.906285,19.583822
17.069067,19.356211
16.535441,19.567192
16.700107,18.911676
18.729905,18.730242
16.871095,19.878544
17.539020,19.857671
17.914265,18.647698
17.380201,18.849512
16.699454,20.568107
15.989874,20.589980
12.450641,22.928911
12.128217,23.554944
12.206830,22.557569
11.139498,24.037880
9.628319,24.676532
11.078294,22.660657
11.546833,22.432471
11.275290,23.036959
10.612757,22.889986
11.443688,23.431628
17.835578,17.836272
17.469279,18.203306
18.607900,17.880657
18.094194,18.134790
18.203822,17.468584
20.212479,17.119790
18.455023,18.417004
19.119133,18.341401
19.392427,17.105001
18.877052,17.350091
18.340886,19.119100
17.636514,19.198523
9.937104,23.942606
10.507226,23.896168
10.142557,24.475316
8.892888,24.290963
10.273888,23.501841
9.465086,24.304176
9.116186,24.875344
19.247415,16.302653
18.912130,16.699180
20.021414,16.282983
19.530278,16.578675
19.584444,15.905453
21.557132,15.392469
19.912578,16.830364
20.568381,16.700202
20.739010,15.445246
20.245454,15.731763
19.857440,17.539160
19.160612,17.677213
9.169123,23.498635
9.653613,23.308147
9.356485,23.884692
8.685955,23.688048
9.781905,23.612513
7.557050,25.387429
20.527987,14.657032
20.226976,15.080094
21.297717,14.574168
20.832401,14.909203
20.831006,14.234296
22.754353,13.559792
21.234450,15.128657
21.877062,14.944893
21.943357,13.679833
21.475272,14.006195
21.237666,15.839899
20.555227,16.034506
7.924373,24.675496
8.499001,24.678827
8.086446,25.229660
6.855656,24.942866
8.304746,24.267818
7.427526,25.001265
7.030942,25.543185
21.668156,12.911912
21.402826,13.358784
22.428071,12.765838
21.992311,13.137856
21.935177,12.465810
23.796330,11.634157
22.411130,13.323379
23.036230,13.087160
22.998018,11.821375
22.558618,12.184970
22.473010,14.032092
21.809281,14.282195
7.197437,24.175757
7.696371,24.025384
6.700027,24.324602
5.434477,25.925075
22.660597,11.078518
22.432819,11.546071
23.405783,10.870288
23.002317,11.277043
22.889399,10.612049
24.675881,9.629434
23.434599,11.427427
24.038215,11.140106
23.895671,9.882000
23.487769,10.280548
23.554917,12.128114
22.913718,12.432735
7.347592,24.576574
7.800083,24.341495
5.859602,25.246552
6.431595,25.296806
5.975344,25.811494
4.772336,25.424101
6.271783,24.870878
5.337240,25.529331
4.897901,26.036771
23.498109,9.169441
23.309562,9.654305
24.223425,8.900425
23.855189,9.338968
23.687544,8.685900
25.386807,7.558721
24.298286,9.453408
24.875975,9.116935
24.630039,7.875078
24.256590,8.305694
24.475931,10.141673
23.862238,10.498125
5.176358,24.687760
5.685706,24.578985
4.668156,24.794546
3.274652,26.284629
24.175182,7.197194
24.027250,7.696666
24.876050,6.869738
24.544888,7.336883
24.324024,6.699910
25.924265,5.435801
24.995797,7.414502
25.543880,7.031600
25.196141,5.813956
24.859938,6.274366
25.229690,8.085539
24.647676,8.491681
5.293272,25.099346
5.763201,24.902503
3.755088,25.644209
4.320568,25.741897
3.823501,26.217185
2.656714,25.730634
4.196743,25.304151
3.211370,25.882642
2.731952,26.352828
24.687212,5.176488
24.580572,5.686266
25.358264,4.791216
25.067650,5.284464
24.793027,4.668380
26.285205,3.275831
25.522788,5.325389
26.037060,4.898059
25.590679,3.712819
25.292639,4.200479
25.811576,5.974311
25.265028,6.427036
3.120654,25.031493
3.636297,24.964553
2.604842,25.094737
1.094697,26.465259
25.030960,3.121429
24.966006,3.636599
25.666181,2.681346
25.419143,3.196027
25.093972,2.605419
26.466325,1.095975
25.875857,3.200064
26.351751,2.730961
25.808934,1.588332
25.554041,2.097854
26.216747,3.823147
25.709061,4.317434
3.202942,25.451621
3.686986,25.292717
1.623899,25.866634
2.180226,26.010258
1.643576,26.443978
0.000000,25.694109
1.041904,25.203732
0.629560,25.218498
2.093963,25.565308
1.561812,25.180782
0.763969,25.952751
1.232688,26.120602
0.545167,26.488048
-0.000000,26.096558
0.574793,25.596092
1.195877,25.587474
25.203133,1.042462
25.179474,1.562644
25.865248,0.000000
25.218709,0.629461
25.976356,0.800076
26.123352,1.295076
25.603149,1.066335
26.487414,0.543568
26.094438,0.000000
25.638357,0.000000
25.561384,0.534039
25.978198,2.179792
