22.760892,-0.000000
22.681156,1.879568
22.447975,3.745803
22.061915,5.587159
21.524769,7.390069
20.840977,9.142420
20.014755,10.832153
19.051792,12.447998
17.959186,13.978529
16.742800,15.414575
15.413700,16.743641
13.977340,17.960340
12.447059,19.052980
10.832102,20.015319
9.141667,20.841267
7.389553,21.525424
5.586617,22.062437
3.745890,22.448458
1.879400,22.682419
0.000000,22.762176
-0.000000,24.153538
1.995483,24.069670
3.976010,23.823519
5.929538,23.413715
7.842834,22.843861
9.702153,22.118319
11.495667,21.241610
13.210847,20.220222
14.835360,19.059875
16.358064,17.769964
17.769877,16.357877
19.059714,14.835165
20.219827,13.210636
21.241291,11.495311
22.118117,9.702198
22.843670,7.842497
23.413532,5.928996
23.823044,3.975953
24.069451,1.994551
24.152103,0.000000
11.641269,19.536958
12.354069,20.733414
11.595807,20.370874
11.238424,19.776381
12.367267,19.843162
11.842775,19.921391
12.044582,19.295743
14.024279,19.642487
12.143509,20.326179
12.783695,20.476780
13.235651,19.347645
12.705945,19.411527
12.927084,19.833669
12.584137,20.156093
11.924914,20.988830
10.599884,21.682593
13.214464,18.508928
12.833003,18.781026
13.965400,18.757078
13.446622,18.877723
13.596707,18.235862
15.598184,18.417311
13.778104,19.255934
14.431524,19.351522
14.788204,18.188473
14.264356,18.297171
13.617742,19.932696
10.762618,20.870413
9.847784,21.288044
14.697797,17.353828
14.340062,17.657375
15.467355,17.539846
14.960024,17.702484
15.057019,17.050267
17.065711,17.066052
15.320984,18.052507
15.979906,18.093880
16.239969,16.904953
15.726935,17.056540
15.216493,18.740074
14.520912,18.698310
11.308671,20.825742
11.049487,21.462579
11.046426,20.413350
10.150512,21.901838
8.772850,22.483892
9.988119,20.430933
10.410789,20.224746
10.203452,20.847368
9.567221,20.637638
10.392661,21.279839
16.080573,16.081042
15.749428,16.412638
16.861676,16.202628
16.370187,16.406517
16.412860,15.749151
18.416671,15.598586
16.759527,16.725315
17.419692,16.712294
17.580055,15.506430
17.081427,15.699708
16.711931,17.419667
16.016263,17.434645
9.013237,21.716821
9.544642,21.706900
9.239957,22.301376
8.062237,22.022765
9.297760,21.268129
8.595865,22.073190
8.307092,22.665033
17.353501,14.698286
17.050398,15.056566
18.142661,14.754871
17.669445,14.998647
17.657634,14.339755
19.641846,14.024725
18.083202,15.284395
18.740205,15.216994
18.800803,14.001797
18.319722,14.235362
18.093642,15.979991
17.400359,16.053031
8.266763,21.186285
8.704335,21.014760
8.467050,21.614971
7.830131,21.357187
8.845161,21.351547
6.885872,23.131647
18.508101,13.214665
18.235944,13.596771
19.299208,13.206387
18.847561,13.488269
18.781442,12.832875
20.732718,12.354739
19.283725,13.738967
19.932747,13.617635
19.892603,12.401240
19.432551,12.673906
19.351234,14.431650
18.666925,14.561227
7.187197,22.380463
7.720490,22.417221
7.366567,22.988516
6.215358,22.613914
7.515654,21.961252
6.745246,22.706167
6.407058,23.273721
19.536030,11.641273
19.296156,12.044797
20.323435,11.567611
19.896880,11.885679
19.776907,11.238292
21.682045,10.600236
20.352296,12.099482
20.988942,11.924893
20.848688,10.716446
20.412787,11.025905
20.476801,12.784351
19.805754,12.969826
6.489073,21.796829
6.939501,21.661646
6.039646,21.931044
4.952015,23.621537
20.430748,9.988277
20.224864,10.410380
21.209414,9.849963
20.810567,10.202150
20.637280,9.566890
22.483399,8.773600
21.281727,10.377687
21.901947,10.150912
21.662425,8.958305
21.253583,9.302677
21.462401,11.049457
20.808655,11.290189
6.648959,22.240926
7.053439,22.011357
5.314526,22.898472
5.842664,22.978703
5.443003,23.518585
4.326556,23.050161
5.675931,22.507134
4.846894,23.185820
4.463438,23.723539
21.185821,8.267049
21.015426,8.704806
21.950378,8.064951
21.582114,8.448759
21.356820,7.830172
23.131155,6.886841
22.066054,8.584975
22.665318,8.307544
22.328214,7.138924
21.949251,7.515737
22.301538,9.239485
21.670044,9.533333
4.666910,22.258428
5.126733,22.160846
4.207799,22.354733
2.984331,23.949342
21.796308,6.489055
21.662531,6.939708
22.541645,6.224759
22.206162,6.637560
21.930572,6.039641
23.620853,4.952769
22.699550,6.733412
23.273995,6.407446
22.841496,5.270540
22.495209,5.677615
22.988269,7.366105
22.383260,7.711201
4.789903,22.714111
5.211503,22.518625
3.405803,23.259325
3.925232,23.383073
3.482296,23.888024
2.408641,23.328207
3.797969,22.899153
2.916105,23.506752
2.489597,24.011321
22.257834,4.667072
22.161516,5.127133
22.978728,4.341505
22.678860,4.780847
22.353646,4.207955
23.949371,2.984886
23.178088,4.836060
23.723464,4.463570
23.198792,3.365857
22.886837,3.800790
23.518322,5.442426
22.943836,5.836385
2.813295,22.568223
3.279080,22.508549
2.347500,22.625712
0.997427,24.114076
22.567576,2.813819
22.509056,3.279322
23.257811,2.429478
22.996531,2.891475
22.624852,2.347904
24.114172,0.998104
23.498474,2.905736
24.010330,2.489024
23.397156,1.439675
23.123130,1.898070
23.887365,3.482108
23.347249,3.920801
2.898370,23.032635
3.334136,22.871593
1.472790,23.460648
1.980903,23.626745
1.496887,24.094235
0.000000,23.261306
0.939388,22.723652
0.567753,22.737555
1.894887,23.135315
1.408855,22.703244
0.693724,23.547501
1.119452,23.736023
0.497648,24.134780
0.000000,23.704975
0.518594,23.153917
1.082099,23.148656
22.722794,0.939731
22.702007,1.409350
23.450372,0.000000
22.737199,0.567686
23.572741,0.725987
23.739569,1.176064
23.164690,0.964894
24.133932,0.496755
23.703116,0.000000
23.199166,0.000000
23.115049,0.481465
23.591285,1.979854
