20.078788,0.000000
20.010434,1.658130
19.804650,3.304898
19.464327,4.929098
18.990485,6.519655
18.387132,8.065635
17.658271,9.556488
16.808922,10.982185
15.845125,12.332494
14.771912,13.599482
13.599313,14.772106
12.332340,15.845358
10.982061,16.809185
9.556409,17.658544
8.065548,18.387427
6.519589,18.990834
4.929043,19.464718
3.304872,19.805088
1.658107,20.010938
0.000000,20.079309
-0.000000,21.643593
1.787292,21.569288
3.562393,21.348522
5.313110,20.981254
7.027608,20.470500
8.694030,19.820273
10.300870,19.034582
11.838047,18.119446
13.293946,17.079882
14.658540,15.923948
15.923801,14.658650
17.079703,13.294030
18.119225,11.838108
19.034334,10.300907
19.819996,8.694060
20.470182,7.027605
20.980887,5.313084
21.348096,3.562371
21.568820,1.787246
21.643063,0.000000
10.269288,17.233952
11.069482,18.577089
10.313018,18.117692
9.912899,17.446258
10.992125,17.636836
10.501274,17.664153
10.625693,17.021590
12.566033,17.599738
10.828240,18.124781
11.453799,18.348267
11.772152,17.208179
11.269875,17.217651
11.526821,17.685583
11.230955,17.990116
10.685182,18.805873
9.497478,19.427509
11.657270,16.327342
11.319729,16.568268
12.412966,16.672324
11.923991,16.739174
11.994834,16.086385
13.976286,16.501986
12.285806,17.170830
12.930038,17.339823
13.152758,16.177497
12.652545,16.229635
12.202050,17.859627
9.576457,18.570801
8.759774,18.937007
12.965896,15.308785
12.649188,15.577085
13.748422,15.590501
13.266189,15.697335
13.282649,15.040491
15.291221,15.291364
13.661578,16.097645
14.317464,16.212978
14.444045,15.035630
13.949804,15.129096
13.635111,16.790973
12.948636,16.673336
10.086619,18.574530
9.899222,19.231064
9.799207,18.108148
9.095743,19.623931
7.860826,20.145473
8.811017,18.023067
9.183740,17.840851
9.051389,18.493290
8.438350,18.205295
9.267587,18.976043
14.185684,14.185852
13.892566,14.478992
14.987671,14.401677
14.516482,14.548101
14.478839,13.892706
16.501807,13.976402
14.944483,14.914269
15.607567,14.975018
15.636009,13.791728
15.151218,13.925597
14.974884,15.607700
14.282033,15.546489
8.022925,19.330345
8.514641,19.364061
8.277498,19.982886
7.171344,19.589783
8.248532,18.866902
7.665349,19.684762
7.444199,20.308019
15.308595,12.966040
15.040319,13.282770
16.126372,13.114872
15.668591,13.299664
15.576904,12.649306
17.599526,12.566126
16.124816,13.629393
16.790813,13.635223
16.721740,12.453515
16.249603,12.626805
16.212818,14.317573
15.516260,14.314441
7.292601,18.689220
7.679085,18.538353
7.511033,19.174929
6.906152,18.840070
7.837090,18.918666
6.170346,20.725966
16.327104,11.657380
16.086182,11.994949
17.154319,11.738397
16.713304,11.960383
16.568063,11.319828
18.576845,11.069562
17.195368,12.251238
17.859430,12.202119
17.692670,11.029734
17.236571,11.241744
17.339629,12.930123
16.645718,12.984158
6.396943,19.919678
6.887530,19.996813
6.599038,20.598262
5.528628,20.115810
6.667434,19.481606
6.014843,20.249132
5.741711,20.853638
17.233682,10.269371
17.021368,10.625789
18.064489,10.281533
17.643537,10.539175
17.446027,9.912975
19.427237,9.497530
18.148044,10.789172
18.805648,10.685235
18.542868,9.531155
18.105797,9.779882
18.348051,11.453880
17.661114,11.564963
5.724345,19.227865
6.121979,19.109362
5.326744,19.346333
4.437724,21.164978
18.022790,8.811091
17.840593,9.183800
18.851905,8.754770
18.453545,9.046232
18.205008,8.438407
20.145166,7.860872
18.976698,9.253786
19.623671,9.095790
19.266607,7.967428
18.851555,8.251403
19.230809,9.899264
18.555153,10.067029
5.898080,19.729933
6.249998,19.504258
4.730292,20.380823
5.212578,20.497941
4.875478,21.073150
3.848475,20.503798
5.035442,19.966121
4.321911,20.677012
4.000044,21.256779
18.688898,7.292669
18.538076,7.679161
19.510619,7.168134
19.137628,7.491472
18.839743,6.906208
20.725614,6.170377
19.676042,7.655185
20.307728,7.444228
19.858864,6.349216
19.468662,6.666497
19.982606,8.277509
19.323170,8.500454
4.116976,19.634995
4.523013,19.549864
3.710961,19.720078
2.674798,21.458989
19.227497,5.724391
19.109050,6.122033
20.036165,5.532502
19.691100,5.885499
19.345957,5.326787
21.164568,4.437736
20.241096,6.004254
20.853299,5.741721
20.315645,4.687692
19.952954,5.036062
20.597924,6.599031
19.959143,6.875692
4.248905,20.149842
4.617834,19.953758
3.031453,20.702258
3.502310,20.858681
3.118651,21.403811
2.142759,20.751343
3.369340,20.313672
2.599974,20.963284
2.231037,21.514194
19.634577,4.117015
19.549498,4.523062
20.424867,3.858846
20.110067,4.239284
19.719635,3.710996
21.458551,2.674797
20.667954,4.312180
21.256375,4.000036
20.633021,2.993679
20.300496,3.371052
21.072761,4.875451
20.459029,5.204081
2.481509,19.908099
2.893180,19.856596
2.069839,19.959527
0.893637,21.606516
19.907634,2.481549
19.856178,2.893214
20.673363,2.159213
20.391280,2.564064
19.959045,2.069871
21.606041,0.893650
20.953352,2.590660
21.513712,2.231004
20.810257,1.280246
20.509836,1.683341
21.403359,3.118629
20.819006,3.496346
2.571123,20.431905
2.954505,20.266601
1.311146,20.880677
1.767618,21.075890
1.340475,21.587977
0.000000,20.647017
0.829038,20.045159
0.501515,20.058597
1.681051,20.522795
1.243562,20.028047
0.618381,20.969304
0.998317,21.184609
0.446792,21.625078
-0.000000,21.145219
0.458079,20.526853
0.959629,20.525768
20.044654,0.829056
20.027535,1.243589
20.860700,0.000000
20.058106,0.501516
20.997419,0.646527
21.189935,1.048897
20.543139,0.855558
21.624572,0.446761
21.144669,0.000000
20.576790,0.000000
20.483168,0.424796
21.036349,1.765880
