24.019166,0.000000
23.934474,1.983447
23.688370,3.952680
23.280855,5.895937
22.713980,7.798500
21.992423,9.647687
21.120530,11.430786
20.104314,13.135898
18.951314,14.751009
17.667766,16.266377
16.265232,17.668851
14.749405,18.952816
13.134626,20.105839
11.430764,21.121187
9.646675,21.992744
7.797813,22.714740
5.895205,23.281384
3.952863,23.688784
1.983283,23.935859
-0.000000,24.020519
-0.000000,25.342815
2.094060,25.254730
4.171943,24.996563
6.221649,24.566609
8.229175,23.968731
10.179968,23.207467
12.061928,22.287602
13.861529,21.215863
15.565977,19.998348
17.163641,18.644953
18.644927,17.163290
19.998225,15.565644
21.215462,13.861165
22.287267,12.061382
23.207254,10.180000
23.968548,8.228731
24.566499,6.220942
24.996086,4.171986
25.254772,2.092868
25.341345,0.000000
12.285069,20.617477
12.962906,21.755307
12.200873,21.433626
11.860443,20.869646
13.015644,20.883349
12.474334,20.983920
12.710315,20.362826
14.715431,20.610585
12.764918,21.366181
13.414038,21.485501
13.926036,20.356833
13.382193,20.444551
13.588710,20.848557
13.223854,21.179994
12.512382,22.023406
11.122365,22.751253
13.945208,19.532544
13.543193,19.819249
14.697428,19.740074
14.163510,19.884460
14.348344,19.244479
16.366926,19.325049
14.483166,20.241070
15.143171,20.304910
15.559686,19.137139
15.023404,19.270801
14.288620,20.915236
11.322296,21.955406
10.361050,22.397125
15.510536,18.313481
15.133610,18.633472
16.277912,18.459034
15.757574,18.646508
15.889560,17.993383
17.906779,17.907135
16.105033,18.976123
16.767868,18.985302
17.087174,17.786789
16.563855,17.964193
15.965980,19.663934
15.263888,19.655105
11.886230,21.889481
11.594664,22.520064
11.633827,21.498809
10.650353,22.981377
9.205176,23.592055
10.540473,21.560689
10.986429,21.343332
10.746027,21.955809
10.096958,21.778863
10.924261,22.368221
16.969782,16.970372
16.620822,17.319940
17.745362,17.051817
17.242969,17.281470
17.320321,16.620331
19.324259,16.367400
17.617111,17.580979
18.278581,17.535647
18.497127,16.315314
17.990415,16.535175
17.535205,18.278534
16.835763,18.326806
9.480650,22.842962
10.031468,22.814134
9.696126,23.400087
8.482538,23.170465
9.791888,22.398874
9.035514,23.201618
8.716014,23.782104
18.313091,15.511172
17.993679,15.888856
19.093418,15.528187
18.611494,15.798546
18.633924,15.133043
20.609817,14.715980
19.008503,16.066348
19.664153,15.966614
19.781547,14.732184
19.294574,14.992875
18.985063,16.767971
18.290670,16.874531
8.723944,22.357904
9.185334,22.176752
8.917294,22.763961
8.263744,22.538192
9.319464,22.496315
7.225061,24.271716
19.531518,13.945465
19.244739,14.348354
20.310567,13.898569
19.852391,14.207621
19.819930,13.542924
21.754442,12.963771
20.270405,14.441872
20.915393,14.288437
20.930301,13.048210
20.466627,13.348339
20.304631,15.143355
19.622003,15.306400
7.560163,23.541648
8.114215,23.561056
7.730381,24.121202
6.539344,23.792352
7.915105,23.128886
7.090343,23.867021
6.722371,24.420687
20.616321,12.285062
20.363548,12.710581
21.388506,12.173989
20.957701,12.519598
20.870475,11.860228
22.750596,11.122779
21.393663,12.718529
22.023636,12.512312
21.936269,11.275542
21.499065,11.612648
21.485679,13.414939
20.819112,13.633611
6.847965,23.002182
7.323016,22.859278
6.374231,23.143809
5.195827,24.785735
21.560554,10.540663
21.343577,10.985829
22.320911,10.366313
21.920152,10.746319
21.778399,10.096432
23.591472,9.206135
22.370659,10.908646
22.981612,10.650863
22.792464,9.425694
22.384589,9.797695
22.519955,11.594590
21.873375,11.868082
7.002612,23.423298
7.431487,23.191130
5.590294,24.086495
6.140507,24.151103
5.712033,24.677431
4.552116,24.251360
5.977560,23.703706
5.094916,24.371155
4.683020,24.892624
22.357393,8.724256
22.177805,9.185923
23.100674,8.487758
22.732872,8.899425
22.537762,8.263736
24.271154,7.226402
23.195127,9.024229
23.782577,8.716620
23.492955,7.511420
23.117285,7.915625
23.400469,9.695431
22.778837,10.021317
4.925018,23.489321
5.409970,23.386036
4.441031,23.590930
3.131048,25.129572
23.001622,6.847840
22.860670,7.323264
23.722989,6.551157
23.390158,6.991593
23.143284,6.374164
24.784981,5.196885
23.860999,7.077903
24.421187,6.722904
24.032957,5.545500
23.692301,5.979702
24.121072,7.729690
23.528579,8.105958
5.044712,23.921580
5.490845,23.725602
3.582516,24.465960
4.125164,24.576070
3.654716,25.065197
2.534151,24.543809
3.999832,24.116615
3.065453,24.708455
2.612088,25.194709
23.488737,4.925170
23.387182,5.410459
24.182912,4.569085
23.888204,5.035800
23.589620,4.441216
25.129892,3.131914
24.364037,5.083565
24.892738,4.683180
24.409106,3.541421
24.104722,4.003123
24.677325,5.711220
24.117871,6.135130
2.969017,23.816307
3.460095,23.752925
2.477873,23.876701
1.046590,25.302350
23.815717,2.969679
23.753924,3.460370
24.476568,2.556936
24.223015,3.045643
23.875876,2.478373
25.302940,1.047578
24.700964,3.054606
25.193665,2.611305
24.617526,1.514889
24.353739,1.999200
25.064627,3.654455
24.541832,4.121400
3.052540,24.257198
3.512790,24.097425
1.549210,24.677971
2.081709,24.832224
1.571013,25.281811
-0.000000,24.492715
0.991303,23.980264
0.599025,23.994559
1.995647,24.365439
1.486379,23.958523
0.729266,24.764355
1.176720,24.941973
0.521676,25.324100
0.000000,24.914543
0.547054,24.390333
1.139711,24.383329
23.979524,0.991761
23.957233,1.487046
24.672252,0.000000
23.994493,0.598939
24.788710,0.763476
24.945078,1.236243
24.399140,1.016270
25.323354,0.520417
24.912509,0.000000
24.433973,0.000000
24.353651,0.508093
24.798563,2.080974
