20.170438,-0.000000
20.101674,1.665705
19.894971,3.319979
19.553097,4.951603
19.077104,6.549420
18.471007,8.102451
17.738814,9.600094
16.885568,11.032280
15.917356,12.388745
14.839242,13.661509
13.661291,14.839483
12.388530,15.917649
11.032106,16.885894
9.599995,17.739125
8.102317,18.471330
6.549315,19.077508
4.951511,19.553557
3.319938,19.895500
1.665665,20.102324
-0.000000,20.171118
-0.000000,21.728817
1.794364,21.654164
3.576431,21.432525
5.334021,21.063802
7.055260,20.551036
8.728219,19.898249
10.341390,19.109462
11.884596,18.190710
13.346205,17.147034
14.716152,15.986550
15.986381,14.716275
17.146830,13.346299
18.190454,11.884669
19.109185,10.341433
19.897949,8.728267
20.550689,7.055251
21.063386,5.333973
21.432015,3.576394
21.653590,1.794270
21.728118,-0.000000
10.316164,17.312698
11.113045,18.650248
10.356676,18.194419
9.958188,17.525932
11.038938,17.711989
10.546995,17.741136
10.674174,17.099342
12.615478,17.669030
10.872947,18.199649
11.498895,18.420479
11.821951,17.281020
11.318808,17.292449
11.574412,17.758628
11.276929,18.063742
10.727230,18.879935
9.534867,19.504031
11.710468,16.401923
11.371424,16.643918
12.465805,16.743317
11.975877,16.812094
12.049561,16.159863
14.031271,16.566947
12.336524,17.241727
12.980948,17.408059
13.208404,16.245947
12.707459,16.300109
12.250059,17.929947
9.616818,18.649095
8.796802,19.017066
13.025060,15.378682
12.706947,15.648194
13.806924,15.656872
13.323902,15.765691
13.343271,15.109180
15.351377,15.351553
13.717969,16.164103
14.373822,16.276770
14.505148,15.099253
14.010347,15.194789
13.688726,16.857074
13.002062,16.742180
10.128150,18.651086
9.938231,19.306784
9.841704,18.186752
9.131519,19.701226
7.891754,20.224829
8.851238,18.105404
9.225675,17.922362
9.090645,18.573566
8.476923,18.288471
9.305829,19.054403
14.250420,14.250621
13.956000,14.545081
15.051452,14.462995
14.579645,14.611450
14.544918,13.956150
16.566725,14.031422
15.006162,14.975836
15.669000,15.033938
15.702156,13.850090
15.216981,13.986061
15.033773,15.669147
14.340960,15.610675
8.056616,19.411594
8.549645,19.443730
8.310139,20.061565
7.201663,19.672640
8.284286,18.948784
7.696981,19.766003
7.473467,20.388003
15.378464,13.025238
15.108993,13.343394
16.195002,13.170711
15.736775,13.357578
15.648005,12.707076
17.668775,12.615606
16.191370,13.685656
16.856903,13.688876
16.792491,12.506216
16.320142,12.681628
16.276583,14.373950
15.580282,14.373541
7.325887,18.774613
7.714123,18.623034
7.543610,19.258138
6.937723,18.926150
7.871467,19.001677
6.194612,20.807609
16.401635,11.710601
16.159641,12.049697
17.227340,11.788386
16.786046,12.012469
16.643710,11.371538
18.649960,11.113169
17.266351,12.301821
17.929734,12.250142
17.767550,11.076426
17.311413,11.290562
17.407835,12.981051
16.714406,13.037772
6.423830,20.003464
6.915837,20.079129
6.625068,20.679384
5.551999,20.200890
6.696340,19.566170
6.039674,20.332712
5.764281,20.935769
17.312375,10.316263
17.099114,10.674295
18.141410,10.325336
17.720354,10.585086
17.525704,9.958277
19.503722,9.534950
18.222983,10.833732
18.879698,10.727301
18.621367,9.571515
18.184437,9.822364
18.420243,11.499017
17.734011,11.612731
5.750474,19.315723
6.149920,19.196641
5.351101,19.434729
4.455168,21.248356
18.105103,8.851336
17.922094,9.225738
18.932192,8.792078
18.533908,9.085652
18.288157,8.476988
20.224485,7.891842
19.055075,9.292013
19.700954,9.131598
19.348172,8.001172
18.933442,8.287251
19.306504,9.938290
18.631767,10.108627
5.923666,19.815570
6.277395,19.589803
4.750169,20.466552
5.233991,20.582314
4.894727,21.156152
3.864745,20.590531
5.057269,20.052782
4.339761,20.762360
4.015768,21.340502
18.774250,7.325987
18.622760,7.714238
19.593705,7.198686
19.220974,7.524121
18.925786,6.937802
20.807207,6.194682
19.757311,7.686810
20.387701,7.473523
19.942926,6.376109
19.553220,6.695457
20.061270,8.310147
19.402968,8.535585
4.135764,19.724725
4.543644,19.639157
3.727932,19.810191
2.685301,21.543524
19.315298,5.750543
19.196327,6.150001
20.121475,5.556082
19.776844,5.911151
19.434295,5.351164
21.247865,4.455203
20.324683,6.029052
20.935403,5.764306
20.401614,4.707537
20.039602,5.057940
20.679004,6.625052
20.041562,6.904107
4.267339,20.237303
4.638079,20.041281
3.044189,20.789339
3.516683,20.944549
3.130986,21.488143
2.151804,20.839125
3.383948,20.401863
2.610724,21.049823
2.239814,21.598964
19.724223,4.135828
19.638761,4.543727
20.511810,3.875285
20.197626,4.257756
19.809643,3.727988
21.543004,2.685307
20.753279,4.329994
21.340033,4.015760
20.720333,3.006350
20.388632,3.385708
21.155701,4.894677
20.543498,5.225584
2.492844,19.999095
2.906369,19.947303
2.079320,20.050729
0.897161,21.691652
19.998519,2.492917
19.946823,2.906427
20.761323,2.168415
20.480069,2.575229
20.050119,2.079381
21.691069,0.897193
21.039851,2.601371
21.598354,2.239752
20.898271,1.285674
20.598873,1.690662
21.487586,3.130949
20.904937,3.510775
2.582271,20.520624
2.967448,20.355505
1.316639,20.968557
1.774869,21.162670
1.345786,21.673070
0.000000,20.736188
0.832799,20.136798
0.503767,20.150243
1.688336,20.611922
1.249208,20.119558
0.620946,21.057106
1.002435,21.271404
0.448523,21.710286
0.000000,21.232318
0.460143,20.616514
0.963806,20.615271
20.136149,0.832835
20.118893,1.249262
20.948796,0.000000
20.149628,0.503766
21.084979,0.649231
21.276530,1.053214
20.632457,0.859292
21.709637,0.448459
21.231578,0.000000
20.666141,0.000000
20.572880,0.426732
21.123167,1.773153
