20.015183,0.000000
19.947114,1.652866
19.741965,3.294419
19.402713,4.913460
18.930361,6.498974
18.328911,8.040054
17.602362,9.526191
16.755719,10.947379
15.794990,12.293413
14.725180,13.556384
13.556296,14.725286
12.293339,15.795117
10.947322,16.755866
9.526151,17.602525
8.040021,18.329091
6.498950,18.930564
4.913443,19.402934
3.294410,19.742203
1.652859,19.947370
-0.000000,20.015444
-0.000000,21.584333
1.782381,21.510274
3.552643,21.290121
5.298589,20.923871
7.008410,20.414524
8.670297,19.766086
10.272746,18.982556
11.805744,18.069941
13.257686,17.033242
14.618570,15.880473
15.880388,14.618634
17.033135,13.257733
18.069811,11.805776
18.982406,10.272764
19.765915,8.670307
20.414332,7.008410
20.923657,5.298582
21.289887,3.552636
21.510025,1.782370
21.584071,-0.000000
10.236746,17.179213
11.039249,18.526263
10.282714,18.064370
9.881459,17.390871
10.959633,17.584612
10.469538,17.610649
10.592038,16.967543
12.531723,17.551607
10.797211,18.072759
11.422503,18.298101
11.737590,17.157568
11.235912,17.165671
11.493793,17.634831
11.199049,17.938961
10.655999,18.754418
9.471527,19.374337
11.620344,16.275506
11.283845,16.515687
12.376295,16.622998
11.887980,16.688503
11.956847,16.035319
13.938136,16.456871
12.250609,17.121576
12.894714,17.292427
13.114144,16.129943
12.614435,16.180667
12.168735,17.810780
9.548441,18.516387
8.734070,18.881362
12.924831,15.260212
12.609098,15.527667
13.707826,15.544392
13.226137,15.649842
13.240572,14.992758
15.249488,15.249566
13.622450,16.051480
14.278363,16.168675
14.401646,14.991434
13.907789,15.083457
13.597910,16.745064
12.911561,16.625511
10.057793,18.521331
9.872146,19.178451
9.769708,18.053514
9.070910,19.570219
7.839355,20.090322
8.783093,17.965823
9.154628,17.784183
9.024138,18.437491
8.411570,18.147465
9.241041,18.921585
14.140752,14.140846
13.848537,14.433069
14.943413,14.359084
14.472649,14.504091
14.432974,13.848623
16.456772,13.938195
14.901688,14.871506
15.564949,14.934102
15.590111,13.751189
15.105582,13.883595
14.934029,15.565028
14.241145,15.501906
7.999536,19.273869
8.490341,19.308689
8.254839,19.928208
7.150295,19.532183
8.223710,18.809982
7.643388,19.628292
7.423879,20.252431
15.260100,12.924908
14.992653,13.240648
16.078748,13.076087
15.621274,13.259432
15.527554,12.609167
17.551486,12.531766
16.078638,13.590316
16.744965,13.597965
16.672647,12.416910
16.200652,12.588722
16.168584,14.278424
15.471840,14.273393
7.269491,18.629844
7.654758,18.479473
7.488416,19.117082
6.884232,18.780213
7.813224,18.860956
6.153497,20.669216
16.275371,11.620403
16.035194,11.956910
17.103648,11.703675
16.662823,11.924201
16.515555,11.283900
18.526121,11.039280
17.146117,12.216106
17.810659,12.168771
17.640710,10.997302
17.184632,11.207833
17.292314,12.894758
16.598059,12.946922
6.378275,19.861429
6.867877,19.939592
6.580965,20.541876
5.512401,20.056656
6.647364,19.422812
5.997603,20.191028
5.726039,20.796548
17.179057,10.236791
16.967401,10.592087
18.011110,10.251107
17.590226,10.507282
17.390720,9.881500
19.374174,9.471544
18.096047,10.758224
18.754275,10.656023
18.488395,9.503120
18.051219,9.750371
18.297969,11.422537
17.610534,11.531787
5.706202,19.166766
6.102578,19.048667
5.309832,19.284858
4.425611,21.107015
17.965653,8.783128
17.784020,9.154662
18.796189,8.728855
18.397771,9.018847
18.147290,8.411600
20.090138,7.839366
18.922313,9.227236
19.570055,9.070925
19.210006,7.943990
18.794725,8.226501
19.178295,9.872164
18.501992,10.038137
5.880315,19.670390
6.230976,19.444778
4.716490,20.321215
5.197709,20.439282
4.862111,21.015449
3.837176,20.443487
5.020286,19.905861
4.309516,20.617670
3.989124,21.198574
18.629652,7.269519
18.479293,7.654788
19.452963,7.146912
19.079785,7.468791
18.780017,6.884255
20.669010,6.153502
19.619652,7.633220
20.252246,7.423886
19.800533,6.330537
19.409979,6.646379
19.928032,8.254845
19.267801,8.476055
4.103930,19.572587
4.508687,19.487761
3.699177,19.657402
2.667503,21.400214
19.166555,5.706220
19.048469,6.102599
19.976968,5.516123
19.631596,5.867679
19.284643,5.309848
21.106787,4.425611
20.183101,5.987032
20.796342,5.726040
20.255995,4.673909
19.892825,5.020864
20.541676,6.580964
19.901956,6.855957
4.236105,20.089023
4.603777,19.892896
3.022609,20.641703
3.492328,20.798975
3.110084,21.345178
2.136477,20.690298
3.359197,20.252342
2.592508,20.903108
2.224940,21.455255
19.572357,4.103943
19.487543,4.508703
20.364542,3.847428
20.049308,4.226453
19.657165,3.699189
21.399974,2.667501
20.608757,4.299809
21.198345,3.989120
20.572444,2.984879
20.239340,3.360872
21.015228,4.862104
20.400423,5.189149
2.473639,19.844804
2.884023,19.793504
2.063255,19.896090
0.891189,21.547319
19.844558,2.473649
19.793269,2.884032
20.612336,2.152822
20.329671,2.556309
19.895839,2.063264
21.547068,0.891190
20.893345,2.583222
21.455004,2.224932
20.749195,1.276477
20.448057,1.678256
21.344937,3.110077
20.759391,3.486327
2.563381,20.370204
2.945516,20.204771
1.307331,20.819562
1.762582,21.015544
1.336787,21.528810
0.000000,20.584999
0.826427,19.981414
0.499952,19.994847
1.675993,20.460808
1.239641,19.964392
0.616599,20.908243
0.995457,21.124253
0.445589,21.565831
0.000000,21.084650
0.456645,20.464491
0.956727,20.463518
19.981157,0.826431
19.964134,1.239648
20.799583,0.000000
19.994592,0.499952
20.936677,0.644649
21.129866,1.045900
20.481167,0.852963
21.565573,0.445583
21.084382,0.000000
20.514795,0.000000
20.420921,0.423451
20.976122,1.760829
