20.512048,-0.000000
20.441764,1.693922
20.231606,3.376151
19.883927,5.035434
19.399892,6.660296
18.783561,8.239608
18.038959,9.762562
17.171216,11.218947
16.186573,12.598354
15.090210,13.892648
13.892322,15.090549
12.597986,16.187001
11.218652,17.171676
9.762452,18.039307
8.239360,18.783864
6.660104,19.400337
5.035249,19.884429
3.376093,20.232205
1.693836,20.442633
-0.000000,20.512971
-0.000000,22.046596
1.820736,21.970666
3.628800,21.745796
5.412044,21.371679
7.158440,20.851432
8.855804,20.189117
10.492609,19.388809
12.058331,18.456595
13.541267,17.397605
14.931212,16.220158
16.219984,14.931310
17.397393,13.541337
18.456300,12.058388
19.388523,10.492622
20.188846,8.855879
20.851118,7.158392
21.371279,5.411919
21.745235,3.628729
21.970019,1.820491
22.045619,-0.000000
10.490890,17.606050
11.275625,18.923183
10.519513,18.480467
10.126996,17.822737
11.213540,17.992161
10.717487,18.028059
10.854883,17.389001
12.800028,17.927572
11.039735,18.478836
11.667202,18.689890
12.007708,17.552606
11.501289,17.571258
11.751967,18.031037
11.448456,18.338329
10.884150,19.156235
9.674392,19.789482
11.908767,16.679787
11.564121,16.925759
12.662899,17.008015
12.169372,17.083903
12.253558,16.433623
14.236518,16.809346
12.525752,17.506138
13.170967,17.662668
13.415979,16.501194
12.912254,16.562831
12.429241,18.192318
9.767358,18.940983
8.934902,19.315511
13.245602,15.639124
12.922252,15.913143
14.025147,15.904360
13.539137,16.020518
13.569240,15.365127
15.575930,15.576152
13.928372,16.411984
14.584197,16.514812
14.733086,15.336515
14.236142,15.439701
13.888856,17.103730
13.201406,16.998949
10.283088,18.936562
10.083811,19.589253
10.000178,18.479717
9.265024,19.989558
8.007170,20.520828
9.001150,18.412109
9.381971,18.226003
9.237030,18.872746
8.620690,18.598296
9.448491,19.346582
14.491724,14.491972
14.192454,14.791343
15.289363,14.691644
14.815204,14.847623
14.791224,14.192562
16.809048,14.236726
15.236298,15.205478
15.898317,15.253803
15.948900,14.067730
15.462234,14.211485
15.253594,15.898444
14.560833,15.850086
8.182277,19.714479
8.680228,19.740794
8.431945,20.355044
7.314739,19.981492
8.417608,19.253942
7.814976,20.068904
7.582682,20.686339
15.638884,13.245835
15.364968,13.569296
16.450989,13.378926
15.991043,13.573488
15.913006,12.922349
17.927244,12.800223
16.439689,13.895513
17.103598,13.889073
17.056388,12.702738
16.583187,12.886019
16.514600,14.584327
15.819160,14.593986
7.449945,19.092679
7.844710,18.938458
7.665083,19.568231
7.055391,19.246773
7.999634,19.311008
6.285161,21.112117
16.679408,11.908918
16.433424,12.253702
17.499677,11.974776
17.057286,12.206642
16.925630,11.564222
18.922831,11.275854
17.531168,12.490479
18.192132,12.429315
18.046819,11.250525
17.590477,11.472551
17.662415,13.171079
16.970681,13.237744
6.524109,20.315784
7.021433,20.386038
6.722199,20.981953
5.639160,20.518007
6.804122,19.881301
6.132294,20.644312
5.848493,21.242089
17.605633,10.490984
17.388851,10.855029
18.428259,10.488645
18.006761,10.756225
17.822616,10.127067
19.789143,9.674546
18.502529,10.999909
19.156048,10.884234
18.914106,9.721992
18.477639,9.980717
18.689673,11.667416
18.005962,11.790882
5.847860,19.642948
6.254051,19.521724
5.441881,19.763955
4.520251,21.559306
18.411831,9.001275
18.225798,9.381982
19.231577,8.931160
18.833516,9.232583
18.597998,8.620726
20.520473,8.007384
19.347426,9.434561
19.989349,9.265177
19.652341,8.126972
19.238734,8.420865
19.588981,10.083882
18.917555,10.263754
6.019069,20.134686
6.379538,19.908555
4.824298,20.786092
5.313867,20.896871
4.966546,21.465708
3.925422,20.913783
5.138653,20.375707
4.406336,21.080529
4.074428,21.652737
19.092305,7.450107
18.938323,7.844907
19.903530,7.312581
19.531699,7.645808
19.246419,7.055497
21.111700,6.285366
20.060443,7.804741
20.686135,7.582814
20.256419,6.476370
19.868484,6.803396
20.354813,8.431911
19.700615,8.666586
4.205790,20.058899
4.620536,19.971718
3.791186,20.145787
2.724481,21.858763
19.642494,5.847956
19.521571,6.254180
20.439620,5.643991
20.096527,6.006755
19.763502,5.441969
21.558748,4.520382
20.636477,6.121530
21.241808,5.848575
20.722249,4.781527
20.362682,5.139482
20.981576,6.722137
20.348994,7.010072
4.336073,20.563193
4.713552,20.367378
3.091685,21.113892
3.570295,21.264652
3.177005,21.802627
2.185537,21.166261
3.438410,20.730458
2.650817,21.372403
2.272554,21.915072
20.058329,4.205902
19.971432,4.620698
20.836073,3.936575
20.524109,4.326599
20.145107,3.791285
21.858230,2.724536
21.071592,4.396432
21.652272,4.074436
21.046007,3.053596
20.717288,3.440331
21.465237,4.966421
20.858604,5.305773
2.535089,20.337960
2.955520,20.285101
2.114662,20.390355
0.910307,22.009107
20.337271,2.535258
20.284674,2.955636
21.089419,2.202727
20.811167,2.616843
20.389588,2.114801
22.008462,0.910416
21.362576,2.641325
21.914296,2.272402
21.226594,1.305912
20.930924,1.717950
21.801961,3.176932
21.225525,3.564592
2.623841,20.851175
3.015706,20.686721
1.337129,21.296055
1.801911,21.486147
1.365592,21.990367
0.000000,21.068412
0.846825,20.478033
0.512167,20.491509
1.715498,20.943979
1.270256,20.460330
0.630511,21.384323
1.017792,21.594928
0.454977,22.028009
0.000000,21.556961
0.467839,20.950528
0.979379,20.948709
20.477196,0.846915
20.459434,1.270389
21.277437,0.000000
20.490776,0.512158
21.411651,0.659315
21.599664,1.069320
20.965558,0.873208
22.027174,0.454792
21.555876,0.000000
20.999362,0.000000
20.907421,0.433945
21.447102,1.800283
