20.527211,0.000000
20.456861,1.695174
20.246548,3.378643
19.898611,5.039154
19.414219,6.665216
18.797433,8.245694
18.052280,9.769771
17.183894,11.227231
16.198523,12.607656
15.101349,13.902905
13.902577,15.101690
12.607284,16.198954
11.226932,17.184357
9.769663,18.052626
8.245442,18.797731
6.665021,19.414661
5.038966,19.899109
3.378586,20.247143
1.695086,20.457731
0.000000,20.528137
-0.000000,22.060709
1.821907,21.984724
3.631127,21.759710
5.415511,21.385354
7.163024,20.864775
8.861472,20.202037
10.499327,19.401217
12.066050,18.468406
13.549934,17.408737
14.940769,16.230536
16.230365,14.940863
17.408528,13.550002
18.468113,12.066105
19.400935,10.499339
20.201771,8.861548
20.864467,7.162975
21.384960,5.415382
21.759154,3.631054
21.984082,1.821656
22.059729,0.000000
10.498645,17.619066
11.282848,18.935308
10.526745,18.493166
10.134488,17.835907
11.221293,18.004600
10.725057,18.040795
10.862904,17.401854
12.808228,17.939057
11.047144,18.491233
11.674680,18.701858
12.015958,17.564664
11.509392,17.583634
11.759853,18.043134
11.456076,18.350523
10.891122,19.168509
9.680591,19.802162
11.917568,16.692116
11.572674,16.938264
12.671652,17.019767
12.177964,17.095969
12.262613,16.445771
14.245639,16.820115
12.534157,17.517880
13.179410,17.673979
13.425198,16.512527
12.921348,16.574494
12.437203,18.203973
9.774044,18.953942
8.941034,19.328761
13.255391,15.650681
12.931808,15.924900
14.034839,15.915349
13.548694,16.031830
13.579270,15.376485
15.585909,15.586130
13.937719,16.422993
14.593545,16.525387
14.743209,15.347050
14.246168,15.450574
13.897748,17.114688
13.210261,17.010352
10.289970,18.949238
10.090279,19.601800
10.007215,18.492721
9.270956,20.002366
8.012298,20.533976
9.007804,18.425718
9.388908,18.239475
9.243530,18.886026
8.627070,18.612043
9.454828,19.359556
14.502435,14.502683
14.202949,14.802271
15.299929,14.701796
14.825663,14.858107
14.802156,14.203053
16.819816,14.245847
15.246521,15.215677
15.908507,15.263571
15.959858,14.077394
15.473124,14.221493
15.263362,15.908631
14.570601,15.860718
8.187858,19.727927
8.686028,19.753985
8.437357,20.368080
7.319760,19.995204
8.423528,19.267487
7.820217,20.082354
7.587535,20.699591
15.650443,13.255624
15.376330,13.579321
16.462357,13.388171
16.002333,13.583074
15.924769,12.931902
17.938730,12.808424
16.450719,13.904833
17.114561,13.897967
17.068108,12.711464
16.594868,12.895093
16.525177,14.593673
15.829771,14.603776
7.455451,19.106791
7.850506,18.952453
7.670477,19.581995
7.060613,19.260998
8.005324,19.324737
6.289184,21.125643
16.691737,11.917719
16.445576,12.262755
17.511771,11.983052
17.069329,12.215262
16.938143,11.572773
18.934956,11.283081
17.542931,12.498857
18.203792,12.437274
18.059221,11.258255
17.602868,11.480631
17.673727,13.179522
16.982065,13.246626
6.528562,20.329650
7.026124,20.399666
6.726515,20.995393
5.643030,20.532086
6.808907,19.895288
6.136407,20.658148
5.852235,21.255695
17.618648,10.498737
17.401710,10.863049
18.440997,10.495896
18.019477,10.763822
17.835794,10.134557
19.801825,9.680747
18.514946,11.007289
19.168327,10.891205
18.927106,9.728674
18.490657,9.987746
18.701645,11.674897
18.018042,11.798794
5.852183,19.657466
6.258673,19.536147
5.445910,19.778561
4.523143,21.573117
18.425444,9.007929
18.239277,9.388915
19.244872,8.937335
18.846818,9.239105
18.611749,8.627104
20.533624,8.012516
19.360411,9.440892
20.002163,9.271111
19.665849,8.132558
19.252289,8.426796
19.601532,10.090350
18.930249,10.270643
6.023305,20.148850
6.384073,19.922702
4.827590,20.800278
5.317415,20.910838
4.969737,21.479457
3.928116,20.928133
5.142266,20.390040
4.409293,21.094656
4.077034,21.666605
19.106421,7.455614
18.952328,7.850705
19.917289,7.317637
19.545495,7.651210
19.260649,7.060719
21.125230,6.289395
20.073908,7.809978
20.699395,7.587670
20.270341,6.480822
19.882482,6.808187
20.367856,8.437320
19.713835,8.672403
4.208898,20.073725
4.623949,19.986473
3.793994,20.160676
2.726221,21.872765
19.657016,5.852278
19.536007,6.258803
20.453748,5.647894
20.110721,6.010998
19.778113,5.445998
21.572562,4.523278
20.650326,6.125637
21.255423,5.852319
20.736489,4.784812
20.377028,5.143102
20.995020,6.726450
20.362650,7.014777
4.339125,20.577658
4.716903,20.381850
3.093794,21.128300
3.572676,21.278865
3.179049,21.816594
2.187035,21.180783
3.440829,20.745042
2.652597,21.386725
2.274009,21.929111
20.073159,4.209011
19.986198,4.624113
20.850474,3.939296
20.538605,4.329655
20.159997,3.794093
21.872238,2.726279
21.085732,4.399383
21.666147,4.077043
21.060472,3.055694
20.731882,3.442756
21.478991,4.969608
20.872601,5.309335
2.536964,20.352993
2.957701,20.300087
2.116231,20.405422
0.910890,22.023206
20.352308,2.537136
20.299670,2.957819
21.103991,2.204251
20.825870,2.618690
20.404656,2.116373
22.022568,0.911003
21.376913,2.643099
21.928336,2.273853
21.241177,1.306810
20.945670,1.719161
21.815931,3.178975
21.239767,3.566983
2.625686,20.865845
3.017848,20.701420
1.338039,21.310593
1.803112,21.500509
1.366471,22.004459
0.000000,21.083157
0.847448,20.493171
0.512540,20.506649
1.716704,20.958717
1.271190,20.475448
0.630935,21.398849
1.018474,21.609293
0.455263,22.042120
-0.000000,21.571375
0.468181,20.965352
0.980070,20.963507
20.492335,0.847540
20.474550,1.271327
21.292035,0.000000
20.505919,0.512531
21.426163,0.659763
21.614020,1.070036
20.980350,0.873825
22.041286,0.455074
21.570284,0.000000
21.014159,0.000000
20.922277,0.434265
21.461493,1.801488
