22.374318,-0.000000
22.296146,1.847656
22.066934,3.682252
21.687471,5.492304
21.159458,7.264602
20.487266,8.987203
19.675073,10.648255
18.728472,12.236678
17.654419,13.741225
16.458664,15.152901
15.152122,16.459415
13.740176,17.655446
12.235851,18.729532
10.648199,19.675587
8.986534,20.487530
7.264139,21.160056
5.491821,21.687968
3.682309,22.067419
1.847491,22.297343
-0.000000,22.375551
-0.000000,23.789540
1.965305,23.706994
3.916035,23.464519
5.840134,23.060881
7.724592,22.499602
9.555923,21.784990
11.322368,20.921487
13.011718,19.915507
14.611768,18.772662
16.111532,17.502181
17.502086,16.111388
18.772502,14.611612
19.915134,13.011550
20.921189,11.322072
21.784806,9.555975
22.499423,7.724297
23.060692,5.839652
23.464058,3.915959
23.706714,1.964468
23.788158,0.000000
11.443494,19.205000
12.167743,20.420657
11.410293,20.045027
11.047343,19.440511
12.168445,19.524178
11.648999,19.595363
11.840058,18.967926
13.812761,19.346195
11.953104,20.007501
12.590790,20.168056
13.023987,19.038227
12.498478,19.094589
12.724364,19.522695
12.388168,19.842423
11.745114,20.672201
10.439985,21.355522
12.989982,18.194458
12.614841,18.462067
13.740931,18.455643
13.226670,18.568820
13.365796,17.926007
15.362921,18.139495
13.562067,18.954073
14.213733,19.059733
14.551672,17.897617
14.031488,17.998462
13.412416,19.631994
10.591042,20.537787
9.690424,20.948012
14.448127,17.059016
14.096293,17.357501
15.218808,17.257979
14.715329,17.412831
14.801249,16.760537
16.808314,16.808635
15.080748,17.769496
15.738761,17.821057
15.980223,16.634584
15.470179,16.778071
14.987117,18.457337
14.293273,18.405140
11.131726,20.499816
10.882643,21.138927
10.866226,20.080329
9.997534,21.571444
8.640549,22.144730
9.818437,20.083853
10.233935,19.881107
10.037002,20.507291
9.404489,20.287032
10.229779,20.946338
15.807411,15.807833
15.481742,16.133899
16.590706,15.942223
16.102406,16.138058
16.134078,15.481522
18.138916,15.363291
16.496759,16.463126
17.156838,16.460304
17.298890,15.258429
16.802560,15.443389
16.459973,17.156821
15.765176,17.161280
8.869964,21.371597
9.395497,21.367669
9.100351,21.965107
7.933381,21.670887
9.146171,20.921221
8.461155,21.727424
8.181939,22.323156
17.058719,14.448563
16.760628,14.800871
17.851125,14.517736
17.380412,14.753218
17.357708,14.096056
19.345612,13.813166
17.799685,15.044795
18.457443,14.987568
18.500119,13.777865
18.020649,14.002961
17.820830,15.738840
17.127575,15.801319
8.126326,20.826345
8.556561,20.657786
8.328924,21.262459
7.696930,20.994359
8.699603,21.000233
6.782074,22.782722
18.193712,12.990163
17.926049,13.365870
18.989089,12.994131
18.539267,13.267556
18.462408,12.614749
20.420032,12.168344
18.981402,13.523588
19.632020,13.412332
19.574455,12.202883
19.115309,12.466995
19.059456,14.213843
18.374298,14.332902
7.072871,22.024493
7.599870,22.066769
7.255230,22.641843
6.116030,22.252613
7.393108,21.603021
6.639506,22.350465
6.310556,22.922695
19.204166,11.443501
18.968256,11.840255
19.996844,11.381667
19.571403,11.691178
19.440952,11.047236
21.355026,10.440311
20.033215,11.909798
20.672285,11.745108
20.515244,10.545030
20.079526,10.845896
20.168045,12.591368
19.495270,12.766440
6.378828,21.426524
6.821672,21.293726
5.936867,21.558463
4.877407,23.265230
20.083672,9.818585
19.881198,10.233587
20.868585,9.691625
20.470129,10.035187
20.286718,9.404217
22.144285,8.641224
20.948071,10.214995
21.571526,9.997896
21.315967,8.815007
20.906601,9.150808
21.138747,10.882628
20.482432,11.113120
6.540466,21.878170
6.937422,21.649309
5.229998,22.534275
5.751420,22.619504
5.360674,23.163907
4.257405,22.681883
5.583395,22.140030
4.770896,22.822620
4.396233,23.365743
20.825917,8.126597
20.658345,8.556990
21.597654,7.935296
21.229043,8.310487
20.994026,7.696984
22.782272,6.782922
21.720098,8.450383
22.323393,8.182341
21.971117,7.024720
21.590912,7.393055
21.965222,9.099952
21.330315,9.383812
4.587624,21.880277
5.039715,21.784462
4.136159,21.974955
2.939433,23.588134
21.426038,6.378837
21.294468,6.821866
22.179404,6.124671
21.842892,6.528935
21.558025,5.936881
23.264591,4.878061
22.343677,6.627858
22.922910,6.310896
22.476211,5.186243
22.127955,5.584937
22.641588,7.254837
22.032342,7.590248
4.711733,22.343656
5.125777,22.148231
3.351638,22.889427
3.863985,23.017563
3.429538,23.527734
2.370170,22.955517
3.736041,22.525636
2.870342,23.138539
2.452106,23.649140
21.879704,4.587786
21.785000,5.040081
22.609483,4.271720
22.307816,4.702624
21.973959,4.136307
23.588089,2.939895
22.814713,4.760222
23.365627,4.396350
22.827724,3.312031
22.513203,3.738714
23.163623,5.360172
22.584121,5.744849
2.765460,22.184790
3.223462,22.126269
2.307456,22.241393
0.982379,23.750399
22.184148,2.765936
22.126640,3.223691
22.884108,2.390396
22.620220,2.844177
22.240551,2.307827
23.750367,0.982959
23.130027,2.860122
23.648193,2.451598
23.023011,1.416616
22.745589,1.867047
23.527078,3.429369
22.981237,3.859343
2.851078,22.656930
3.279312,22.495413
1.449380,23.087464
1.950019,23.257411
1.474204,23.730760
0.000000,22.883564
0.923454,22.337593
0.558167,22.351397
1.863982,22.757908
1.385031,22.317617
0.682828,23.174506
1.101909,23.366573
0.490287,23.770788
-0.000000,23.334381
0.509858,22.774520
1.064417,22.769817
22.336730,0.923758
22.316428,1.385471
23.075788,0.000000
22.350975,0.558107
23.200068,0.714493
23.370297,1.157635
22.785963,0.949120
23.769936,0.489511
23.332622,0.000000
22.820331,0.000000
22.734969,0.473289
23.221386,1.948874
