28.598320,-0.000000
28.496752,2.361716
28.203694,4.705957
27.718286,7.020116
27.043266,9.285486
26.184224,11.487119
25.146091,13.610120
23.936062,15.640226
22.563232,17.563194
21.035217,19.367256
19.365346,21.036959
17.560316,22.565729
15.637943,23.938474
13.610227,25.146896
11.485189,26.184679
9.284117,27.044271
7.018591,27.718808
4.706298,28.203971
2.361625,28.498514
-0.000000,28.599826
-0.000000,29.718323
2.456485,29.615682
4.892462,29.313145
7.296214,28.809020
9.650538,28.107965
11.938086,27.215220
14.145470,26.136459
16.255898,24.879352
18.254427,23.451582
20.127921,21.864626
21.864885,20.126964
23.451631,18.253675
24.879095,16.254994
26.136095,14.144406
27.214847,11.938255
28.107697,9.650063
28.809042,7.295316
29.312420,4.893237
29.616415,2.454844
29.717219,0.000000
14.628745,24.550473
15.203271,25.515235
14.415579,25.323774
14.124800,24.849283
15.387969,24.689019
14.781337,24.864833
15.133354,24.247418
17.258664,24.172517
15.043512,25.179662
15.733630,25.196952
16.453319,24.051065
15.853120,24.218883
16.015042,24.570188
15.571098,24.937003
14.673624,25.830285
13.044956,26.683175
16.605355,23.258598
16.128636,23.598433
17.375869,23.336749
16.782350,23.561736
17.084106,22.916188
19.195609,22.664932
17.068511,23.853447
17.761732,23.812777
18.383649,22.609963
17.796901,22.828323
16.756752,24.530676
13.371604,25.928385
12.239992,26.457588
18.469173,21.806939
18.022476,22.186448
19.243739,21.822290
18.671153,22.094870
18.919658,21.426718
21.001577,21.001758
18.980016,22.362866
19.667223,22.265117
20.188380,21.014861
19.621897,21.280547
18.723595,23.063550
17.988688,23.163777
14.004866,25.790852
13.600732,26.410909
13.780498,25.464948
12.489320,26.953680
10.796305,27.669343
12.551321,25.673082
13.081292,25.415441
12.728754,26.005678
12.025419,25.932907
12.873712,26.359159
20.206805,20.207705
19.792989,20.622476
20.978805,20.158827
20.431255,20.477532
20.623196,19.791821
22.663763,19.196191
20.761748,20.718544
21.438821,20.565005
21.854081,19.276335
21.311753,19.587821
20.564266,21.438989
19.841144,21.598435
11.192711,26.967185
11.817374,26.875828
11.374530,27.442635
10.021262,27.372100
11.597568,26.530763
10.647717,27.339577
10.220470,27.892540
21.806306,18.470332
21.427521,18.918274
22.572202,18.357675
22.052824,18.720490
22.187385,18.020951
24.171512,17.259392
22.401435,18.933689
23.063821,18.724599
23.371593,17.405917
22.856556,17.760749
22.264907,19.667568
21.555725,19.887074
10.388522,26.622717
10.935856,26.406807
10.562554,26.962220
9.842316,26.837043
11.050976,26.675909
8.473443,28.466491
23.257069,16.605878
22.917059,17.083951
24.011122,16.431140
23.523033,16.835411
23.599790,16.127881
25.513855,15.204649
23.888392,17.019385
24.531000,16.756445
24.728772,15.416577
24.244989,15.812703
23.812556,17.762299
23.124551,18.039065
8.926192,27.794089
9.558682,27.756786
9.069119,28.288608
7.725428,28.106557
9.374764,27.395444
8.355784,28.123899
7.882496,28.641112
24.548837,14.628760
24.249095,15.133849
25.285520,14.392608
24.832817,14.835286
24.850816,14.124447
26.682284,13.045421
25.212122,14.988543
25.830678,14.673489
25.917308,13.322228
25.468090,13.756600
25.197746,15.735369
24.535386,16.067828
8.154707,27.389776
8.718624,27.219136
7.592337,27.558366
6.093286,29.069390
25.673298,12.551643
25.415904,13.080208
26.387743,12.255508
25.973378,12.734165
25.931837,12.024277
27.668549,10.797645
26.363532,12.855642
26.954109,12.490165
26.928970,11.136692
26.517044,11.606509
26.411082,13.600619
25.777921,13.987275
8.294979,27.743409
8.811599,27.498799
6.600425,28.437238
7.233262,28.451751
6.702062,28.941112
5.377879,28.648925
7.079781,28.076115
6.004303,28.717907
5.490884,29.194453
26.622219,10.388793
26.409079,10.936819
27.309527,10.034636
26.936466,10.545798
26.836217,9.842154
28.465691,8.475879
27.335173,10.634949
27.893417,10.221588
27.756483,8.875003
27.385067,9.376912
27.443890,11.373285
26.844965,11.810832
5.864852,27.969876
6.440682,27.846287
5.290285,28.090846
3.671048,29.472463
27.389192,8.154094
27.222140,8.719070
28.045466,7.745378
27.715132,8.284922
27.557568,7.592162
29.068426,6.095218
28.119797,8.341199
28.642178,7.883410
28.394390,6.552198
28.066183,7.083560
28.289167,9.067674
27.728688,9.553647
5.975858,28.333468
6.510612,28.132664
4.229779,28.885021
4.858728,28.952245
4.289477,29.396217
2.993798,28.994262
4.737539,28.565249
3.613035,29.115385
3.062708,29.548962
27.969457,5.864867
27.848921,6.441359
28.588944,5.401754
28.305716,5.967246
28.088726,5.290654
29.473531,3.673144
28.712766,5.991093
29.195082,5.490904
28.839414,4.184084
28.554565,4.742441
28.941748,6.700491
28.423296,7.230702
3.536018,28.359516
4.118665,28.283021
2.952649,28.430606
1.227429,29.674723
28.359058,3.537037
28.285538,4.119036
28.936180,3.023286
28.702866,3.609052
28.430015,2.953382
29.676899,1.229427
29.110198,3.600507
29.547783,3.061112
29.084770,1.790355
28.849825,2.368835
29.396247,4.288746
28.922578,4.857259
3.616021,28.731432
4.165059,28.573400
1.829577,29.136019
2.451534,29.254241
1.843948,29.651100
0.000000,28.994365
1.180695,28.554355
0.713504,28.570785
2.364101,28.860184
1.768126,28.528418
0.859426,29.222194
1.386786,29.366844
0.609959,29.700405
0.000000,29.351533
0.650856,28.906178
1.349985,28.893402
28.554111,1.181453
28.527074,1.769439
29.145962,0.000000
28.571588,0.713361
29.244057,0.900708
29.368769,1.457108
28.908884,1.203625
29.700002,0.607479
29.349338,0.000000
28.945381,0.000000
28.876108,0.605152
29.225845,2.451936
