20.393879,-0.000000
20.324119,1.684165
20.115160,3.356726
19.769493,5.006444
19.288243,6.621953
18.675454,8.192175
17.935143,9.706374
17.072413,11.154389
16.093451,12.525860
15.003398,13.812709
13.812406,15.003720
12.525534,16.093851
11.154126,17.072848
9.706260,17.935501
8.191959,18.675789
6.621784,19.288704
5.006286,19.770017
3.356670,20.115779
1.684091,20.324963
0.000000,20.394773
-0.000000,21.936642
1.811610,21.861151
3.610677,21.637396
5.385041,21.265143
7.122729,20.747482
8.811645,20.088462
10.440269,19.292138
11.998196,18.364580
13.473748,17.310886
14.856769,16.139307
16.139121,14.856887
17.310660,13.473836
18.364279,11.998267
19.291834,10.440299
20.088158,8.811715
20.747129,7.122696
21.264703,5.384941
21.636810,3.610614
21.860479,1.811414
21.935707,0.000000
10.430454,17.504606
11.219352,18.828731
10.463169,18.381511
10.068607,17.720100
11.153126,17.895240
10.658502,17.928814
10.792377,17.288833
12.736149,17.838097
10.982018,18.382241
11.608947,18.596656
11.943432,17.458649
11.438155,17.474816
11.690522,17.936786
11.389096,18.243321
10.829838,19.060619
9.626100,19.690702
11.840175,16.583696
11.497467,16.828293
12.594701,16.916442
12.102427,16.989883
12.182996,16.338950
14.165473,16.725454
12.460267,17.414652
13.105194,17.574553
13.344151,16.412886
12.841397,16.471950
12.367221,18.101518
9.715269,18.840006
8.887118,19.212268
13.169315,15.549054
12.847776,15.821515
13.949637,15.818738
13.464668,15.932368
13.491077,15.276611
15.498201,15.498420
13.855558,16.326215
14.511376,16.432428
14.654211,15.254428
14.158018,15.354978
13.819583,17.018365
13.132419,16.910105
10.229471,18.837792
10.033423,19.491504
9.945350,18.378382
9.218817,19.889781
7.967223,20.418400
8.949298,18.306050
9.327911,18.121002
9.186385,18.769262
8.570963,18.491159
9.399123,19.245496
14.408256,14.408503
14.110663,14.706176
15.207039,14.612539
14.733703,14.765924
14.706026,14.110800
16.725167,14.165672
15.156654,15.126018
15.818938,15.177709
15.863517,13.992431
15.377378,14.133503
15.177503,15.819085
14.484740,15.767246
8.138796,19.609699
8.635039,19.638016
8.389786,20.253487
7.275614,19.874651
8.371483,19.148391
7.774145,19.964110
7.544882,20.583102
15.548805,13.169542
15.276426,13.491169
16.362411,13.306890
15.903070,13.498798
15.821343,12.847897
17.837776,12.736330
16.353752,13.822898
17.018204,13.819787
16.965071,12.634746
16.492177,12.815313
16.432210,14.511516
15.736489,14.517707
7.407035,18.982693
7.799543,18.829385
7.623057,19.460974
7.014692,19.135903
7.955295,19.204020
6.253821,21.006746
16.583328,11.840331
16.338723,12.183148
17.405444,11.910292
16.963442,12.139472
16.828117,11.497583
18.828380,11.219553
17.439523,12.425201
18.101304,12.367306
17.950186,11.190292
17.493926,11.409596
17.574292,13.105312
16.881991,13.168550
6.489411,20.207742
6.984892,20.279856
6.688582,20.877254
5.609002,20.408309
6.766833,19.772303
6.100244,20.536510
5.819348,21.136091
17.504200,10.430558
17.288635,10.792524
18.329007,10.432147
17.907673,10.697025
17.719920,10.068693
19.690351,9.626236
18.405789,10.942411
19.060393,10.829923
18.812814,9.669933
18.376199,9.925939
18.596412,11.609136
17.911849,11.729240
5.814176,19.529797
6.218035,19.409312
5.410481,19.650112
4.497726,21.451708
18.305740,8.949422
18.120752,9.327948
19.127989,8.883045
18.729862,9.181758
18.490831,8.571017
20.418022,7.967397
19.246257,9.385240
19.889527,9.218949
19.547095,8.083451
19.133112,8.374646
19.491207,10.033496
18.818656,10.210080
5.986063,20.024310
6.344202,19.798310
4.798649,20.675555
5.286227,20.788045
4.941689,21.358593
3.904428,20.801965
5.110497,20.264015
4.383299,20.970456
4.054126,21.544695
18.982295,7.407184
18.829175,7.799720
19.796329,7.273180
19.424199,7.603716
19.135517,7.014796
21.006304,6.253981
19.955543,7.763937
20.582838,7.544991
20.147944,6.441684
19.759410,6.766059
20.253209,8.389771
19.597613,8.621260
4.181569,19.943347
4.593941,19.856722
3.769307,20.029744
2.710922,21.749684
19.529320,5.814270
19.409073,6.218154
20.329536,5.613579
19.985924,5.973685
19.649631,5.410567
21.451135,4.497822
20.528576,6.089532
21.135749,5.819410
20.611298,4.755929
20.250901,5.111276
20.876844,6.688536
20.242604,6.973408
4.312294,20.450477
4.687443,20.254594
3.075251,21.001623
3.551743,21.153910
3.161078,21.693809
2.173865,21.053102
3.419569,20.616808
2.636944,21.260808
2.261225,21.805693
19.942761,4.181670
19.856360,4.594081
20.723869,3.915371
20.411150,4.302785
20.029068,3.769396
21.749109,2.710957
20.961431,4.373443
21.544188,4.054127
20.933308,3.037250
20.603573,3.421436
21.358091,4.941589
20.749555,5.278027
2.520477,20.220789
2.938520,20.168297
2.102437,20.272921
0.905758,21.899264
20.220092,2.520617
20.167807,2.938620
20.975883,2.190856
20.696608,2.602448
20.272158,2.102553
21.898588,0.905839
21.250884,2.627500
21.804926,2.261100
21.112975,1.298910
20.816031,1.708510
21.693136,3.161015
21.114575,3.545970
2.609459,20.736849
2.999012,20.572170
1.330039,21.182771
1.792554,21.374241
1.358738,21.880579
0.000000,20.953508
0.841973,20.360045
0.509260,20.373510
1.706101,20.829134
1.262976,20.342500
0.627201,21.271134
1.012478,21.483006
0.452744,21.918074
0.000000,21.444654
0.465177,20.835012
0.973992,20.833389
20.359220,0.842045
20.341631,1.263083
21.163706,0.000000
20.372764,0.509255
21.298596,0.655826
21.487822,1.063746
20.850300,0.868395
21.917249,0.452600
21.443633,0.000000
20.884063,0.000000
20.791671,0.431450
21.334989,1.790895
