26.671226,0.000000
26.576592,2.202469
26.303271,4.388872
25.850611,6.546939
25.221093,8.659601
24.419918,10.712906
23.451749,12.692848
22.323289,14.586165
21.042982,16.379565
19.617853,18.062132
18.060503,19.619362
16.377181,21.045107
14.584266,22.325387
12.692896,23.452523
10.711361,24.420313
8.658529,25.222014
6.545764,25.851135
4.389188,26.303579
2.202344,26.578197
-0.000000,26.672672
-0.000000,27.869039
2.303352,27.772407
4.588002,27.488654
6.842088,27.015880
9.049820,26.358444
11.195011,25.521276
13.264850,24.509690
15.243874,23.330947
17.118117,21.992029
18.875024,20.503786
20.503916,18.874322
21.992005,17.117520
23.330606,15.243191
24.509335,13.263973
25.520989,11.195085
26.358230,9.049296
27.015870,6.841199
27.488070,4.588410
27.772899,2.301817
27.867714,-0.000000
13.642302,22.895190
14.256336,23.926088
13.481448,23.682923
13.171760,23.174318
14.387499,23.084113
13.809042,23.229268
14.113602,22.612415
16.183719,22.667068
14.081759,23.570053
14.753196,23.628297
15.387297,22.492826
14.811621,22.628043
14.990883,22.999311
14.580123,23.350798
13.760215,24.221247
12.232332,25.021347
15.485724,21.690377
15.040442,22.007856
16.246301,21.819945
15.678606,22.011971
15.932735,21.370800
18.000027,21.253321
15.977278,22.328715
16.654971,22.330165
17.192520,21.145099
16.627870,21.328837
15.713637,23.002549
12.507117,24.252358
11.447443,24.744777
17.223910,20.336581
16.806581,20.691091
17.992961,20.403917
17.443179,20.641557
17.644432,19.981649
19.693519,19.693810
17.766533,20.933375
18.441784,20.878905
18.880300,19.653254
18.332931,19.882728
17.558087,21.626634
16.838526,21.682783
13.110486,24.144008
12.752840,24.766430
12.875613,23.793221
11.712096,25.274722
10.123732,25.946074
11.704955,23.942263
12.199699,23.701514
11.893002,24.298704
11.213749,24.184578
12.050859,24.674641
18.844367,18.845171
18.457862,19.232526
19.615159,18.848542
19.087520,19.130550
19.233154,18.456953
21.252289,18.000584
19.434445,19.394226
20.103129,19.284651
20.438129,18.027368
19.911812,18.301148
19.284040,20.103160
18.572555,20.217497
10.470390,25.227266
11.063441,25.161178
10.665165,25.734039
9.372201,25.599777
10.836441,24.789123
9.967218,25.592976
9.584628,26.155197
20.336045,17.224857
19.982263,17.643286
21.105103,17.164414
20.602441,17.489028
20.691868,16.805448
22.666124,16.184405
20.969333,17.723421
21.626926,17.558957
21.857319,16.278122
21.355186,16.594096
20.878678,18.441999
20.177530,18.615492
9.687868,24.827743
10.199164,24.626414
9.869065,25.192664
9.177907,25.027767
10.321393,24.914752
7.945745,26.693551
21.689023,15.486132
21.371428,15.932634
22.450488,15.363107
21.976009,15.727909
22.008985,15.039878
23.924908,14.257528
22.361301,15.931444
23.002844,15.713357
23.126592,14.417587
22.652418,14.773968
22.329920,16.655352
21.646113,16.885614
8.349877,26.000099
8.948873,25.985586
8.503289,26.527264
7.225124,26.286745
8.759498,25.597057
7.821658,26.327106
7.392167,26.857287
22.893692,13.642308
22.613730,14.113990
23.642043,13.456976
23.199624,13.859324
23.175633,13.171435
25.020525,12.232805
23.600419,14.030392
24.221618,13.760087
24.238122,12.458924
23.795165,12.852917
23.628827,14.754597
22.966733,15.040349
7.604664,25.543129
8.131318,25.384105
7.079644,25.700381
5.713907,27.258869
23.942300,11.705223
23.701931,12.198781
24.672656,11.458805
24.265121,11.896369
24.183799,11.212847
25.945345,10.124977
24.678210,12.033833
25.275121,11.712813
25.184203,10.414980
24.775232,10.844082
24.766487,12.752724
24.129809,13.092774
7.750227,25.922513
8.230089,25.683632
6.174245,26.601775
6.771927,26.636240
6.283609,27.139075
5.029564,26.793946
6.615174,26.233094
5.620478,26.883160
5.149444,27.376219
24.827207,9.688177
24.628209,10.199973
25.534538,9.382307
25.164842,9.851903
25.027138,9.177804
26.692846,7.947766
25.587735,9.955078
26.155956,9.585540
25.958139,8.299839
25.586215,8.760952
25.734918,10.664101
25.128654,11.055482
5.469242,26.084102
6.006931,25.968990
4.932819,26.196925
3.442787,27.636859
25.542534,7.604270
25.386471,8.131674
26.222561,7.241761
25.892358,7.739824
25.699711,7.079488
27.257984,5.715508
26.322232,7.807963
26.858157,7.392951
26.554737,6.127541
26.222619,6.618269
26.527496,8.502143
25.955822,8.942573
5.583370,26.473876
6.080933,26.275607
3.956707,27.020708
4.549033,27.104855
4.021139,27.565735
2.799896,27.116952
4.426569,26.690119
3.381922,27.255209
2.872260,27.708606
26.083594,5.469332
25.971040,6.007556
26.730802,5.050609
26.443955,5.574657
26.195145,4.933101
27.637670,3.444344
26.877231,5.608048
27.376668,5.149566
26.970732,3.913013
26.678985,4.430811
27.139377,6.282337
26.605974,6.768258
3.297351,26.447358
3.841547,26.376324
2.752804,26.513936
1.151007,27.826669
26.446861,3.298240
26.378249,3.841879
27.055406,2.826626
26.814875,3.371550
26.513236,2.753456
27.828233,1.152604
27.249150,3.370090
27.707479,2.871020
27.200493,1.674134
26.954803,2.213008
27.565469,4.020647
27.073467,4.546615
3.378491,26.845575
3.890214,26.687288
1.711221,27.255279
2.295406,27.387492
1.728552,27.804446
0.000000,27.096537
1.100917,26.629226
0.665224,26.644640
2.208745,26.965647
1.649635,26.604955
0.804511,27.341292
1.298118,27.498691
0.572652,27.850685
0.000000,27.478450
0.607140,27.003050
1.261394,26.992624
26.628775,1.101573
26.603623,1.650665
27.258793,0.000000
26.645121,0.665110
27.364098,0.842825
27.501059,1.363869
27.008182,1.124714
27.850153,0.570671
27.476267,0.000000
27.043886,0.000000
26.970432,0.564287
27.357100,2.295323
