23.164856,-0.000000
23.083508,1.912915
22.846178,3.812213
22.453227,5.686281
21.906536,7.521180
21.210620,9.304618
20.369736,11.024321
19.389676,12.668822
18.277680,14.226504
17.039732,15.688015
15.687058,17.040645
14.225186,18.278938
12.667779,19.390963
11.024284,20.370316
9.303784,21.210902
7.520612,21.907208
5.685680,22.453732
3.812333,22.846617
1.912747,23.084790
0.000000,23.166144
-0.000000,24.534592
2.027072,24.449356
4.038794,24.199358
6.023137,23.783098
7.966624,23.204267
9.855250,22.467281
11.677104,21.576747
13.419331,20.539228
15.069457,19.360563
16.616179,18.050312
18.050253,16.615933
19.360425,15.069212
20.538842,13.419067
21.576437,11.676682
22.467095,9.855287
23.204100,7.966247
23.782962,6.022536
24.198907,4.038764
24.449246,2.026049
24.533159,-0.000000
11.847944,19.883826
12.549147,21.060834
11.789857,20.711696
11.438106,20.127338
12.575222,20.176777
12.045395,20.262272
12.258304,19.638291
14.245732,19.952672
12.342737,20.659602
12.985662,20.799980
13.457059,19.671287
12.922893,19.742924
13.139203,20.159038
12.789211,20.484316
12.113152,21.320310
10.767293,22.024999
13.449051,18.837527
13.060988,19.114315
14.200184,19.072345
13.676616,19.200702
13.838007,18.559642
15.844498,18.708157
14.004152,19.571766
14.659545,19.656994
15.035624,18.492703
14.507866,18.609511
13.832706,20.247503
10.942100,21.218345
10.012388,21.643711
14.958706,17.661890
14.594807,17.970721
15.727325,17.834648
15.215895,18.005342
15.324294,17.353019
17.335201,17.335542
15.572357,18.348617
16.232379,18.379499
16.511673,17.187753
15.995427,17.347717
15.456641,19.036079
14.759109,19.005053
11.493828,21.166762
11.224167,21.801404
11.234864,20.761565
10.310671,22.247724
8.911367,22.838954
10.165437,20.793603
10.595593,20.583825
10.377511,21.202958
9.737278,21.003991
10.563092,21.628772
16.366032,16.366531
16.029167,16.703901
17.145101,16.474983
16.650197,16.687216
16.704186,16.028811
18.707476,15.844920
17.034476,16.999641
17.694893,16.976104
17.874167,15.765836
17.373040,15.967727
16.975723,17.694848
16.278995,17.720668
9.163122,22.077938
9.700709,22.061851
9.386119,22.653409
8.197026,22.390819
9.456278,21.630866
8.736818,22.434957
8.438118,23.022943
17.661555,14.959234
17.353215,15.323750
18.447599,15.002891
17.971678,15.255268
17.971056,14.594411
19.951999,14.246209
18.379862,15.535089
19.036253,15.457181
19.115336,14.236028
18.632466,14.478373
18.379269,16.232460
17.685794,16.316400
8.413525,21.562393
8.858754,21.387774
8.611489,21.983564
7.969328,21.736310
8.997346,21.718837
6.994547,23.496929
18.836646,13.449262
18.559794,13.838047
19.623584,13.428386
19.169936,13.719048
19.114832,13.060809
21.060097,12.549879
19.600065,13.964318
20.247603,13.832568
20.225403,12.608720
19.764296,12.890265
19.656719,14.659681
18.973126,14.800126
7.306797,22.752819
7.846709,22.783908
7.483135,23.351436
6.319259,22.991824
7.643800,22.335825
6.855886,23.078328
6.508089,23.641209
19.882834,11.847938
19.638818,12.258531
20.665040,11.762092
20.237221,12.089051
20.127981,11.437941
22.024430,10.767665
20.686172,12.297949
21.320478,12.113111
21.197487,10.895746
20.761281,11.214133
20.800065,12.986393
20.130641,13.182633
6.604282,22.183766
7.062625,22.046098
6.147053,22.320359
5.030130,23.994548
20.793450,10.165601
20.584004,10.595115
21.565911,10.015570
21.166554,10.376729
21.003621,9.736880
22.838448,8.912189
21.630854,10.547913
22.247894,10.311105
22.024841,9.108195
21.616428,9.461480
21.801263,11.224119
21.150012,11.475460
6.762411,22.620230
7.174739,22.389873
5.402955,23.279433
5.938145,23.354544
5.529200,23.889886
4.398892,23.435370
5.772695,22.890988
4.926412,23.565828
4.533796,24.098112
21.561930,8.413819
21.388585,8.859261
22.319319,8.200557
21.951311,8.593340
21.735944,7.969351
23.496434,6.995639
22.428051,8.725801
23.023311,8.438619
22.701760,7.258383
22.323974,7.644021
22.653658,9.385571
22.025532,9.689779
4.749765,22.653564
5.217663,22.554143
4.282667,22.751569
3.031338,24.327486
22.183251,6.604230
22.047170,7.062843
22.920543,6.329443
22.586024,6.751140
22.319892,6.147025
23.993862,5.030985
23.071926,6.843856
23.641579,6.508525
23.223610,5.358717
22.879256,5.774525
23.351242,7.482598
22.750458,7.837758
4.871645,23.101464
5.301132,22.905868
3.462468,23.646252
3.989324,23.765517
3.537535,24.265198
2.448888,23.718031
3.862727,23.289709
2.963987,23.892005
2.528846,24.390480
22.652992,4.749924
22.554991,5.218092
23.364953,4.414496
23.066855,4.862640
22.750432,4.282830
24.327635,3.031992
23.558318,4.915411
24.098121,4.533941
23.586954,3.422160
23.277555,3.865700
23.889691,5.528545
23.320241,5.932162
2.863284,22.968876
3.337195,22.908006
2.389349,23.027295
1.013180,24.494800
22.968270,2.863854
22.908696,3.337448
23.648705,2.470356
23.390030,2.940932
23.026465,2.389785
24.495078,1.013959
23.884010,2.953464
24.389493,2.528206
23.788541,1.463795
23.517934,1.930512
24.264585,3.537326
23.730243,3.985109
2.947826,23.425474
3.391457,23.264884
1.497288,23.851005
2.013219,24.013190
1.520636,24.474742
0.000000,23.656306
0.956047,23.127045
0.577781,23.141063
1.927207,23.529935
1.433747,23.106198
0.705122,23.937684
1.137810,24.122603
0.505350,24.515838
0.000000,24.092733
0.527727,23.550587
1.100585,23.544756
23.126245,0.956428
23.104962,1.434297
23.842227,0.000000
23.140824,0.577707
23.962649,0.738010
24.126020,1.195353
23.560730,0.981382
24.515043,0.504338
24.090830,0.000000
23.595319,0.000000
23.512462,0.490011
23.978348,2.012272
