22.998754,0.000000
22.918067,1.899204
22.682443,3.784907
22.292326,5.645524
21.749559,7.467271
21.058629,9.237927
20.223773,10.945308
19.250744,12.578026
18.146721,14.124545
16.917639,15.575585
15.574658,16.918527
14.123276,18.147942
12.577023,19.251997
10.945263,20.224355
9.237125,21.058922
7.466723,21.750233
5.644948,22.292847
3.785013,22.682910
1.899035,22.919351
-0.000000,23.000052
-0.000000,24.377834
2.014077,24.293158
4.012966,24.044742
5.984631,23.631139
7.915697,23.056000
9.792266,22.323722
11.602460,21.438875
13.333560,20.407992
14.973148,19.236863
16.509989,17.934979
17.934904,16.509770
19.236710,14.972926
20.407596,13.333319
21.438555,11.602067
22.323522,9.792307
23.055815,7.915336
23.630974,5.984053
24.044273,4.012924
24.292994,2.013090
24.376388,0.000000
11.762964,19.741208
12.468891,20.926138
11.710045,20.571523
11.356002,19.983038
12.489693,20.039571
11.962068,20.122090
12.170427,19.497448
14.154625,19.825065
12.260788,20.522460
12.902571,20.667020
13.365995,19.538179
12.833672,19.606640
13.051951,20.025208
12.704855,20.349308
12.035711,21.183943
10.698421,21.884138
13.352594,18.702420
12.967245,18.977279
14.103620,18.942684
13.582030,19.067882
13.738790,18.426515
15.743163,18.588506
13.911171,19.441858
14.565736,19.531326
14.933861,18.367578
14.407720,18.481063
13.744270,20.117995
10.868279,21.075246
9.944687,21.497431
14.851426,17.535225
14.490061,17.841885
15.620403,17.713404
15.110667,17.880795
15.214397,17.228538
17.224331,17.224676
15.468959,18.226822
16.128510,18.261998
16.399922,17.071442
15.885008,17.227972
15.357843,18.914305
14.661130,18.878883
11.417666,21.026494
11.152303,21.662016
11.157367,20.618364
10.244782,22.105431
8.854380,22.692886
10.092527,20.644488
10.519607,20.436185
10.305928,21.056725
9.667354,20.853361
10.492988,21.485250
16.248657,16.249148
15.914144,16.584144
17.028531,16.362970
16.535041,16.571782
16.584400,15.913824
18.587837,15.743580
16.921380,16.886805
17.581674,16.867575
17.753199,15.659147
17.253111,15.857506
16.867198,17.581641
16.170924,17.603021
9.101473,21.929414
9.636513,21.915851
9.325988,22.508588
8.141588,22.239445
9.391086,21.481693
8.678840,22.286156
8.384214,22.875703
17.534889,14.851941
17.228702,15.213894
18.322181,14.900886
17.847383,15.149735
17.842183,14.489705
19.824400,14.155092
18.257835,15.431973
18.914457,15.358370
18.985969,14.139692
18.503847,14.378436
18.261761,16.128596
17.568384,16.208071
8.353180,21.407753
8.795261,21.234405
8.552087,21.831984
7.912093,21.580430
8.934762,21.567799
6.949837,23.346657
18.701554,13.352803
18.426633,13.738843
19.490171,13.337083
19.037357,13.624142
18.977749,12.967090
20.925411,12.469600
19.469943,13.871626
20.118069,13.744146
20.088522,12.523386
19.627862,12.801288
19.531040,14.565870
18.847174,14.701861
7.257605,22.599674
7.794790,22.633081
7.435179,23.202136
6.276525,22.836397
7.591099,22.181785
6.810377,22.925252
6.466525,23.490029
19.740235,11.762964
19.497922,12.170651
20.524541,11.682106
20.097253,12.005416
19.983627,11.355852
21.883570,10.698786
20.548837,12.216315
21.184082,12.035679
21.054026,10.822002
20.617959,11.136725
20.667072,12.903274
19.997002,13.095100
6.556911,22.024673
7.012000,21.888027
6.102889,22.160288
4.997992,23.841096
20.644313,10.092691
20.436333,10.519159
21.419287,9.947460
21.020152,10.304935
20.852989,9.666985
22.692378,8.855174
21.487245,10.477895
22.105568,10.245203
21.875779,9.046547
21.467204,9.396172
21.661852,11.152263
21.009599,11.399254
6.715753,22.464245
7.124856,22.234218
5.366584,23.122749
5.898870,23.199952
5.493738,23.737138
4.369141,23.276941
5.732900,22.733132
4.893704,23.409524
4.504851,23.944018
21.407281,8.353472
21.235148,8.795755
22.167576,8.144786
21.799476,8.533882
21.580055,7.912125
23.346155,6.950880
22.279148,8.667876
22.876029,8.384695
22.548120,7.209251
22.169864,7.591264
22.508793,9.325471
21.879306,9.625429
4.715697,22.491100
5.180276,22.392435
4.251883,22.588406
3.011999,24.171923
22.024147,6.556874
21.889013,7.012214
22.764705,6.286388
22.429803,6.704431
22.159811,6.102871
23.840402,4.998807
22.918754,6.798427
23.490351,6.466942
23.066445,5.322450
22.721312,5.734671
23.201911,7.434672
22.599414,7.785702
4.838028,22.942169
5.264274,22.746624
3.439161,23.487114
3.962960,23.608210
3.514809,24.110035
2.432334,23.557703
3.836095,23.129097
2.944292,23.733544
2.512700,24.234499
22.490510,4.715858
22.393200,5.180693
23.206101,4.384476
22.907289,4.829003
22.587280,4.252043
24.172013,3.012612
23.401915,4.882772
23.943983,4.504991
23.427302,3.399003
23.116867,3.839006
23.736906,5.493116
23.165410,5.892766
2.842729,22.804144
3.313300,22.743765
2.372141,22.862180
1.006699,24.338176
22.803511,2.843282
22.744370,3.313549
23.487932,2.453544
23.228201,2.920593
22.861327,2.372565
24.338369,1.007437
23.725424,2.933832
24.233501,2.512087
23.627563,1.453874
23.355566,1.917170
24.109393,3.514609
23.572702,3.958657
2.927487,23.263923
3.367885,23.103153
1.487211,23.690457
1.999926,23.854237
1.510866,24.318208
0.000000,23.493863
0.949197,22.961187
0.573657,22.975156
1.913915,23.367652
1.423512,22.940519
0.700434,23.777205
1.130259,23.963593
0.502182,24.359076
0.000000,23.933240
0.523971,23.387464
1.092983,23.381867
22.960352,0.949562
22.939272,1.424040
23.681054,0.000000
22.974859,0.573585
23.802270,0.733065
23.967051,1.187419
23.397854,0.974602
24.358249,0.501219
23.931344,0.000000
23.432396,0.000000
23.349026,0.486497
23.819133,1.998938
