28.916392,-0.000000
28.813696,2.388010
28.517384,4.758303
28.026576,7.098225
27.344045,9.388803
26.475453,11.614918
25.425772,13.761532
24.202279,15.814219
22.814176,17.758573
21.269179,19.582688
19.580736,21.270956
17.755617,22.816732
15.811876,24.204738
13.761648,25.426581
11.612924,26.475922
9.387383,27.345068
7.096640,28.027103
4.758643,28.517665
2.387924,28.815490
0.000000,28.917914
0.000000,30.024492
2.481832,29.920870
4.942860,29.615219
7.371394,29.105903
9.749990,28.397625
12.061109,27.495678
14.291264,26.405793
16.423452,25.135711
18.442557,23.693232
20.335353,22.089933
22.090210,20.334357
23.693289,18.441783
25.135466,16.422515
26.405424,14.290176
27.495285,12.061299
28.397341,9.749530
29.105922,7.370503
29.614462,4.943703
29.921631,2.480184
30.023424,-0.000000
14.791577,24.823699
15.360050,25.778337
14.570004,25.595041
14.282113,25.125766
15.553346,24.954306
14.941983,25.135062
15.301670,24.517308
17.436637,24.421760
15.202585,25.445894
15.895956,25.456661
16.629554,24.308677
16.025214,24.481744
16.184442,24.830016
15.735032,25.199416
14.824843,26.096686
13.179499,26.958310
16.790170,23.517457
16.308259,23.860983
17.562585,23.587476
16.964718,23.817791
17.274148,23.171282
19.393553,22.898641
17.248999,24.105640
17.944968,24.058241
18.580564,22.852138
17.990067,23.076092
16.929444,24.783681
13.514529,26.205495
12.371016,26.740765
18.674724,22.049648
18.223178,22.433279
19.450493,22.056747
18.874046,22.334991
19.130142,21.665255
21.218143,21.218304
19.180725,22.599305
19.870109,22.494619
20.404629,21.239963
19.834881,21.511515
18.916556,23.301454
18.178931,23.408739
14.152811,26.063258
13.741111,26.683174
13.930025,25.741180
12.617995,27.231659
10.907666,27.954650
12.691031,25.958780
13.226799,25.698359
12.866853,26.287729
12.159398,26.221493
13.009813,26.637781
20.431699,20.432613
20.013372,20.851906
21.204217,20.375415
20.653273,20.700085
20.852631,20.012168
22.897449,19.394140
20.981283,20.937588
21.659958,20.776981
22.088163,19.482816
21.543073,19.800424
20.776218,21.660157
20.050975,21.826847
11.312144,27.254870
11.942090,27.159466
11.491968,27.725514
10.128567,27.665113
11.723338,26.818554
10.760273,27.628471
10.325738,28.180185
22.048997,18.675919
21.666082,19.128727
22.814712,18.554920
22.292463,18.923957
22.434232,18.221593
24.420747,17.437369
22.638303,19.133870
23.301715,18.917581
23.621930,17.592367
23.104635,17.953522
22.494410,19.870479
21.783684,20.097398
10.504182,26.919006
11.057448,26.700694
10.677144,27.254616
9.951986,27.135689
11.171501,26.966854
8.560816,28.760023
23.515901,16.790712
23.172188,17.273989
24.269095,16.607683
23.778638,17.018398
23.862366,16.307477
25.776923,15.361457
24.140971,17.199333
24.784002,16.929137
24.993641,15.581732
24.508137,15.984340
24.058021,17.945571
23.369090,18.229851
9.021483,28.090711
9.659558,28.049774
9.162797,28.580218
7.808139,28.407421
9.476431,27.692610
8.444129,28.421095
7.963676,28.936452
24.822045,14.791592
24.519035,15.302187
25.557185,14.547265
25.102658,14.996539
25.127320,14.281761
26.957407,13.179960
25.478695,15.147024
26.097073,14.824710
26.194907,13.464952
25.744514,13.905922
25.457496,15.897750
24.794847,16.237777
8.245508,27.694593
8.815558,27.522043
7.676963,27.865053
6.156104,29.369147
25.959026,12.691362
25.698819,13.225694
26.671244,12.387200
26.255621,12.872590
26.220366,12.158219
27.953844,10.909015
26.642283,12.991572
27.232081,12.618860
27.217411,11.256007
26.804850,11.732492
26.683360,13.741001
26.050525,14.135229
8.384994,28.044286
8.907661,27.798671
6.670893,28.740717
7.309578,28.752072
6.771341,29.239459
5.435462,28.955604
7.156554,28.380658
6.067785,29.021382
5.547413,29.495490
26.918513,10.504446
26.703036,11.058438
27.602930,10.142461
27.229178,10.660449
27.134823,9.951816
28.759204,8.563316
27.624196,10.747402
28.181070,10.326889
28.053782,8.970090
27.682298,9.478695
27.726827,11.490701
27.128848,11.935770
5.930160,28.281152
6.512272,28.156171
5.349291,28.403467
3.708842,29.776379
27.694010,8.244857
27.525142,8.816019
28.346789,7.828622
28.016295,8.374988
27.864228,7.676790
29.368165,6.158087
28.417112,8.429399
28.937540,7.964607
28.698520,6.622406
28.370801,7.160446
28.580830,9.161306
28.021925,9.654721
6.040712,28.640741
6.581593,28.439458
4.274928,29.193274
4.909960,29.257838
4.333908,29.699271
3.025854,29.304635
4.788926,28.875096
3.651259,29.423070
3.094239,29.853657
28.280746,5.930160
28.158892,6.512954
28.896091,5.459796
28.613318,6.032115
28.401286,5.349675
29.777476,3.711031
29.016362,6.054447
29.496139,5.547411
29.148340,4.228895
28.864472,4.793935
29.240147,6.769724
28.723886,7.307193
3.575416,28.675150
4.164400,28.597760
2.985637,28.746985
1.240079,29.980698
28.674691,3.576455
28.600363,4.164778
29.247073,3.055791
29.014797,3.648301
28.746407,2.986381
29.982962,1.242141
29.418011,3.638618
29.852465,3.092581
29.396275,1.809573
29.162940,2.394587
29.699351,4.333132
29.228426,4.908645
3.655271,29.043043
4.210463,28.884996
1.849154,29.446987
2.477362,29.563037
1.863058,29.956831
0.000000,29.308004
1.193872,28.872127
0.721484,28.888738
2.389779,29.173233
1.787672,28.845925
0.868507,29.533217
1.401450,29.675898
0.616137,30.006656
-0.000000,29.661381
0.658074,29.220612
1.364619,29.207457
28.871910,1.194642
28.844574,1.789035
29.457965,0.000000
28.889582,0.721334
29.554931,0.910278
29.677749,1.472529
29.222926,1.216657
30.006266,0.613575
29.659182,0.000000
29.259568,0.000000
29.190929,0.611897
29.534940,2.477845
