26.750111,0.000000
26.655188,2.208986
26.381058,4.401849
25.927057,6.566305
25.295676,8.685217
24.492132,10.744593
23.521100,12.730391
22.389300,14.629306
21.105206,16.428009
19.675865,18.115549
18.113910,19.677382
16.425606,21.107344
14.627392,22.391409
12.730442,23.521871
10.743034,24.492524
8.684134,25.296595
6.565116,25.927574
4.402167,26.381358
2.208862,26.656793
-0.000000,26.751551
-0.000000,27.944527
2.309604,27.847646
4.600433,27.563127
6.860628,27.089074
9.074343,26.429857
11.225345,25.590422
13.300799,24.576094
15.285186,23.394152
17.164503,22.051608
18.926170,20.559335
20.559473,18.925455
22.051590,17.163898
23.393818,15.284492
24.575743,13.299912
25.590137,11.225421
26.429648,9.073819
27.089072,6.859736
27.562546,4.600854
27.848156,2.308063
27.943217,-0.000000
13.682677,22.962940
14.294991,23.990957
13.519631,23.749989
13.210769,23.242871
14.428398,23.149718
13.848805,23.296154
14.155343,22.679332
16.227599,22.728521
14.121054,23.635814
14.793218,23.692330
15.430870,22.556515
14.854211,22.693095
15.032726,23.063488
14.620606,23.415591
13.797504,24.286927
12.265504,25.089182
15.531551,21.754562
15.084982,22.072956
16.292477,21.881948
15.723744,22.075347
15.979864,21.434050
18.048833,21.310944
16.021863,22.391008
16.700151,22.390685
17.241208,21.204971
16.675675,21.390153
15.756221,23.064926
12.542451,24.320856
11.479838,24.814781
17.274879,20.396760
16.856349,20.752295
18.044091,20.461896
17.493398,20.700989
17.696631,20.040793
19.746917,19.747201
17.816113,20.991777
18.491809,20.935491
18.933768,19.708907
18.385641,19.939887
17.605666,21.685287
16.885517,21.743288
13.147024,24.211286
12.787452,24.833557
12.912614,23.861579
11.743825,25.343256
10.151185,26.016418
11.739596,24.013103
12.235786,23.771661
11.927178,24.368505
11.246971,24.256135
12.084478,24.743462
18.900132,18.900938
18.512510,19.289416
19.670904,18.902103
19.142473,19.185633
19.290052,18.511587
21.309908,18.049389
19.488675,19.448331
20.157656,19.336916
20.496007,18.078416
19.969060,18.353762
19.336303,20.157687
18.624385,20.273915
10.499910,25.298372
11.094241,25.231222
10.694124,25.803783
9.398730,25.672214
10.867565,24.860339
9.995021,25.664332
9.610585,26.226114
20.396224,17.275833
20.041419,17.695471
21.165077,17.213191
20.661756,17.539388
20.753083,16.855196
22.727577,16.228286
21.027846,17.772866
21.685583,17.606540
21.919215,16.324218
21.416583,16.641802
20.935268,18.492026
20.233838,18.667442
9.716544,24.901208
10.229319,24.699281
9.897424,25.265022
9.205102,25.101818
10.351234,24.986780
7.967285,26.765922
21.753204,15.531961
21.434693,15.979757
22.514286,15.406766
22.039277,15.773199
22.074101,15.084407
23.989773,14.296190
22.423694,15.975892
23.065228,15.755937
23.192083,14.458418
22.717544,14.816443
22.390445,16.700537
21.706517,16.932738
8.373430,26.073415
8.973785,26.057942
8.526387,26.599162
7.245574,26.361122
8.784657,25.670593
7.843480,26.400512
7.412183,26.930101
22.961439,13.682682
22.680668,14.155733
23.709228,13.495223
23.266415,13.899235
23.244203,13.210440
25.088362,12.265976
23.666270,14.069538
24.287305,13.797373
24.306760,12.494210
23.863578,12.889870
23.692875,14.794632
23.030823,15.082327
7.627176,25.618709
8.155359,25.459208
7.100629,25.776425
5.729392,27.332774
24.013152,11.739866
23.772087,12.234859
24.742769,11.491373
24.334982,11.930630
24.255351,11.246058
26.015691,10.152436
24.747069,12.067408
25.343663,11.744546
25.255522,10.444479
24.846462,10.875258
24.833624,12.787335
24.197146,13.129318
7.772503,25.996971
8.253874,25.757868
6.191662,26.676786
6.790774,26.710405
6.300691,27.212634
5.043801,26.869760
6.634172,26.308455
5.636161,26.958117
5.163382,27.450438
24.900679,9.716851
24.701103,10.230134
25.607099,9.408974
25.237295,9.880279
25.101188,9.204995
26.765219,7.969323
25.659132,9.982855
26.226885,9.611505
26.031648,8.323348
25.659778,8.786139
25.804683,10.693050
25.198778,11.086342
5.485433,26.161284
6.024686,26.045823
4.947450,26.274440
3.452104,27.711786
25.618121,7.626773
25.461608,8.155718
26.297081,7.262349
25.966904,7.762115
25.775757,7.100471
27.331891,5.731007
26.395677,7.829748
26.930987,7.412973
26.629934,6.144897
26.298011,6.637295
26.599412,8.525228
26.028256,8.967539
5.599420,26.549916
6.098508,26.351556
3.967867,27.096897
4.561684,27.180323
4.032092,27.640455
2.807821,27.193679
4.439285,26.766793
3.391365,27.331203
2.880035,27.783728
26.160785,5.485520
26.047904,6.025313
26.806763,5.064963
26.520096,5.590711
26.272653,4.947734
27.712616,3.453683
26.952228,5.623698
27.450901,5.163501
27.047117,3.924093
26.755686,4.443554
27.212956,6.299405
26.680225,6.787151
3.307119,26.525619
3.852891,26.454360
2.760983,26.592382
1.154127,27.902104
26.525131,3.308014
26.456318,3.853225
27.132292,2.834666
26.892090,3.381261
26.591693,2.761639
27.903702,1.155741
27.325189,3.379503
27.782605,2.878780
27.277514,1.678884
27.032300,2.219379
27.640208,4.031591
27.149016,4.559306
3.388204,26.922689
3.901456,26.764425
1.716056,27.332140
2.301784,27.463750
1.733262,27.879826
0.000000,27.174129
1.104180,26.708019
0.667198,26.723471
2.215096,27.043115
1.654487,26.683677
0.806755,27.418153
1.301741,27.575000
0.574175,27.926188
-0.000000,27.554966
0.608929,27.080877
1.265017,27.070353
26.707583,1.104842
26.682351,1.655529
27.335928,0.000000
26.723974,0.667083
27.440925,0.845191
27.577357,1.367679
27.085914,1.127942
27.925669,0.572173
27.552788,0.000000
27.121648,0.000000
27.048377,0.565960
27.433452,2.301721
