20.132217,0.000000
20.063624,1.662547
19.857305,3.313692
19.516079,4.942221
19.040983,6.537011
18.436031,8.087102
17.705228,9.581914
16.853607,11.011395
15.887236,12.365294
14.811165,13.635650
13.635446,14.811394
12.365099,15.887513
11.011237,16.853917
9.581820,17.705535
8.086985,18.436356
6.536920,19.041381
4.942143,19.516528
3.313656,19.857817
1.662514,20.064235
0.000000,20.132854
-0.000000,21.693291
1.791415,21.618783
3.570578,21.397507
5.325301,21.029390
7.043729,20.517461
8.713961,19.865740
10.324492,19.078243
11.865183,18.160997
13.324410,17.119035
14.692124,15.960447
15.960280,14.692247
17.118833,13.324504
18.160746,11.865255
19.077967,10.324535
19.865437,8.714004
20.517111,7.043723
21.028977,5.325262
21.397012,3.570546
21.618232,1.791341
21.692640,0.000000
10.296617,17.279873
11.094878,18.619746
10.338470,18.162433
9.939303,17.492720
11.019416,17.680658
10.527929,17.709043
10.653958,17.066931
12.594857,17.640139
10.854303,18.168436
11.480088,18.390371
11.801183,17.250652
11.298403,17.261267
11.554565,17.728175
11.257756,18.033046
10.709695,18.849057
9.519275,19.472128
11.688284,16.370832
11.349867,16.612382
12.443770,16.713719
11.954240,16.781694
12.026740,16.129232
14.008339,16.539861
12.315373,17.212169
12.959716,17.379608
13.185198,16.217409
12.684559,16.270728
12.230037,17.900627
9.599987,18.616456
8.781361,18.983691
13.000389,15.349544
12.682861,15.618550
13.782527,15.629200
13.299834,15.737193
13.317991,15.080545
15.326288,15.326456
13.694451,16.136394
14.350317,16.250171
14.479665,15.072727
13.985099,15.167400
13.666365,16.829512
12.979781,16.713477
10.110831,18.619170
9.921964,19.275215
9.823983,18.153984
9.116600,19.669001
7.878857,20.191746
8.834466,18.071083
9.208189,17.888385
9.074276,18.540102
8.460839,18.253800
9.289881,19.021735
14.223425,14.223620
13.929547,14.517530
15.024853,14.437430
14.553304,14.585039
14.517363,13.929701
16.539649,14.008480
14.980439,14.950166
15.643378,15.009370
15.674570,13.825756
15.189556,13.960852
15.009212,15.643525
14.316384,15.583913
8.042567,19.377724
8.535048,19.410517
8.296528,20.028764
7.189021,19.638100
8.269377,18.914651
7.683790,19.732135
7.461262,20.354658
15.349329,13.000558
15.080356,13.318120
16.166380,13.147430
15.708340,13.333432
15.618356,12.682992
17.639893,12.594974
16.163613,13.662197
16.829338,13.666504
16.762985,12.484243
16.290725,12.658771
16.249988,14.350442
15.553581,14.348899
7.312008,18.739019
7.699513,18.587736
7.530025,19.223452
6.924559,18.890270
7.857132,18.967074
6.184493,20.773573
16.370556,11.688413
16.129008,12.026872
17.196888,11.767544
16.755711,11.990753
16.612165,11.349980
18.619466,11.094986
17.236747,12.280730
17.900412,12.230118
17.736322,11.056958
17.280202,11.270209
17.379388,12.959815
16.685759,13.015418
6.412618,19.968537
6.904033,20.044814
6.614214,20.645566
5.542254,20.165424
6.684287,19.530920
6.029320,20.297871
5.754869,20.901530
17.279560,10.296714
17.066694,10.654073
18.109331,10.307073
17.688320,10.565944
17.492479,9.939391
19.471822,9.519346
18.191729,10.815153
18.848813,10.709760
18.588630,9.554687
18.151642,9.804652
18.390133,11.480196
17.703609,11.592814
5.739579,19.279102
6.138269,19.160262
5.340945,19.397884
4.447894,21.213598
18.070779,8.834558
17.888108,9.208254
18.898709,8.776523
18.500395,9.069217
18.253485,8.460904
20.191403,7.878928
19.022388,9.276074
19.668721,9.116667
19.314157,7.987103
18.899293,8.272305
19.274934,9.922017
18.599815,10.091283
5.912997,19.779873
6.265971,19.554145
4.741880,20.430816
5.225062,20.547142
4.886700,21.121551
3.857961,20.554377
5.048167,20.016659
4.332318,20.726783
4.009211,21.305601
18.738658,7.312097
18.587447,7.699614
19.559055,7.185948
19.186216,7.510509
18.889906,6.924631
20.773176,6.184547
19.723418,7.673624
20.354346,7.461308
19.907869,6.364896
19.517957,6.683383
20.028461,8.296538
19.369688,8.520937
4.127930,19.687326
4.535042,19.601939
3.720856,19.772632
2.680922,21.508285
19.278684,5.739640
19.159932,6.138341
20.085897,5.546250
19.741086,5.900456
19.397458,5.341001
21.213123,4.447919
20.289822,6.018713
20.901159,5.754888
20.365761,4.699263
20.003466,5.048818
20.645187,6.614201
20.007188,6.892259
4.259653,20.200847
4.629637,20.004799
3.038878,20.753041
3.510690,20.908756
3.125843,21.452988
2.148032,20.802535
3.377857,20.365103
2.606242,21.013750
2.236155,21.563627
19.686839,4.127985
19.601537,4.535112
20.475550,3.868431
20.161111,4.250054
19.772108,3.720904
21.507778,2.680924
20.717693,4.322566
21.305140,4.009203
20.683918,3.001067
20.351875,3.379597
21.121107,4.886660
20.508269,5.216618
2.488118,19.961168
2.900870,19.909496
2.075367,20.012717
0.895692,21.656163
19.960618,2.488178
19.909022,2.900918
20.724638,2.164578
20.443039,2.570574
20.012139,2.075417
21.655603,0.895715
21.003774,2.596905
21.563049,2.236104
20.861563,1.283411
20.561740,1.687610
21.452455,3.125812
20.869097,3.504759
2.577623,20.483644
2.962051,20.318449
1.314349,20.931926
1.771845,21.126497
1.343571,21.637599
0.000000,20.699021
0.831231,20.098604
0.502828,20.112046
1.685299,20.574773
1.246854,20.081417
0.619876,21.020508
1.000718,21.235225
0.447802,21.674768
0.000000,21.196012
0.459283,20.579143
0.962064,20.577966
20.097993,0.831260
20.080794,1.246897
20.912054,0.000000
20.111461,0.502828
21.048460,0.648103
21.240412,1.051414
20.595206,0.857735
21.674155,0.447751
21.195330,0.000000
20.628876,0.000000
20.535466,0.425925
21.086957,1.770120
