20.187876,-0.000000
20.119033,1.667148
19.912155,3.322850
19.569987,4.955888
19.093584,6.555087
18.486966,8.109461
17.754139,9.608397
16.900154,11.041820
15.931103,12.399457
14.852056,13.673323
13.673088,14.852316
12.399225,15.931418
11.041632,16.900505
9.608292,17.754474
8.109316,18.487311
6.554974,19.094017
4.955788,19.570479
3.322807,19.912721
1.667104,20.119730
0.000000,20.188605
-0.000000,21.745056
1.795710,21.670336
3.579105,21.448531
5.338004,21.079532
7.060526,20.566382
8.734730,19.913107
10.349107,19.123730
11.893461,18.204289
13.356156,17.159829
14.727123,15.998477
15.998297,14.727254
17.159610,13.356257
18.204013,11.893538
19.123433,10.349151
19.912787,8.734781
20.566011,7.060515
21.079088,5.337951
21.447986,3.579065
21.669724,1.795608
21.744306,0.000000
10.325088,17.327697
11.121341,18.664188
10.364988,18.209037
9.966809,17.541108
11.047851,17.726306
10.555700,17.755801
10.683403,17.114152
12.624894,17.682233
10.881460,18.213913
11.507483,18.434238
11.831432,17.294896
11.328125,17.306698
11.583474,17.772545
11.285683,18.077770
10.735238,18.894047
9.541987,19.518612
11.720594,16.416128
11.381264,16.658327
12.475865,16.756842
11.985755,16.825985
12.059978,16.173858
14.041742,16.579324
12.346181,17.255234
12.990642,17.421061
13.218998,16.258987
12.717913,16.313534
12.259202,17.943346
9.624503,18.664012
8.803852,19.032318
13.036322,15.391996
12.717941,15.661738
13.818062,15.669516
13.334889,15.778713
13.354809,15.122263
15.362832,15.363020
13.728706,16.176765
14.384554,16.288924
14.516781,15.111374
14.021873,15.207302
13.698936,16.869668
13.012235,16.755296
10.136058,18.665672
9.945661,19.321212
9.849796,18.201726
9.138332,19.715954
7.897645,20.239950
8.858895,18.121087
9.233658,17.937888
9.098120,18.588858
8.484266,18.304314
9.313111,19.069332
14.262742,14.262958
13.968073,14.557669
15.063594,14.474675
14.591669,14.623517
14.557495,13.968233
16.579085,14.041903
15.017905,14.987564
15.680697,15.045164
15.714748,13.861207
15.229499,13.997578
15.044986,15.680854
14.352179,15.622903
8.063032,19.427073
8.556311,19.458909
8.316356,20.076557
7.207436,19.688425
8.291094,18.964382
7.703005,19.781481
7.479041,20.403243
15.391761,13.036513
15.122064,13.354940
16.208066,13.181347
15.749754,13.368609
15.661536,12.718079
17.681959,12.625031
16.204040,13.696373
16.869487,13.699096
16.805958,12.516255
16.333568,12.692070
16.288724,14.384691
15.592470,14.384799
7.332223,18.790878
7.720793,18.639164
7.549812,19.273989
6.943733,18.942546
7.878011,19.017491
6.199234,20.823166
16.415818,11.720737
16.173620,12.060123
17.241239,11.797907
16.799890,12.022389
16.658105,11.381386
18.663879,11.121474
17.279862,12.311456
17.943118,12.259289
17.781801,11.085319
17.325657,11.299860
17.420820,12.990752
16.727482,13.047985
6.428950,20.019427
6.921228,20.094812
6.630026,20.694842
5.556450,20.217099
6.701844,19.582280
6.044403,20.348637
5.768579,20.951419
17.327349,10.325193
17.113909,10.683532
18.156049,10.333678
17.734973,10.593829
17.540864,9.966903
19.518280,9.542076
18.237246,10.842219
18.893793,10.735313
18.636306,9.579201
18.199403,9.830454
18.433985,11.507614
17.747887,11.621829
5.755449,19.332457
6.155239,19.213266
5.355738,19.451566
4.458490,21.264243
18.120765,8.858999
17.937601,9.233723
18.947470,8.799182
18.549201,9.093159
18.303978,8.484335
20.239581,7.897740
19.069992,9.299293
19.715664,9.138417
19.363694,8.007597
18.949024,8.294077
19.320912,9.945723
18.646349,10.116549
5.928538,19.831884
6.282611,19.606099
4.753953,20.482885
5.238069,20.598389
4.898392,21.171969
3.867843,20.607055
5.061425,20.069291
4.343160,20.778621
4.018762,21.356456
18.790489,7.332331
18.638872,7.720916
19.609516,7.204504
19.236833,7.530338
18.942157,6.943817
20.822736,6.199311
19.772777,7.692833
20.402922,7.479102
19.958923,6.381230
19.569310,6.700971
20.076242,8.316363
19.418154,8.542275
4.139341,19.741816
4.547572,19.656166
3.731163,19.827355
2.687301,21.559632
19.332002,5.755522
19.212933,6.155326
20.137709,5.560572
19.793159,5.916035
19.451102,5.355805
21.263719,4.458529
20.340589,6.033775
20.951029,5.768607
20.417974,4.711316
20.056090,5.062105
20.694435,6.630007
20.057246,6.909518
4.270849,20.253965
4.641933,20.057954
3.046614,20.805930
3.519420,20.960910
3.133335,21.504212
2.153526,20.855849
3.386729,20.418663
2.612771,21.066311
2.241486,21.615116
19.741279,4.139409
19.655744,4.547661
20.528355,3.878416
20.214287,4.261272
19.826769,3.731223
21.559077,2.687309
20.769517,4.333386
21.355955,4.018755
20.736947,3.008763
20.405402,3.388498
21.171486,4.898339
20.559573,5.229678
2.495001,20.016427
2.908879,19.964580
2.081125,20.068100
0.897833,21.707874
20.015811,2.495081
19.964069,2.908942
20.778062,2.170167
20.496964,2.577355
20.067447,2.081191
21.707251,0.897868
21.056312,2.603411
21.614463,2.241418
20.915020,1.286707
20.615816,1.692056
21.503616,3.133296
20.921289,3.513523
2.584394,20.537525
2.969913,20.372441
1.317685,20.985299
1.776250,21.179204
1.346797,21.689284
-0.000000,20.753175
0.833516,20.154252
0.504195,20.167699
1.689723,20.628900
1.250284,20.136988
0.621434,21.073834
1.003219,21.287940
0.448853,21.726522
0.000000,21.248912
0.460537,20.633594
0.964601,20.632321
20.153558,0.833554
20.136275,1.250342
20.965561,0.000000
20.167041,0.504195
21.101642,0.649746
21.293010,1.054036
20.649453,0.860003
21.725827,0.448782
21.248118,0.000000
20.683143,0.000000
20.589951,0.427100
21.139689,1.774538
