24.550820,-0.000000
24.464087,2.027344
24.212523,4.040106
23.795950,6.026423
23.216515,7.971098
22.478999,9.861202
21.587807,11.683757
20.549090,13.426594
19.370571,15.077443
18.058642,16.626329
16.625077,18.059823
15.075673,19.372211
13.425187,20.550746
11.683749,21.588497
9.860083,22.479335
7.970336,23.217315
6.025606,23.796481
4.040323,24.212912
2.027186,24.465519
-0.000000,24.552196
-0.000000,25.847251
2.135861,25.757419
4.255036,25.494150
6.345544,25.055647
8.393042,24.445879
10.382644,23.669461
12.302118,22.731287
14.137537,21.638186
15.875890,20.396426
17.505349,19.016105
19.016107,17.504929
20.396321,15.875501
21.637789,14.137108
22.730945,12.301499
23.669237,10.382676
24.445694,8.392567
25.055561,6.344784
25.493660,4.255136
25.757561,2.134580
25.845788,-0.000000
12.557120,21.074056
13.221162,22.188758
12.457053,21.883593
12.123291,21.331619
13.290123,21.323686
12.741540,21.433449
12.991618,20.813746
15.008601,21.021215
13.028183,21.806784
13.681421,21.913364
14.218350,20.784127
13.668332,20.881646
13.869024,21.278531
13.494939,21.613878
12.761554,22.462248
11.343989,23.204536
14.253999,19.965084
13.843306,20.257960
15.007322,20.156212
14.466823,20.310392
14.665949,19.670692
16.693007,19.710077
14.781871,20.658434
15.445033,20.709303
15.886331,19.538816
15.344581,19.682775
14.573171,21.332007
11.559291,22.414847
10.578374,22.866737
15.853976,18.719005
15.468948,19.045930
16.621053,18.848162
16.095019,19.045914
16.241345,18.391922
18.263538,18.263891
16.437202,19.367421
17.102101,19.363410
17.445883,18.160165
16.917983,18.348246
16.283885,20.055819
15.578673,20.060471
12.130950,22.340175
11.825916,22.968608
11.882389,21.958099
10.862362,23.439289
9.388570,24.062096
10.773885,22.038080
11.229653,21.816018
10.975616,22.424815
10.320813,22.261097
11.149486,22.829324
17.345535,17.346175
16.989050,17.703326
18.119463,17.411307
17.612238,17.651653
17.703767,16.988471
19.709231,16.693504
17.980435,17.943487
18.642894,17.884882
18.885418,16.657801
18.375035,16.888686
17.884406,18.642851
17.182968,18.704787
9.678598,23.319852
10.237748,23.283290
9.889619,23.866119
8.660504,23.656421
10.000976,22.877337
9.221778,23.679694
8.889460,24.255937
18.718586,15.854675
18.392285,16.240542
19.495910,15.855561
19.010071,16.136977
19.046455,15.468268
21.020402,15.009187
19.400515,16.397631
20.056064,16.284571
20.196797,15.041438
19.707062,15.313404
19.363171,17.102219
18.667876,17.222577
8.917147,22.852986
9.388573,22.667778
9.107812,23.250134
8.446981,23.037237
9.520092,22.980569
7.368947,24.755294
19.963983,14.254284
19.671028,14.665935
20.738715,14.191594
20.277529,14.511975
20.258743,13.842977
22.187824,13.222101
20.688421,14.739667
21.332200,14.572963
21.369663,13.322144
20.904174,13.633715
20.709029,15.445250
20.026648,15.622109
7.718110,24.033374
8.281050,24.045711
7.884706,24.601639
6.676527,24.291325
8.084129,23.622953
7.236548,24.358837
6.856113,24.907202
21.072816,12.557114
20.814593,12.991907
21.839388,12.430690
21.406526,12.787806
21.332561,12.123048
23.203839,11.344423
21.834843,12.980796
22.462516,12.761467
22.396748,11.512269
21.958696,11.860920
21.913610,13.682424
21.248449,13.914839
6.999631,23.511519
7.485059,23.365368
6.515625,23.656279
5.299258,25.279553
22.037972,10.774091
21.816307,11.228980
22.791444,10.584901
22.389607,10.976553
22.260578,10.320207
24.061477,9.389602
22.831990,11.133592
23.439566,10.862916
23.270923,9.623593
22.863146,10.007155
22.968530,11.825828
22.324468,12.112918
7.152262,23.923591
7.591401,23.690203
5.707083,24.589587
6.266716,24.647867
5.826156,25.168965
4.647624,24.759973
6.105192,24.210021
5.199990,24.873346
4.776155,25.388522
22.852462,8.917464
22.668987,9.389208
23.587635,8.666743
23.219745,9.090103
23.036772,8.446953
24.754701,7.370436
23.673464,9.210323
24.256479,8.890129
23.986107,7.669138
23.611512,8.084835
23.866597,9.888839
23.248600,10.228062
5.034096,24.009449
5.529644,23.903775
4.539600,24.113304
3.193287,25.630198
23.510946,6.999458
23.366964,7.485327
24.223096,6.689334
23.891093,7.141383
23.655727,6.515534
25.278769,5.300435
24.353054,7.223854
24.907786,6.856703
24.537427,5.661926
24.198819,6.107526
24.601570,7.883920
24.013819,8.273208
5.152535,24.432496
5.609006,24.236186
3.657354,24.976938
4.209886,25.081560
3.727866,25.564502
2.587303,25.058527
4.085250,24.631766
3.128724,25.217587
2.664041,25.696666
24.008874,5.034240
23.905111,5.530166
24.692688,4.665429
24.399861,5.143672
24.111899,4.539800
25.630629,3.194288
24.866477,5.188422
25.388709,4.776318
24.921553,3.615756
24.620038,4.088736
25.168933,5.825245
24.615278,6.261701
3.034826,24.343703
3.536572,24.278771
2.532975,24.405332
1.067442,25.806381
24.343133,3.035539
24.279965,3.536859
24.992525,2.610895
24.741913,3.110878
24.404526,2.533510
25.807175,1.068557
25.210405,3.117677
25.695601,2.663168
25.134236,1.546740
24.874431,2.041994
25.563980,3.727567
25.047943,4.206398
3.117782,24.775342
3.588363,24.615987
1.581593,25.193468
2.124424,25.343006
1.602461,25.785528
0.000000,25.013848
1.013258,24.511257
0.612268,24.525745
2.038292,24.885942
1.519123,24.488981
0.744316,25.279714
1.200986,25.452997
0.531859,25.828580
0.000000,25.427051
0.559090,24.913419
1.164079,24.905706
24.510571,1.013761
24.487676,1.519862
25.189638,0.000000
24.525797,0.612176
25.303728,0.779350
25.455936,1.261750
24.921445,1.037994
25.827878,0.530451
25.424968,0.000000
24.956436,0.000000
24.877608,0.519352
25.310053,2.123820
