26.054321,0.000000
25.961951,2.151510
25.694956,4.287390
25.252789,6.395487
24.637840,8.459271
23.855187,10.465094
22.909415,12.399244
21.807065,14.248777
20.556374,16.000702
19.164180,17.644376
17.642847,19.165605
15.998487,20.558370
14.247012,21.809049
12.399273,22.910175
10.463672,23.855569
8.458291,24.638734
6.394419,25.253320
4.287684,25.695288
2.151374,25.963511
0.000000,26.055752
-0.000000,27.279303
2.254504,27.184625
4.490891,26.906853
6.697256,26.444076
8.858246,25.800547
10.958046,24.981101
12.984024,23.990932
14.921152,22.837173
16.755758,21.526593
18.475488,20.069829
20.069918,18.474870
21.526542,16.755220
22.836808,14.920543
23.990576,12.983216
24.980832,10.958101
25.800341,8.857724
26.444044,6.696391
26.906300,4.491197
27.185021,2.253028
27.277920,0.000000
13.326558,22.365334
13.954373,23.419318
13.183007,23.158712
12.866701,22.638179
14.067824,22.571297
13.498191,22.706349
13.787168,22.089078
15.840934,22.186984
13.774686,23.056137
14.440553,23.128061
15.046734,21.995015
14.478679,22.119478
14.663899,22.497770
14.263790,22.844478
13.468919,23.708147
11.973199,24.491395
15.127345,21.188400
14.692124,21.498722
15.885375,21.335289
15.325737,21.516490
15.564170,20.876142
17.618769,20.803166
15.628867,21.841899
16.302032,21.857368
16.811979,20.677122
16.254158,20.849485
15.380977,22.515251
12.230960,23.716978
11.194246,24.197612
16.825317,19.865937
16.417385,20.212432
17.593310,19.950714
17.050595,20.176919
17.236214,19.519105
19.276393,19.276711
17.379088,20.476967
18.051000,20.436845
18.462399,19.218259
17.920878,19.435871
17.186409,21.168423
16.471317,21.209941
12.824965,23.618241
12.482455,24.242015
12.586360,23.258811
11.464236,24.739327
9.909273,25.396530
11.434049,23.388239
11.917478,23.152914
11.625840,23.753014
10.953941,23.624942
11.788142,24.136809
18.408269,18.409033
18.030501,18.787607
19.179446,18.429869
18.657922,18.699906
18.788187,18.029685
20.802180,17.619314
19.010661,18.971398
19.677183,18.876348
19.985764,17.628359
19.464281,17.889824
18.875775,19.677184
18.167535,19.776600
10.239676,24.671502
10.822761,24.613801
10.438944,25.189177
9.164850,25.033589
10.593136,24.232378
9.749951,25.035331
9.381854,25.601183
19.865433,16.826195
19.519648,17.235162
20.636329,16.783136
20.138747,17.095320
20.213141,16.416384
22.186067,15.841599
20.512088,17.337008
21.168708,17.187230
21.373544,15.917826
20.875230,16.221143
20.436612,18.051182
19.737515,18.209510
9.463611,24.253183
9.963333,24.056536
9.647375,24.626977
8.965237,24.448623
10.088092,24.351599
7.777483,26.128171
21.187110,15.127716
20.876685,15.564093
21.951830,15.021839
21.481417,15.373835
21.499758,14.691627
23.418203,13.955498
21.873726,15.584089
22.515521,15.380714
22.614731,14.098439
22.143306,14.441910
21.857112,16.302362
21.174092,16.517349
8.165794,25.427057
8.754207,25.420148
8.322848,25.965574
7.065293,25.705388
8.562818,25.022168
7.651122,25.753434
7.235803,26.288448
22.363897,13.326561
22.090261,13.787526
23.116912,13.158014
22.677481,13.547304
22.639397,12.866395
24.490601,11.973667
23.085828,13.724477
23.708494,13.468799
23.701660,12.183124
23.260363,12.564033
23.128503,14.441842
22.465909,14.712304
7.428616,24.952029
7.943301,24.796739
6.915536,25.105648
5.592943,26.681510
23.388224,11.434300
23.153299,11.916626
24.124643,11.204233
23.718979,11.628522
23.624242,10.953124
25.395825,9.910470
24.140114,11.771449
24.739696,11.464908
24.626790,10.184416
24.218409,10.600356
24.242029,12.482344
23.603613,12.807182
7.576087,25.340408
8.044134,25.103220
6.038121,26.015486
6.624660,26.056662
6.150168,26.564409
4.918288,26.201355
6.466657,25.643941
5.497926,26.297376
5.040559,26.796409
24.252641,9.463927
24.058163,9.964093
24.967386,9.173863
24.598439,9.630067
24.448043,8.965156
26.127494,7.779358
25.029806,9.738012
25.601885,9.382698
25.383609,8.116090
25.011156,8.564053
25.189934,10.437953
24.580683,10.814319
5.342625,25.480479
5.868073,25.368099
4.818404,25.590692
3.370003,27.051515
24.951433,7.428290
24.798885,7.943631
25.640097,7.080837
25.309600,7.565558
25.105011,6.915395
26.680648,5.594428
25.748299,7.637716
26.289239,7.236536
25.967013,5.991883
25.633265,6.469531
25.965707,8.321804
25.389794,8.747476
5.457903,25.879404
5.943531,25.681803
3.869482,26.425212
4.450172,26.515099
3.935581,26.981994
2.737954,26.517233
4.327168,26.090696
3.308127,26.661314
2.811525,27.121731
25.479942,5.342735
25.369944,5.868673
26.137080,4.938405
25.848728,5.449152
25.589016,4.818659
27.052221,3.371395
26.291178,5.485746
26.796783,5.040701
26.373728,3.826411
26.079396,4.331193
26.564606,6.148997
26.025754,6.620614
3.220963,25.835294
3.752825,25.766023
2.688838,25.900429
1.126633,27.237352
25.834774,3.221805
25.767741,3.753145
26.454461,2.763784
26.211250,3.295635
25.899691,2.689460
27.238697,1.128095
26.654943,3.296522
27.120616,2.810395
26.598510,1.637014
26.348983,2.163202
26.981641,3.935153
26.483096,4.447447
3.302565,26.242704
3.802328,26.084199
1.673436,26.654531
2.245566,26.791557
1.691765,27.215546
0.000000,26.489959
1.075399,26.013002
0.649797,26.028124
2.159097,26.360011
1.611678,25.989292
0.786971,26.740564
1.269807,26.902366
0.560756,27.260836
0.000000,26.880499
0.593154,26.394583
1.233062,26.384930
26.012478,1.076016
25.987960,1.612622
26.655934,0.000000
26.028484,0.649690
26.763695,0.824332
26.904885,1.334102
26.400523,1.099472
27.260253,0.558938
26.878328,0.000000
26.436004,0.000000
26.361076,0.551210
26.760458,2.245331
