21.607418,-0.000000
21.532417,1.784351
21.311070,3.556196
20.944699,5.304155
20.434806,7.015734
19.785625,8.679323
19.001265,10.283492
18.087127,11.817528
17.049884,13.270536
15.895058,14.633872
14.633263,15.895656
13.269751,17.050688
11.816911,18.087967
10.283411,19.001726
8.678815,19.785904
7.015371,20.435354
5.303784,20.945216
3.556191,21.311632
1.784201,21.533543
-0.000000,21.608601
-0.000000,23.069622
1.905605,22.989747
3.797400,22.754537
5.663302,22.363091
7.490727,21.818767
9.266709,21.125765
10.979609,20.288371
12.617880,19.312860
14.169545,18.204636
15.623938,16.972582
16.972443,15.623901
18.204442,14.169486
19.312495,12.617810
20.288066,10.979444
21.125547,9.266778
21.818536,7.490528
22.362811,5.662955
22.754021,3.797304
22.989268,1.904980
23.068311,-0.000000
11.051181,18.546537
11.799222,19.802097
11.042860,19.399682
10.668310,18.774292
11.774608,18.892342
11.264987,18.949282
11.434343,18.317691
13.394413,18.760197
11.576164,19.376653
12.209263,19.557469
12.604772,18.425428
12.087360,18.466574
12.323053,18.907105
12.000283,19.221599
11.389482,20.045991
10.123732,20.708646
12.544693,17.570688
12.182100,17.829390
13.296298,17.858583
12.790791,17.956684
12.907742,17.311403
14.897609,17.590035
13.134385,18.356522
13.782977,18.482638
14.083198,17.321590
13.570042,17.406582
13.006297,19.037287
10.251250,19.879080
9.378768,20.274611
13.952873,16.474255
13.612758,16.762682
14.726478,16.699683
14.230421,16.838850
14.293875,16.185856
16.299220,16.299519
14.605159,17.209257
15.261814,17.281472
15.465773,16.099128
14.961396,16.226289
14.533440,17.898166
13.842640,17.824804
10.781466,19.854657
10.552656,20.498813
10.509160,19.420453
9.694957,20.918012
8.378896,21.473949
9.481853,19.395404
9.883096,19.199497
9.707179,19.833429
9.081693,19.591587
9.907338,20.286151
15.265556,15.265914
14.950752,15.581001
16.053961,15.426429
15.571740,15.606073
15.581052,14.950677
17.589553,14.897926
15.976562,15.944101
16.636950,15.961921
16.742013,14.767265
16.249959,14.935495
15.961630,16.636987
15.268122,16.620145
8.586248,20.687976
9.100276,20.696215
8.824237,21.300045
7.678184,20.974021
8.845794,20.233845
8.194478,21.042971
7.934401,21.647021
16.473974,13.953233
16.185832,14.293678
17.273636,14.048036
16.807629,14.266869
16.762741,13.612675
18.759696,13.394743
17.238411,14.570488
17.898177,14.533806
17.904578,13.334373
17.428005,13.542463
17.281238,15.261912
16.587569,15.303045
7.847761,20.112391
8.263415,19.949725
8.055226,20.563976
7.432716,20.274675
8.411097,20.303972
6.576794,22.092641
17.570069,12.544860
17.311326,12.907853
18.374787,12.573705
17.928310,12.830189
17.829532,12.182097
19.801566,11.799686
18.382893,13.097229
19.037218,13.006278
18.944317,11.810040
18.486654,12.057004
18.482352,13.783082
17.795004,13.880925
6.846473,21.319590
7.361119,21.373096
7.035032,21.956203
5.919313,21.537092
7.150278,20.893206
6.430180,21.646350
6.119688,22.228468
18.545850,11.051218
18.317810,11.434520
19.349903,11.013354
18.926386,11.305747
18.774501,10.668274
20.708203,10.124004
19.401519,11.534300
20.045961,11.389518
19.854802,10.205539
19.419120,10.489206
19.557354,12.209697
18.880621,12.363828
6.160151,20.692014
6.587925,20.563963
5.733004,20.819445
4.729859,22.560555
19.395175,9.481994
19.199467,9.882891
20.193435,9.377989
19.795453,9.704323
19.591286,9.081552
21.473535,8.379405
20.287516,9.892927
20.917974,9.695246
20.629749,8.531203
20.218999,8.849878
20.498579,10.552681
19.836613,10.762596
6.325493,21.159383
6.707473,20.931791
5.062616,21.813085
5.570816,21.908526
5.197854,22.462439
4.120454,21.952546
5.400033,21.412641
4.620446,22.103668
4.263308,22.658132
20.111976,7.848003
19.950002,8.263763
20.898942,7.678475
20.529331,8.036481
20.274336,7.432802
22.092199,6.577391
21.035191,8.183941
21.647086,7.934704
21.263827,6.798534
20.880806,7.149959
21.300008,8.823993
20.657753,9.087823
4.430362,21.130202
4.867091,21.037916
3.994068,21.221664
2.850638,22.873774
20.691529,6.160213
20.564340,6.588101
21.461845,5.926421
21.122966,6.313676
20.818995,5.733060
22.559930,4.730306
21.639138,6.418903
22.228485,6.119929
21.752708,5.019297
21.400179,5.401293
21.955877,7.034781
21.337632,7.350813
4.556845,21.609620
4.955865,21.414179
3.244384,22.156953
3.742759,22.294094
3.325209,22.815161
2.293992,22.217453
3.613330,21.785537
2.779747,22.409669
2.377947,22.932849
21.129605,4.430519
21.038108,4.867391
21.878048,4.133493
21.572482,4.547613
21.220773,3.994206
22.873499,2.850921
22.095330,4.610090
22.657856,4.263386
22.092764,3.205427
21.772784,3.615705
22.462050,5.197504
21.871997,5.563646
2.670579,21.424241
3.113124,21.368027
2.228040,21.479098
0.952614,23.031141
21.423538,2.670949
21.368045,3.113324
22.143863,2.312988
21.874439,2.750456
21.478230,2.228334
23.030790,0.952998
22.400598,2.769824
22.931921,2.377574
22.281967,1.370951
21.997428,1.805576
22.814454,3.325074
22.256645,3.737691
2.757378,21.912484
3.170653,21.749893
1.403045,22.348470
1.888889,22.526374
1.429343,23.011885
-0.000000,22.135171
0.891868,21.571823
0.539186,21.585461
1.802753,22.010094
1.337765,21.552741
0.661247,22.435951
1.067188,22.635347
0.475717,23.050910
0.000000,22.600834
0.492541,22.022667
1.029368,22.019107
21.570894,0.892092
21.551596,1.338091
22.333911,0.000000
21.584843,0.539144
22.462129,0.691731
22.639388,1.121168
22.035442,0.917845
23.049992,0.475176
22.599243,0.000000
22.069590,0.000000
21.981640,0.457080
22.489106,1.887547
