20.000951,0.000000
19.932945,1.651679
19.727936,3.292056
19.388921,4.909934
18.916899,6.494309
18.315871,8.034282
17.589836,9.519352
16.743795,10.939520
15.783749,12.284584
14.714698,13.546643
13.546642,14.714699
12.284583,15.783750
10.939519,16.743796
9.519352,17.589837
8.034281,18.315872
6.494308,18.916901
4.909933,19.388923
3.292056,19.727939
1.651678,19.932949
0.000000,20.000954
-0.000000,21.570885
1.781273,21.496882
3.550446,21.276871
5.295317,20.910857
7.004087,20.401835
8.664955,19.753809
10.266420,18.970776
11.798483,18.058740
13.249541,17.022696
14.609597,15.870649
15.870648,14.609598
17.022695,13.249541
18.058738,11.798483
18.970775,10.266420
19.753808,8.664955
20.401833,7.004087
20.910855,5.295317
21.276869,3.550445
21.496879,1.781273
21.570881,0.000000
10.229435,17.166818
11.032451,18.514759
10.275902,18.052296
9.874395,17.378328
10.952331,17.572790
10.462406,17.598535
10.584477,16.955307
12.524013,17.540719
10.790235,18.060982
11.415467,18.286748
11.729825,17.146115
11.228282,17.153906
11.486370,17.623345
11.191877,17.927382
10.649436,18.742769
9.465687,19.362294
11.612051,16.263775
11.275786,16.503785
12.368059,16.611839
11.879891,16.677038
11.948317,16.023763
13.929569,16.446673
12.242702,17.110433
12.886777,17.281708
13.105473,16.119189
12.605878,16.169591
12.161248,17.799729
9.542142,18.504063
8.728289,18.868755
12.915613,15.249225
12.600098,15.516488
13.698713,15.533968
13.217146,15.639101
13.231129,14.981963
15.240123,15.240124
13.613664,16.041043
14.269584,16.158662
14.392131,14.981445
13.898360,15.073139
13.589555,16.734684
12.903235,16.614695
10.051311,18.509284
9.866054,19.166536
9.763077,18.041141
9.065321,19.558051
7.834521,20.077823
8.776817,17.952855
9.148085,17.771346
9.018011,18.424850
8.405550,18.134363
9.235070,18.909249
14.130671,14.130672
13.838658,14.422686
14.933484,14.349459
14.462814,14.494144
14.422685,13.838658
16.446672,13.929570
14.892085,14.861844
15.555387,14.924860
15.579817,13.742033
15.095345,13.874104
14.924860,15.555387
14.231968,15.491829
7.994274,19.261071
8.484874,19.296143
8.249738,19.915817
7.145558,19.519127
8.218128,18.797084
7.638446,19.615494
7.419304,20.239830
15.249224,12.915614
14.981962,13.231129
16.068069,13.067328
15.610662,13.250344
15.516487,12.600099
17.540718,12.524013
16.068282,13.581492
16.734684,13.589556
16.661641,12.408646
16.189677,12.580121
16.158661,14.269584
15.461875,14.264121
7.264295,18.616386
7.649288,18.466129
7.483328,19.103971
6.879302,18.766645
7.807856,18.847877
6.149701,20.656348
16.263773,11.612052
16.023762,11.948318
17.092290,11.695838
16.651507,11.916032
16.503785,11.275787
18.514757,11.032452
17.135078,12.208178
17.799728,12.161248
17.629066,10.989983
17.172992,11.200178
17.281707,12.886777
16.587374,12.938516
6.374073,19.848223
6.863453,19.926620
6.576895,20.529092
5.508748,20.043242
6.642849,19.409484
5.993721,20.177853
5.722509,20.783602
17.166816,10.229436
16.955306,10.584478
17.999151,10.244242
17.578281,10.500084
17.378327,9.874395
19.362292,9.465688
18.084397,10.751242
18.742768,10.649436
18.476194,9.496797
18.038993,9.743713
18.286747,11.415468
17.599199,11.524301
5.702121,19.152913
6.098215,19.034907
5.306028,19.270919
4.422881,21.093866
17.952853,8.776817
17.771345,9.148085
18.783711,8.723011
18.385278,9.012669
18.134362,8.405551
20.077822,7.834521
18.910133,9.221249
19.558050,9.065321
19.197333,7.938705
18.781998,8.220884
19.166535,9.866055
18.490084,10.031621
5.876317,19.656889
6.226696,19.431293
4.713382,20.307695
5.194361,20.425978
4.859100,21.002361
3.834632,20.429806
5.016875,19.892195
4.306724,20.604209
3.986663,21.185369
18.616385,7.264296
18.466128,7.649289
19.440055,7.142127
19.066834,7.463676
18.766643,6.879303
20.656346,6.149702
19.607028,7.628269
20.239829,7.419304
19.787477,6.326327
19.396842,6.641843
19.915816,8.249739
19.255403,8.470554
4.100995,19.558433
4.505464,19.473677
3.696526,19.643186
2.665859,21.386878
19.152911,5.702121
19.034906,6.098215
19.963720,5.512432
19.618277,5.863662
19.270917,5.306028
21.093864,4.422881
20.170123,5.983152
20.783600,5.722509
20.242648,4.670803
19.879368,5.017438
20.529090,6.576895
19.889156,6.851510
4.233223,20.075228
4.600614,19.879093
3.020617,20.627964
3.490080,20.785430
3.108153,21.331875
2.135062,20.676447
3.356913,20.238429
2.590826,20.889454
2.223566,21.441880
19.558431,4.100995
19.473676,4.505464
20.351045,3.844855
20.035711,4.223561
19.643184,3.696526
21.386875,2.665859
20.595514,4.297023
21.185367,3.986663
20.558892,2.982897
20.225657,3.358578
21.002359,4.859099
20.387310,5.185785
2.471868,19.830446
2.881962,19.779192
2.061773,19.881698
0.890637,21.533885
19.830443,2.471868
19.779190,2.881962
20.598684,2.151382
20.315887,2.554562
19.881695,2.061774
21.533882,0.890637
20.879923,2.581547
21.441877,2.223566
20.735537,1.275628
20.434237,1.677111
21.331872,3.108153
20.746056,3.484070
2.561638,20.356205
2.943493,20.190745
1.306472,20.805694
1.761447,21.001851
1.335955,21.515383
0.000000,20.570926
0.825839,19.966952
0.499600,19.980384
1.674853,20.446744
1.238759,19.949950
0.616198,20.894387
0.994813,21.110557
0.445318,21.552385
-0.000000,21.070904
0.456322,20.450341
0.956074,20.449393
19.966949,0.825839
19.949947,1.238759
20.785913,0.000000
19.980380,0.499600
20.923092,0.644226
21.116433,1.045226
20.467303,0.852379
21.552382,0.445318
21.070900,0.000000
20.500926,0.000000
20.406995,0.423148
20.962652,1.759692
