28.650259,-0.000000
28.548506,2.366010
28.254917,4.714507
27.768628,7.032873
27.092381,9.302361
26.231780,11.507993
25.191762,13.634851
23.979535,15.668645
22.604211,17.595107
21.073423,19.402444
19.400520,21.075180
17.592209,22.606729
15.666347,23.981966
13.634955,25.192581
11.506049,26.232253
9.300981,27.093406
7.031337,27.769168
4.714847,28.255213
2.365919,28.550292
-0.000000,28.651786
-0.000000,29.768320
2.460623,29.665518
4.900690,29.362472
7.308488,28.857499
9.666774,28.155265
11.958170,27.261017
14.169271,26.180438
16.283251,24.921213
18.285139,23.491041
20.161784,21.901416
21.901668,20.160828
23.491081,18.284389
24.920945,16.282347
26.180060,14.168207
27.260626,11.958345
28.154978,9.666303
28.857503,7.307592
29.361724,4.901477
29.666237,2.458981
29.767202,-0.000000
14.655336,24.595103
15.228866,25.558197
14.440793,25.368077
14.150490,24.894445
15.414972,24.732346
14.807569,24.908969
15.160841,24.291503
17.287718,24.213216
15.069484,25.223140
15.760130,25.239360
16.482094,24.093137
15.881220,24.261815
16.042699,24.612620
15.597863,24.979856
14.698311,25.873785
13.066921,26.728102
16.635536,23.300880
16.157969,23.641319
17.406356,23.377697
16.812128,23.603556
17.115140,22.957855
19.227923,22.703094
17.097979,23.894632
17.791645,23.852858
18.415801,22.649513
17.828442,22.868789
16.784944,24.571989
13.394940,25.973642
12.261386,26.503836
18.502739,21.846584
18.055252,22.226766
19.277497,21.860580
18.704282,22.134088
18.954031,21.465681
21.036931,21.037116
19.012785,22.401477
19.700344,22.302592
20.223688,21.051623
19.656674,21.318269
18.755096,23.102397
18.019749,23.203781
14.029021,25.835338
13.623650,26.455368
13.804913,25.510064
12.510327,26.999072
10.814485,27.715932
12.574136,25.719750
13.105054,25.461655
12.751304,26.051745
12.047299,25.980047
12.895934,26.404660
20.243530,20.244442
19.828978,20.659951
21.015609,20.194199
20.467507,20.513880
20.660663,19.827813
22.701911,19.228513
20.797590,20.754314
21.474921,20.599617
21.892300,19.310055
21.349523,19.622543
20.598867,21.475103
19.875402,21.635735
11.212212,27.014169
11.837737,26.922149
11.393702,27.488827
10.038783,27.419955
11.618105,26.577767
10.666094,27.386756
10.237656,27.939511
21.845937,18.503913
21.466478,18.952650
22.611798,18.389888
22.091953,18.753720
22.227695,18.053723
24.212198,17.288452
22.440107,18.966378
23.102656,18.756110
23.412465,17.436366
22.897063,17.792233
22.302372,19.700700
21.592942,19.921420
10.407410,26.671115
10.955713,26.454812
10.581266,27.009976
9.860226,26.885826
11.070657,26.723429
8.487707,28.514423
23.299336,16.636068
22.958721,17.114991
24.053242,16.459971
23.564768,16.865296
23.642668,16.157215
25.556799,15.230252
23.929629,17.048770
24.572301,16.784642
24.772017,15.443548
24.287955,15.840734
23.852626,17.792224
23.164475,18.070221
8.941751,27.842532
9.575152,27.804633
9.084412,28.336227
7.738933,28.155694
9.391365,27.443979
8.370209,28.172435
7.895749,28.689340
24.593451,14.655356
24.293176,15.161345
25.329875,14.417865
24.876876,14.861622
24.895968,14.150142
26.727195,13.067388
25.255642,15.014423
25.874164,14.698180
25.962631,13.345536
25.513224,13.780987
25.240148,15.761883
24.577745,16.095580
8.169536,27.439567
8.734455,27.268615
7.606157,27.608462
6.103541,29.118339
25.719956,12.574464
25.462103,13.103971
26.434029,12.277015
26.019461,12.756772
25.978952,12.046154
27.715120,10.815829
26.409041,12.877839
26.999485,12.511178
26.976062,11.156176
26.564035,11.627084
26.455529,13.623540
25.822426,14.011436
8.309678,27.792551
8.827286,27.547778
6.611931,28.486802
7.245722,28.500797
6.713372,28.989830
5.387281,28.699012
7.092317,28.125855
6.014668,28.767468
5.500113,29.243611
26.670602,10.407683
26.457080,10.956683
27.357430,10.052244
26.984259,10.564522
26.884978,9.860065
28.513604,8.490155
27.382358,10.653312
27.940373,10.238781
27.805022,8.890531
27.433597,9.393534
27.490076,11.392456
26.891311,11.831234
5.875517,28.020722
6.452374,27.896906
5.299921,28.141913
3.677218,29.522091
27.438967,8.168918
27.271618,8.734905
28.094662,7.758972
27.764305,8.299631
27.607644,7.605984
29.117354,6.105483
28.168335,8.355601
28.690392,7.896667
28.444044,6.563663
28.115919,7.096116
28.336777,9.082962
27.776561,9.570151
5.986448,28.383655
6.522203,28.182773
4.237151,28.935364
4.867093,29.002152
4.296731,29.445704
2.999032,29.044953
4.745930,28.615857
3.619277,29.165634
3.067856,29.598718
28.020288,5.875531
27.899537,6.453053
28.639090,5.411233
28.355939,5.977840
28.139765,5.300294
29.523146,3.679330
28.762329,6.001438
29.244226,5.500130
28.889850,4.191401
28.605164,4.750850
28.990458,6.711795
28.472369,7.243192
3.542452,28.411074
4.126134,28.334433
2.958036,28.482286
1.229494,29.724687
28.410598,3.543475
28.336946,4.126507
28.986938,3.028595
28.753796,3.615462
28.481679,2.958772
29.726859,1.231503
29.160450,3.606730
29.597518,3.066250
29.135628,1.793494
28.900948,2.373040
29.445725,4.295993
28.972509,4.865650
3.622430,28.782327
4.172473,28.624294
1.832773,29.186806
2.455751,29.304671
1.847068,29.701025
-0.000000,29.045591
1.182847,28.606263
0.714807,28.622723
2.368294,28.911314
1.771318,28.580282
0.860908,29.272990
1.389180,29.417315
0.610968,29.750415
-0.000000,29.402135
0.652034,28.957535
1.352375,28.944698
28.606004,1.183607
28.578919,1.772640
29.196900,0.000000
28.623513,0.714663
29.294810,0.902271
29.419210,1.459626
28.960159,1.205753
29.749995,0.608474
29.399920,0.000000
28.996679,0.000000
28.927510,0.606253
29.276306,2.456167
