20.953242,-0.000000
20.881029,1.730349
20.666376,3.448673
20.311174,5.143673
19.816730,6.803462
19.187171,8.416718
18.426553,9.972377
17.540115,11.460032
16.534279,12.869080
15.414365,14.191183
14.190736,15.414815
12.868538,16.534868
11.459603,17.540738
9.972276,18.426950
8.416357,19.187461
6.803193,19.817219
5.143404,20.311689
3.448627,20.666978
1.730228,20.882039
0.000000,20.954316
0.000000,22.457883
1.854861,22.380342
3.696584,22.151310
5.513051,21.770224
7.292019,21.240300
9.020984,20.565652
10.688383,19.750436
12.283265,18.800814
13.793826,17.722023
15.209674,16.522621
16.522457,15.209721
17.721813,13.793846
18.800481,12.283274
19.750140,10.688329
20.565406,9.021064
21.240024,7.291911
21.769871,5.512832
22.150756,3.696492
22.379732,1.854449
22.456719,0.000000
10.716559,17.984868
11.486110,19.276514
10.730090,18.850337
10.345020,18.206013
11.439312,18.354402
10.937864,18.398880
11.088276,17.763061
13.038967,18.262288
11.255508,18.839982
11.885107,19.038663
12.247940,17.903800
11.737179,17.931628
11.981675,18.383429
11.670396,18.693581
11.087299,19.513922
9.855027,20.158998
12.164893,17.038626
11.813015,17.289727
12.917769,17.350278
12.419496,17.435216
12.517042,16.787172
14.502268,17.123179
12.770565,17.848195
13.416990,17.992296
13.684436,16.831284
13.177004,16.902435
12.661221,18.531993
9.962047,19.318428
9.113493,19.701418
13.530462,15.975488
13.200354,16.255317
14.307350,16.224387
13.817375,16.349904
13.861101,15.695690
15.866681,15.866942
14.200594,16.732674
14.856589,16.823005
15.027881,15.643354
14.528043,15.756295
14.147973,17.423082
13.459323,17.331134
10.483544,19.305853
10.272285,19.954908
10.205036,18.858370
9.437860,20.362805
8.156597,20.903993
9.194765,18.808167
9.583820,18.618109
9.426259,19.259429
8.806368,18.998381
9.633054,19.724524
14.803393,14.803690
14.497864,15.109396
15.597023,14.987312
15.119709,15.152904
15.109343,14.497904
17.122800,14.502525
15.534051,15.502576
16.195236,15.538463
16.268009,14.349190
15.779280,14.502890
15.538216,16.195326
14.845317,16.159825
8.344801,20.106155
8.849175,20.125085
8.589643,20.734946
7.460970,20.380850
8.589948,19.648354
7.967625,20.460716
7.724074,21.072537
15.975228,13.530749
15.695579,13.861057
16.782009,13.648166
16.319720,13.852578
16.255257,13.200386
18.261882,13.039222
16.760957,14.167009
17.423008,14.148256
17.397661,12.956879
16.923217,13.150229
16.822779,14.856705
16.128228,14.879188
7.610171,19.503403
8.013359,19.345777
7.822110,19.969020
7.207364,19.660797
8.165273,19.710736
6.402391,21.506295
17.038140,12.165052
16.787014,12.517177
17.851813,12.215780
17.407879,12.457624
17.289704,11.813079
19.276084,11.486442
17.873760,12.734536
18.531850,12.661259
18.407940,11.475652
17.951185,11.707789
17.992022,13.417098
17.302242,13.496450
6.653802,20.719653
7.158055,20.783056
6.847953,21.373614
5.751878,20.928048
6.943446,20.288595
6.252113,21.047373
5.957514,21.638615
17.984334,10.716628
17.763014,11.088436
18.799130,10.699788
18.376927,10.977416
18.206025,10.345049
20.158615,9.855237
18.864143,11.214866
19.513797,11.087369
19.292618,9.916558
18.856591,10.185385
19.038480,11.885413
18.357776,12.021341
5.973640,20.065494
6.388532,19.941513
5.559132,20.189086
4.604509,21.961814
18.807909,9.194899
18.617976,9.583744
19.618637,9.110969
19.220720,9.422470
18.998087,8.806337
20.903616,8.156942
19.725579,9.618941
20.362667,9.438076
20.045625,8.289625
19.633301,8.593547
19.954647,10.272343
19.287238,10.464412
6.142398,20.547129
6.511549,20.320462
4.920176,21.199290
5.417211,21.303779
5.059527,21.866405
4.003891,21.331743
5.243855,20.793072
4.492459,21.492077
4.150361,22.056909
19.503012,7.610375
19.345812,8.013626
20.304090,7.459822
19.933271,7.803065
19.660452,7.207470
21.505868,6.402761
20.452538,7.957276
21.072448,7.724282
20.661770,6.606001
20.275949,6.942892
20.734793,8.589529
20.085620,8.836029
4.296237,20.490404
4.719843,20.401157
3.872893,20.579132
2.775197,22.266807
20.065025,5.973732
19.941577,6.388687
20.850961,5.757642
20.509690,6.130301
20.188633,5.559216
21.961220,4.604769
21.039794,6.241148
21.638458,5.957663
21.136866,4.877197
20.780275,5.244865
21.373252,6.847818
20.746667,7.147134
4.424928,20.984382
4.811096,20.788770
3.153116,21.533557
3.639658,21.678718
3.236579,22.209683
2.229168,21.589224
3.508813,21.155132
2.702679,21.789637
2.314927,22.324231
20.489810,4.296377
20.401058,4.720071
21.255354,4.015814
20.946092,4.415564
20.578352,3.873015
22.266357,2.775336
21.483376,4.482374
22.056510,4.150397
21.467174,3.114687
21.142118,3.510923
21.865956,5.059310
21.266227,5.409501
2.589657,20.775503
3.019001,20.721283
2.160320,20.828885
0.927317,22.419987
20.774782,2.589918
20.721018,3.019161
21.513700,2.247094
21.239143,2.670624
20.828044,2.160532
22.419419,0.927535
21.780098,2.693011
22.323363,2.314679
21.651216,1.332081
21.360175,1.753219
22.208976,3.236477
21.640271,3.634216
2.677582,21.278363
3.078078,21.114708
1.363640,21.719498
1.836895,21.904557
1.391223,22.401043
0.000000,21.497772
0.864956,20.918612
0.523035,20.932142
1.750613,21.373104
1.297445,20.900337
0.642878,21.807426
1.037658,22.013406
0.463321,22.439236
0.000000,21.976852
0.477784,21.382120
0.999503,21.379582
20.917693,0.865104
20.899296,1.297663
21.702490,0.000000
20.931413,0.523013
21.834233,0.672357
22.017808,1.090167
21.396170,0.891182
22.438324,0.462989
21.975504,0.000000
21.430119,0.000000
21.339829,0.443261
21.866213,1.835383
