28.901487,-0.000000
28.798844,2.386778
28.502685,4.755852
28.012129,7.094567
27.329951,9.383965
26.461806,11.608934
25.412667,13.754442
24.189805,15.806072
22.802418,17.749425
21.258217,19.572601
19.570644,21.260001
17.746466,22.804981
15.803727,24.192272
13.754554,25.413487
11.606940,26.462287
9.382545,27.330987
7.092984,28.012670
4.756191,28.502980
2.386692,28.800651
0.000000,28.903023
-0.000000,30.010154
2.480644,29.906578
4.940499,29.601073
7.367871,29.092000
9.745329,28.384060
12.055343,27.482544
14.284432,26.393179
16.415599,25.123705
18.433739,23.681914
20.325631,22.079380
22.079649,20.324642
23.681962,18.432972
25.123449,16.414667
26.392799,14.283347
27.482139,12.055535
28.383763,9.744871
29.092005,7.366981
29.600303,4.941338
29.907323,2.478997
30.009070,0.000000
14.783948,24.810907
15.352703,25.766015
14.562768,25.582339
14.274743,25.112822
15.545597,24.941884
14.934456,25.122409
15.293785,24.504672
17.428296,24.410087
15.195131,25.433426
15.888348,25.444497
16.621296,24.296614
16.017150,24.469436
16.176503,24.817849
15.727349,25.187127
14.817756,26.084209
13.173193,26.945424
16.781511,23.505337
16.299844,23.848690
17.553836,23.575735
16.956173,23.805801
17.265244,23.159339
19.384276,22.887695
17.240541,24.093829
17.936380,24.046745
18.571336,22.840798
17.981016,23.064490
16.921350,24.771831
13.507832,26.192519
12.364877,26.727505
18.665094,22.038285
18.213775,22.421722
19.440805,22.045768
18.864539,22.323748
19.120280,21.654087
21.207993,21.208161
19.171319,22.588232
19.860600,22.483870
20.394496,21.229422
19.824901,21.500700
18.907512,23.290312
18.170016,23.397267
14.145879,26.050501
13.734532,26.670422
13.923019,25.728246
12.611965,27.218640
10.902447,27.941289
12.684485,25.945405
13.219983,25.685114
12.860383,26.274523
12.153121,26.207983
13.003436,26.624734
20.421162,20.422082
20.003046,20.841164
21.193654,20.365272
20.642870,20.689664
20.841882,20.001851
22.886496,19.384868
20.970995,20.927329
21.649593,20.767052
22.077193,19.473146
21.532233,19.790469
20.766284,21.649798
20.041141,21.816150
11.306548,27.241399
11.936246,27.146184
11.486464,27.712266
10.123540,27.651393
11.717445,26.805079
10.754999,27.614943
10.320805,28.166714
22.037626,18.666293
21.654904,19.118874
22.803348,18.545683
22.281234,18.914429
22.422666,18.212198
24.409064,17.429033
22.627202,19.124494
23.290564,18.908542
23.610198,17.583635
23.093010,17.944495
22.483653,19.860974
21.773001,20.087548
10.498764,26.905135
11.051752,26.686936
10.671775,27.240925
9.946849,27.121708
11.165854,26.953232
8.556721,28.746277
23.503773,16.782058
23.160233,17.265091
24.257005,16.599415
23.766660,17.009829
23.850063,16.299068
25.764592,15.354111
24.129134,17.190905
24.772143,16.921048
24.981227,15.573997
24.495805,15.976302
24.046515,17.936986
23.357629,18.220916
9.017018,28.076822
9.654831,28.036054
9.158407,28.566562
7.804263,28.393334
9.471667,27.678696
8.439990,28.407179
7.959872,28.922621
24.809243,14.783967
24.506387,15.294305
25.544453,14.540022
25.090013,14.988988
25.114364,14.274395
26.944511,13.173657
25.466201,15.139601
26.084586,14.817626
26.181897,13.458267
25.731560,13.898929
25.445321,15.890144
24.782687,16.229817
8.241254,27.680323
8.811017,27.507863
7.672999,27.850696
6.153160,29.355109
25.945637,12.684819
25.685563,13.218882
26.657957,12.381032
26.242394,12.866107
26.206846,12.151947
27.940471,10.903797
26.629218,12.985205
27.219050,12.612831
27.203892,11.250418
26.791362,11.726592
26.670597,13.734425
26.037748,14.128299
8.380776,28.030199
8.903160,27.784632
6.667591,28.726507
7.306002,28.738009
6.768094,29.225487
5.432764,28.941244
7.152957,28.366399
6.064811,29.007172
5.544764,29.481392
26.904629,10.499031
26.689261,11.052743
27.589179,10.137411
27.215460,10.655079
27.120831,9.946681
28.745445,8.559220
27.610650,10.742135
28.167586,10.321956
28.039848,8.965636
27.668368,9.473928
27.713564,11.485200
27.115543,11.929918
5.927100,28.266580
6.508918,28.141664
5.346527,28.388832
3.707071,29.762146
27.679726,8.240607
27.510944,8.811479
28.332666,7.824724
28.002181,8.370770
27.849859,7.672827
29.354114,6.155142
28.403176,8.425267
28.923694,7.960803
28.684265,6.619117
28.356525,7.156845
28.567157,9.156920
28.008181,9.649987
6.037673,28.626354
6.578267,28.425094
4.272813,29.178841
4.907559,29.243528
4.331826,29.685079
3.024352,29.290102
4.786518,28.860589
3.649468,29.408663
3.092761,29.839388
28.266159,5.927103
28.144367,6.509602
28.881696,5.457077
28.598902,6.029077
28.386639,5.346912
29.763228,3.709256
29.002131,6.051479
29.482026,5.544764
29.133860,4.226797
28.849948,4.791523
29.226158,6.766481
28.709797,7.303610
3.573571,28.660374
4.162258,28.583026
2.984091,28.732174
1.239487,29.966369
28.659900,3.574609
28.585610,4.162636
29.232502,3.054269
29.000178,3.646463
28.731581,2.984835
29.968614,1.241545
29.403583,3.636832
29.838182,3.091107
29.381675,1.808673
29.148265,2.393381
29.685142,4.331053
29.214090,4.906238
3.653432,29.028453
4.208335,28.870408
1.848236,29.432426
2.476151,29.548578
1.862163,29.942514
0.000000,29.293320
1.193254,28.857251
0.721110,28.873854
2.388576,29.158576
1.786756,28.831061
0.868081,29.518654
1.400763,29.661426
0.615848,29.992314
0.000000,29.646872
0.657736,29.205890
1.363933,29.192753
28.857017,1.194025
28.829696,1.788117
29.443341,0.000000
28.874681,0.720961
29.540360,0.909830
29.663266,1.471806
29.208208,1.216047
29.991908,0.613290
29.644659,0.000000
29.244843,0.000000
29.176175,0.611581
29.520452,2.476631
