25.479026,-0.000000
25.388791,2.103994
25.127699,4.192761
24.695321,6.254260
24.093960,8.272464
23.328579,10.234008
22.403692,12.125455
21.325690,13.934159
20.102616,15.647408
18.741135,17.254811
17.253387,18.742468
15.645361,20.104476
13.932529,21.327551
12.125471,22.404423
10.232703,23.328937
8.271570,24.094814
6.253290,24.695845
4.193030,25.128043
2.103849,25.390296
0.000000,25.480430
0.000000,26.730423
2.209036,26.637585
4.400499,26.365375
6.562456,25.911903
8.679944,25.281315
10.737505,24.478362
12.722661,23.508124
14.620802,22.377617
16.418516,21.093414
18.103647,19.665949
19.666007,18.103103
21.093345,16.418032
22.377241,14.620260
23.507779,12.721921
24.478118,10.737546
25.281126,8.679433
25.911860,6.561622
26.364858,4.400720
26.637897,2.207624
26.729009,0.000000
13.032127,21.871223
13.673342,22.947663
12.904984,22.670364
12.582230,22.138215
13.770001,22.093521
13.208502,22.219013
13.482755,21.601059
15.521912,21.740164
13.488715,22.577530
14.149586,22.662486
14.729478,21.531264
14.168419,21.645545
14.359392,22.030695
13.969229,22.373006
13.197804,23.230608
11.732031,23.998163
14.793154,20.720292
14.367317,21.023938
15.549121,20.883754
14.996893,21.054727
15.220469,20.414866
17.263938,20.384203
15.304399,21.388532
15.973558,21.417333
16.457476,20.241166
15.905905,20.402780
15.071366,22.061726
11.973713,23.218258
10.958377,23.687897
16.453628,19.427054
16.054459,19.766066
17.220979,19.528484
16.684742,19.743904
16.855534,19.087777
18.888181,18.888514
17.018270,20.051919
17.687302,20.025416
18.073095,18.813026
17.536896,19.019448
16.840489,20.741972
16.129355,20.769593
12.559085,23.128619
12.230813,23.753938
12.316821,22.760798
11.233551,24.241037
9.709688,24.885063
11.181431,22.871593
11.654291,22.641336
11.376883,23.244482
10.711670,23.103061
11.543482,23.635932
18.001608,18.002323
17.631984,18.372704
18.773520,18.039806
18.257573,18.298573
18.373239,17.631253
20.383271,17.264465
18.616001,18.577622
19.280759,18.496337
19.564355,17.256651
19.047239,17.506513
18.495804,19.280734
17.790359,19.366002
10.024773,24.153805
10.598638,24.104071
10.228399,24.682069
8.971692,24.506148
10.366409,23.713559
9.547616,24.516004
9.193131,25.085565
19.426586,16.454435
19.088257,16.854569
20.199601,16.427916
19.706624,16.728409
19.766713,16.053578
21.739287,15.522548
20.086267,16.977148
20.742251,16.841259
20.922875,15.582183
20.427971,15.873592
20.025183,17.687454
19.327749,17.831428
9.254497,23.717390
9.743407,23.525114
9.440788,24.099816
8.766922,23.908550
9.870649,23.826726
7.620891,25.601968
20.719074,14.793489
20.415335,15.220413
21.487263,14.703893
21.020499,15.043862
21.024888,14.366881
22.946621,13.674399
21.419659,15.260604
22.061976,15.071119
22.137898,13.801130
21.668877,14.132471
21.417074,15.973839
20.734521,16.174393
7.994325,24.893263
8.572935,24.893594
8.154914,25.442801
6.916401,25.163816
8.379538,24.486438
7.492306,25.219182
7.090275,25.759031
21.869860,13.032124
21.602123,13.483084
22.627680,12.879482
22.190886,13.256522
22.139341,12.581944
23.997408,11.732488
22.606602,13.439584
23.230935,13.197694
23.201908,11.926197
22.761993,12.294827
22.662858,14.150765
21.999516,14.406804
7.264457,24.400809
7.767962,24.249009
6.762506,24.551039
5.480371,26.144158
22.871545,11.181663
22.641696,11.653501
23.614091,10.967058
23.210019,11.378908
23.102441,10.710930
24.884395,9.710829
23.638999,11.527096
24.241382,11.234179
24.107523,9.969629
23.699518,10.373232
23.753922,12.230707
23.113591,12.541218
7.413812,24.797944
7.870818,24.562268
5.911327,25.469353
6.487527,25.516943
6.025977,26.029559
4.814627,25.649319
6.328259,25.094921
5.383794,25.751846
4.939219,26.256781
23.716857,9.254815
23.526591,9.744119
24.439007,8.979661
24.070597,9.423334
23.908025,8.766859
25.601329,7.622623
24.510220,9.535862
25.086217,9.193908
24.848397,7.944915
24.475273,8.380569
24.682724,10.227482
24.070382,10.589731
5.224560,24.917581
5.738578,24.807758
4.711714,25.025360
3.302267,26.506738
24.400227,7.264190
24.250956,7.768267
25.097452,6.930910
24.766517,7.403157
24.550443,6.762381
26.143332,5.481743
25.213810,7.479170
25.759755,7.090956
25.419511,5.865512
25.084059,6.330927
25.442859,8.153967
24.862678,8.565789
5.340984,25.325418
5.815468,25.128369
3.788234,25.870506
4.358114,25.965900
3.855961,26.438695
2.680254,25.958559
4.234541,25.532101
3.239402,26.108236
2.754999,26.575522
24.917034,5.224684
24.809421,5.739151
25.583946,4.833868
25.294023,5.332193
25.023795,4.711946
26.507353,3.303508
25.745403,5.371847
26.257094,4.939373
25.817578,3.745734
25.520652,4.238362
26.029672,6.024904
25.485421,6.483119
3.149734,25.264526
3.670082,25.196909
2.629193,25.328318
1.103947,26.688876
25.263996,3.150529
25.198439,3.670389
25.894604,2.705235
25.648713,3.224894
25.327560,2.629783
26.690023,1.105278
26.101573,3.228009
26.574433,2.753968
26.037724,1.602438
25.784427,2.116792
26.438279,3.855587
25.933311,4.355099
3.231813,25.680888
3.720416,25.522114
1.638250,26.094929
2.199155,26.236607
1.657532,26.667446
0.000000,25.924746
1.051613,25.438352
0.635424,25.453218
2.112838,25.795624
1.576271,25.415178
0.770634,26.181014
1.243442,26.347080
0.549682,26.711866
0.000000,26.323672
0.580115,25.827514
1.206655,25.818593
25.437773,1.052188
25.413862,1.577136
26.094356,0.000000
25.453472,0.635323
26.204478,0.807105
26.349760,1.306382
25.834242,1.075940
26.711247,0.548019
26.321534,0.000000
25.869527,0.000000
25.793160,0.539017
26.204831,2.198779
