21.699604,-0.000000
21.624217,1.791960
21.401926,3.571346
21.033980,5.326768
20.521909,7.045644
19.869962,8.716327
19.082256,10.327331
18.164214,11.867903
17.122546,13.327105
15.962800,14.696250
14.695626,15.963410
13.326293,17.123369
11.867264,18.165071
10.327255,19.082712
8.715801,19.870226
7.045271,20.522449
5.326384,21.034480
3.571349,21.402462
1.791807,21.625337
0.000000,21.700779
-0.000000,23.155990
1.912769,23.075790
3.811635,22.839708
5.684518,22.446801
7.518786,21.900443
9.301408,21.204850
11.020733,20.364324
12.665132,19.385158
14.222603,18.272781
15.682440,17.036117
17.035990,15.682385
18.272598,14.222528
19.384801,12.665048
20.364031,11.020551
21.204649,9.301474
21.900234,7.518574
22.446547,5.684154
22.839216,3.811539
23.075351,1.912116
23.154683,0.000000
11.098335,18.625674
11.843437,19.876305
11.086982,19.477169
10.713868,18.854361
11.821904,18.968213
11.311116,19.026885
11.483109,18.395838
13.444606,18.830499
11.621415,19.452378
12.255038,19.630721
12.655112,18.499006
12.136743,18.542004
12.371228,18.980997
12.046843,19.296112
11.432151,20.121116
10.161676,20.786251
12.598214,17.645655
12.234112,17.905428
13.349694,17.930278
12.843150,18.030209
12.962799,17.385268
14.953437,17.655954
13.185727,18.428250
13.834659,18.551873
14.139453,17.390753
13.625470,17.477670
13.055024,19.108633
10.292050,19.958166
9.416191,20.355463
14.012400,16.544533
13.670875,16.834170
14.785603,16.766722
14.288669,16.907792
14.354860,16.254923
16.360302,16.360599
14.662252,17.276506
15.319038,17.346206
15.527549,16.163421
15.022511,16.292562
14.587872,17.965249
13.896736,17.894464
10.823511,19.932096
10.592247,20.575607
10.552049,19.499708
9.731260,20.996403
8.410287,21.554421
9.522308,19.478143
9.925267,19.281414
9.746796,19.914364
9.120490,19.675168
9.946045,20.365397
15.330685,15.331044
15.014575,15.647451
16.118420,15.488366
15.635486,15.669971
15.647525,15.014476
17.655467,14.953757
16.039011,16.006404
16.699327,16.021712
16.808884,14.826240
16.316338,14.996498
16.021422,16.699350
15.327791,16.685101
8.620313,20.770051
9.135713,20.776808
8.857364,21.379832
7.708827,21.057691
8.881874,20.316402
8.226491,21.125128
7.964100,21.728135
16.544258,14.012763
16.254920,14.354636
17.342988,14.104438
16.876435,14.325286
16.834256,13.670769
18.829997,13.444943
17.305792,14.627423
17.965279,14.588245
17.976093,13.387624
17.499195,13.597772
17.345980,15.319128
16.652395,15.362856
7.881242,20.198195
8.298650,20.034821
8.088101,20.647867
7.464472,20.361168
8.445756,20.387607
6.601422,22.175428
17.645029,12.598379
17.385214,12.962901
18.448561,12.624191
18.001702,12.882722
17.905604,12.234095
19.875773,11.843916
18.454744,13.148409
19.108584,13.054994
19.019988,11.857209
18.562170,12.106248
18.551595,13.834760
17.864547,13.935179
6.873656,21.404220
7.389777,21.456355
7.061450,22.038458
5.942934,21.623001
7.179445,20.978458
6.455308,21.730866
6.142588,22.311751
18.624979,11.098365
18.395993,11.483285
19.427598,11.057582
19.003870,11.352043
18.854609,10.713820
20.785813,10.161953
19.477356,11.579375
20.121111,11.432181
19.934114,10.246303
19.498451,10.532049
19.630628,12.255487
18.954409,12.412157
6.186434,20.780288
6.616021,20.651665
5.757506,20.908260
4.747561,22.645092
19.477933,9.522447
19.281411,9.925041
20.274519,9.415652
19.876501,9.744065
19.674879,9.120332
21.554017,8.410818
20.366818,9.931588
20.996392,9.731558
20.712155,8.565281
20.301597,8.886023
20.575391,10.592266
19.914144,10.804673
6.351314,21.245712
6.735097,21.017978
5.082712,21.899670
5.592495,21.993862
5.217388,22.546592
4.136898,22.040114
5.422058,21.500003
4.638507,22.189965
4.279256,22.743020
20.197793,7.881487
20.035145,8.299007
20.982856,7.709316
20.613387,8.069393
20.360844,7.464553
22.175000,6.602049
21.117417,8.215925
21.728235,7.964415
21.348764,6.825694
20.966108,7.179158
21.379825,8.857100
20.738495,9.123354
4.449263,21.220347
4.887840,21.127635
4.011145,21.312195
2.861291,22.959472
20.779818,6.186489
20.652102,6.616198
21.548022,5.950228
21.209451,6.339533
20.907828,5.757556
22.644481,4.748032
21.723721,6.443986
22.311808,6.142841
21.839593,5.039343
21.487604,5.423351
22.038154,7.061182
21.421034,7.379555
4.575449,21.697781
4.976277,21.502352
3.257261,22.244892
3.757309,22.380929
3.337725,22.900647
2.303138,22.306068
3.628069,21.874425
2.790623,22.497155
2.386845,23.018779
21.219768,4.449420
21.127885,4.888147
21.965892,4.150092
21.660818,4.566233
21.311307,4.011283
22.959241,2.861595
22.181695,4.628112
22.742780,4.279340
22.181024,3.218228
21.861728,3.630481
22.546231,5.217020
21.957490,5.585397
2.681982,21.515645
3.126387,21.459152
2.237584,21.570711
0.956185,23.117428
21.514964,2.682366
21.459229,3.126590
22.232763,2.322284
21.964031,2.761713
21.569860,2.237888
23.117130,0.956593
22.488169,2.780664
23.017864,2.386456
22.370957,1.376434
22.087302,1.812959
22.899960,3.337586
22.343634,3.752293
2.768632,22.001895
3.183706,21.839443
1.408606,22.437193
1.896227,22.614117
1.434725,23.098127
0.000000,22.225050
0.895663,21.663855
0.541465,21.677510
1.810107,22.099910
1.343446,21.644663
0.663839,22.524617
1.071355,22.723110
0.477466,23.137271
0.000000,22.688880
0.494622,22.112975
1.033579,22.109274
21.662948,0.895896
21.643527,1.343786
22.422999,0.000000
21.676932,0.541421
22.550733,0.694464
22.727126,1.125544
22.125599,0.921603
23.136375,0.476897
22.687281,0.000000
22.159775,0.000000
22.072144,0.459027
22.577018,1.894909
