22.664972,0.000000
22.585622,1.871649
22.353426,3.730032
21.969003,5.563620
21.434123,7.358933
20.753209,9.103902
19.930467,10.786517
18.971564,12.395556
17.883561,13.919639
16.672294,15.349637
15.348791,16.673106
13.918489,17.884675
12.394649,18.972711
10.786467,19.931008
9.103171,20.753480
7.358432,21.434750
5.563094,21.969505
3.730113,22.353895
1.871481,22.586854
-0.000000,22.666229
-0.000000,24.063141
1.987989,23.979600
3.961117,23.734362
5.907337,23.326090
7.813472,22.758366
9.665840,22.035538
11.452633,21.162109
13.161399,20.144549
14.779838,18.988549
16.296846,17.703463
17.703380,16.296664
18.988395,14.779649
20.144168,13.161196
21.161806,11.452290
22.035353,9.665886
22.758191,7.813144
23.325919,5.906809
23.733905,3.961055
23.979381,1.987080
24.061733,0.000000
11.592192,19.454578
12.307801,20.655743
11.549755,20.289980
11.191008,19.693029
12.317913,19.763974
11.794680,19.840464
11.993831,19.214390
13.971755,19.568906
12.096238,20.247056
12.735792,20.400111
13.183108,19.270830
12.654451,19.332854
12.876755,19.756459
12.535482,20.078210
11.880266,20.910198
10.560178,21.601368
13.158761,18.430888
12.778867,18.701872
13.909680,18.682247
13.392029,18.801046
13.539409,18.158967
15.539764,18.348319
13.724470,19.180986
14.377442,19.279059
14.729488,18.116266
14.206557,18.223023
13.566756,19.858019
10.720025,20.787834
9.808721,21.203627
14.635843,17.280666
14.279572,17.582957
15.405659,17.469873
14.899290,17.630586
14.993553,16.978366
17.001795,17.002126
15.261343,17.982240
15.920025,18.026128
16.175491,16.837832
15.663207,16.987417
15.159535,18.669859
14.464397,18.625520
11.264741,20.744818
11.008056,21.382203
11.001698,20.330685
10.112524,21.819787
8.739996,22.399664
9.946013,20.344799
10.366905,20.139465
10.162137,20.762951
9.526840,20.550629
10.352222,21.197035
16.012790,16.013242
15.683004,16.343466
16.794414,16.137983
16.303724,16.339880
16.343684,15.682735
18.347700,15.540154
16.694292,16.660218
17.354421,16.649716
17.510261,15.444863
17.012211,15.636084
16.649366,17.354392
15.953927,17.366773
8.977670,21.631113
9.507613,21.622671
9.205289,22.217866
8.030249,21.935407
9.260134,21.182015
8.562421,21.987340
8.276014,22.580130
17.280354,14.636314
16.978494,14.993113
18.070295,14.696003
17.597707,14.937727
17.583211,14.279278
19.568287,13.972188
18.012816,15.224907
18.669991,15.160020
18.726164,13.946205
18.245492,14.177675
18.025899,15.920104
17.332637,15.990535
8.231914,21.096959
8.667666,20.926170
8.432765,21.527466
7.797077,21.267144
8.809035,21.264345
6.860096,23.044993
18.430089,13.158952
18.159047,13.539471
19.222230,13.153696
18.771043,13.433484
18.702278,12.778744
20.655075,12.308451
19.208671,13.685493
19.858073,13.566652
19.813630,12.351998
19.353812,12.622547
19.278781,14.377561
18.594277,14.504538
7.158816,22.292087
7.690543,22.330205
7.338919,22.902422
6.190700,22.524216
7.485237,21.872328
6.718994,22.617849
6.383094,23.186545
19.453682,11.592194
19.214792,11.994038
20.242368,11.521452
19.816098,11.837400
19.693545,11.190880
21.600843,10.560522
20.273082,12.052387
20.910313,11.880247
20.765918,10.673892
20.330072,10.981223
20.400134,12.736427
19.728674,12.919330
6.461716,21.704930
6.910262,21.570339
6.014141,21.838581
4.933487,23.533049
20.344626,9.946167
20.139589,10.366508
21.124814,9.810657
20.726073,10.160708
20.550294,9.526522
22.399194,8.740727
21.198896,10.337295
21.819901,10.112914
21.576426,8.922731
21.167464,9.264980
21.382035,11.008028
20.727668,11.246227
6.622030,22.150879
7.024645,21.921489
5.293542,22.808053
5.820010,22.889515
5.422558,23.430502
4.309390,22.958731
5.652962,22.416007
4.828026,23.095640
4.446750,23.634681
21.096517,8.232195
20.926822,8.668125
21.862825,8.032766
21.494485,8.414438
21.266799,7.797120
23.044525,6.861035
21.980169,8.551560
22.580416,8.276453
22.239574,7.110573
21.860313,7.485285
22.218028,9.204835
21.585705,9.496210
4.647235,22.164583
5.105140,22.067438
4.190021,22.260483
2.973181,23.859637
21.704432,6.461704
21.571202,6.910465
22.451730,6.199913
22.116002,6.610598
21.838131,6.014140
23.532391,4.934217
22.611204,6.707206
23.186818,6.383470
22.750823,5.249613
22.404059,5.654611
22.902186,7.338473
22.296143,7.681171
4.770500,22.622152
5.190227,22.426686
3.392357,23.167490
3.910026,23.292318
3.469194,23.798548
2.399091,23.235681
3.782597,22.806434
2.904743,23.415327
2.480287,23.921374
22.164008,4.647396
22.068090,5.105531
22.887075,4.324182
22.586771,4.761431
22.259433,4.190175
23.859663,2.973713
23.087880,4.817231
23.634610,4.446878
23.106684,3.352495
22.794103,3.785382
23.430248,5.422000
22.854535,5.813659
2.801425,22.473066
3.265279,22.413678
2.337563,22.530335
0.993690,24.023758
22.472435,2.801937
22.414166,3.265517
23.165051,2.419776
22.903135,2.879735
22.529494,2.337959
24.023837,0.994344
23.407007,2.894412
23.920409,2.479731
23.304284,1.433950
23.029428,1.890370
23.797904,3.469011
23.256386,3.905542
2.886632,22.939372
3.320529,22.778217
1.466977,23.367997
1.973235,23.535040
1.491254,24.003967
-0.000000,23.167535
0.935434,22.627844
0.565373,22.641721
1.887215,23.041630
1.402943,22.607542
0.691019,23.454895
1.115097,23.644288
0.495820,24.044384
-0.000000,23.612957
0.516426,23.059741
1.077710,23.054618
22.626999,0.935767
22.606331,1.403424
23.357390,0.000000
22.641364,0.565308
23.480229,0.723134
23.647892,1.171488
23.070693,0.960979
24.043550,0.494956
23.611137,0.000000
23.105142,0.000000
23.020720,0.479436
23.499456,1.972163
