24.338857,-0.000000
24.252934,2.009843
24.003547,4.005249
23.590585,5.974399
23.016157,7.902283
22.285004,9.776074
21.401506,11.582898
20.371760,13.310694
19.203415,14.947294
17.902801,16.482817
16.481608,17.903943
14.945591,19.204999
13.309341,20.373362
11.582885,21.402181
9.774998,22.285331
7.901552,23.016939
5.973616,23.591112
4.005453,24.003943
2.009681,24.254345
0.000000,24.340221
0.000000,25.646006
2.119185,25.556868
4.221887,25.295636
6.296117,24.860543
8.327668,24.255519
10.301787,23.485147
12.206295,22.554278
14.027424,21.469700
15.752250,20.237612
17.369025,18.868033
18.868025,17.368632
20.237501,15.751883
21.469302,14.027020
22.553941,12.205704
23.484930,10.301818
24.255338,8.327204
24.860451,6.295377
25.295154,4.221964
25.556975,2.117939
25.644543,0.000000
12.448654,20.892020
13.118131,22.015833
12.354882,21.704133
12.018495,21.147432
13.180657,21.148072
12.634985,21.254187
12.879465,20.633965
14.891641,20.857394
12.923176,21.631041
13.574748,21.742668
14.101767,20.613709
13.554225,20.707339
13.757215,21.107027
13.386808,21.440808
12.662148,22.287171
11.255572,23.023699
14.130886,19.792632
13.723652,20.083047
14.883732,19.990248
14.345868,20.140539
14.539323,19.500762
16.562918,19.556470
14.662728,20.491960
15.324606,20.547971
15.756057,19.378615
15.216501,19.518486
14.459651,21.165736
11.464770,22.231605
10.491699,22.679440
15.717048,18.557324
15.335250,18.881484
16.484203,18.692970
15.960453,18.886639
16.101092,18.233025
18.121210,18.121563
16.304711,19.211344
16.968759,19.212564
17.302821,18.011252
16.776763,18.195091
16.157058,19.899475
15.453115,19.898782
12.033337,22.160404
11.733658,22.789661
11.783266,21.774940
10.777782,23.256604
9.315404,23.874573
10.680825,21.847745
11.132683,21.627559
10.884059,22.237783
10.231563,22.068832
11.059651,22.645404
17.195725,17.196343
16.842240,17.550472
17.970266,17.267936
17.464982,17.504031
17.550891,16.841694
19.555647,16.563405
17.835517,17.798893
18.497552,17.745555
18.730558,16.521207
18.221656,16.747711
17.745094,18.497506
17.044478,18.554021
9.599648,23.129649
10.155468,23.096153
9.812426,23.680195
8.589526,23.462606
9.917594,22.686532
9.147483,23.489003
8.820265,24.066900
18.556918,15.717721
18.233363,16.100327
19.335390,15.724998
18.851128,16.002018
18.881983,15.334614
20.856600,14.892212
19.244155,16.265492
19.899712,16.157723
20.031185,14.918098
19.542569,15.185582
19.212326,16.968870
18.517420,17.083752
8.840117,22.655598
9.307544,22.472007
9.031836,23.056255
8.373925,22.838269
9.440089,22.787464
7.311543,24.562370
19.791562,14.131158
19.501069,14.539317
20.567963,14.074731
20.107994,14.390605
20.083792,13.723346
22.014928,13.119040
20.521689,14.620886
21.165916,14.459452
21.194435,13.212891
20.729688,13.519911
20.547696,15.324808
19.865248,15.496182
7.655114,23.837254
8.214503,23.852392
7.823138,24.409968
6.621814,24.092318
8.016725,23.425925
7.178231,24.162666
6.802757,24.713105
20.890815,12.448647
20.634764,12.879745
21.659570,12.328313
21.227546,12.680850
21.148332,12.018262
23.023019,11.255998
21.658872,12.876186
22.287426,12.662067
22.213098,11.417855
21.775404,11.761913
21.742888,13.575711
21.077200,13.802665
6.939162,23.308448
7.420454,23.163590
6.459251,23.451958
5.257993,25.082543
21.847629,10.681024
21.627833,11.132038
22.603789,10.497724
22.202400,10.884740
22.068338,10.230988
23.873970,9.316408
22.647981,11.043868
23.256867,10.778318
23.080102,9.544665
22.672306,9.923626
22.789573,11.733575
22.144541,12.015260
7.092583,23.724081
7.527633,23.491188
5.660503,24.388933
6.216374,24.449718
5.780626,24.972867
4.609533,24.557121
6.054294,24.008109
5.158080,24.673036
4.738999,25.190682
22.655081,8.840432
22.473157,9.308161
23.393428,8.595361
23.025592,9.014064
22.837821,8.373905
24.561792,7.312973
23.482672,9.136096
24.067418,8.820908
23.789426,7.606235
23.414424,8.017356
23.680637,9.811678
23.061227,10.145598
4.990606,23.802075
5.481931,23.697353
4.500300,23.905035
3.168456,25.430472
23.307883,6.939008
23.165109,7.420714
24.023646,6.634227
23.691333,7.081650
23.451421,6.459170
25.081774,5.259123
24.156790,7.165638
24.713659,6.803324
24.336232,5.615492
23.996829,6.056551
24.409877,7.822390
23.820273,8.206496
5.109537,24.228750
5.561887,24.032580
3.627505,24.773139
4.176092,24.879930
3.698682,25.365305
2.566104,24.853240
4.051186,24.426330
3.103487,25.014508
2.643315,25.496409
23.801499,4.990754
23.698616,5.482440
24.489382,4.627005
24.195825,5.100654
23.903670,4.500494
25.430862,3.169403
24.666071,5.146598
25.190843,4.739162
24.717177,3.586109
24.414540,4.054595
24.972809,5.779754
24.416878,6.211216
3.008588,24.133431
3.506082,24.069116
2.511005,24.194568
1.059123,25.605296
24.132857,3.009281
24.070236,3.506364
24.786753,2.589375
24.534990,3.084863
24.193756,2.511526
25.606013,1.060188
25.007208,3.092520
25.495356,2.642478
24.928160,1.534037
24.666790,2.024928
25.364766,3.698399
24.846072,4.172494
3.091764,24.568713
3.558227,24.409200
1.568676,24.987867
2.107386,25.139265
1.589915,25.584570
0.000000,24.806021
1.004503,24.299552
0.606987,24.313961
2.021285,24.678372
1.506069,24.277487
0.738314,25.074164
1.191307,25.249157
0.527797,25.627316
-0.000000,25.222622
0.554291,24.704824
1.154362,24.697392
24.298847,1.004989
24.276190,1.506779
24.983289,0.000000
24.313969,0.606897
25.098315,0.773019
25.252164,1.251576
24.713162,1.029332
25.626600,0.526448
25.220560,0.000000
24.748089,0.000000
24.668673,0.514863
25.106037,2.106730
