20.115555,-0.000000
20.047036,1.661170
19.840884,3.310951
19.499940,4.938131
19.025236,6.531602
18.420783,8.080411
17.690585,9.573989
16.839673,11.002291
15.874105,12.355071
14.798925,13.624378
13.624179,14.799150
12.354884,15.874375
11.002140,16.839977
9.573898,17.690892
8.080302,18.421110
6.531517,19.025631
4.938059,19.500386
3.310918,19.841388
1.661140,20.047630
-0.000000,20.116171
-0.000000,21.677806
1.790130,21.603361
3.568026,21.382244
5.321501,21.014390
7.038703,20.502827
8.707747,19.851571
10.317127,19.064636
11.856722,18.148047
13.314910,17.106831
14.681651,15.949070
15.948904,14.681774
17.106630,13.315004
18.147797,11.856792
19.064359,10.317169
19.851265,8.707786
20.502474,7.038698
21.013977,5.321466
21.381755,3.567997
21.602820,1.790064
21.677176,-0.000000
10.288096,17.265563
11.086959,18.606451
10.330534,18.148490
9.931071,17.478242
11.010907,17.667002
10.519618,17.695054
10.645145,17.052801
12.585869,17.627547
10.846177,18.154831
11.471891,18.377249
11.792131,17.237415
11.289508,17.247674
11.545915,17.714901
11.249400,18.019667
10.702052,18.835598
9.512479,19.458223
11.678614,16.357279
11.340470,16.598635
12.434164,16.700818
11.944808,16.768443
12.016792,16.115880
13.998344,16.528056
12.306153,17.199285
12.950462,17.367208
13.175082,16.204970
12.674576,16.257921
12.221310,17.887849
9.592651,18.602229
8.774631,18.969144
12.989634,15.336842
12.672362,15.605628
13.771892,15.617139
13.289343,15.724771
13.306971,15.068062
15.315352,15.315517
13.684201,16.124317
14.340072,16.238578
14.468558,15.061164
13.974093,15.155462
13.656619,16.817500
12.970069,16.700966
10.103282,18.605259
9.914873,19.261455
9.816258,18.139700
9.110097,19.654955
7.873235,20.177326
8.827155,18.056121
9.200567,17.873573
9.067140,18.525514
8.453827,18.238686
9.282930,19.007496
14.211657,14.211849
13.918016,14.505519
15.013258,14.426286
14.541822,14.573526
14.505351,13.918171
16.527847,13.998481
14.969226,14.938977
15.632210,14.998662
15.662545,13.815150
15.177601,13.949864
14.998507,15.632358
14.305672,15.572248
8.036443,19.362960
8.528685,19.396040
8.290595,20.014467
7.183510,19.623044
8.262878,18.899772
7.678041,19.717373
7.455942,20.340124
15.336627,12.989800
15.067871,13.307103
16.153904,13.137282
15.695945,13.322907
15.605430,12.672493
17.627304,12.585981
16.151514,13.651972
16.817324,13.656753
16.750123,12.474665
16.277902,12.648807
16.238396,14.340196
15.541943,14.338158
7.305957,18.723502
7.693144,18.572349
7.524104,19.208332
6.918820,18.874628
7.850883,18.951990
6.180083,20.758738
16.357006,11.678741
16.115654,12.016923
17.183613,11.758459
16.742487,11.981287
16.598413,11.340582
18.606173,11.087060
17.223843,12.271537
17.887631,12.221390
17.722709,11.048472
17.266596,11.261336
17.366989,12.950559
16.673272,13.005674
6.407731,19.953313
6.898888,20.029856
6.609483,20.630825
5.538006,20.149965
6.679032,19.515554
6.024807,20.282684
5.750767,20.886607
17.265254,10.288192
17.052560,10.645257
18.095347,10.299112
17.674355,10.557600
17.477994,9.931157
19.457917,9.512545
18.178106,10.807054
18.835351,10.702115
18.574359,9.547352
18.137345,9.796931
18.377009,11.471993
17.690357,11.584132
5.734830,19.263138
6.133190,19.144402
5.336518,19.381822
4.444724,21.198448
18.055815,8.827244
17.873291,9.200632
18.884113,8.769742
18.485785,9.062052
18.238368,8.453892
20.176982,7.873299
19.008139,9.269126
19.654671,9.110159
19.299328,7.980970
18.884406,8.265790
19.261173,9.914924
18.585887,10.083722
5.908346,19.764313
6.260991,19.538601
4.738268,20.415239
5.221170,20.531811
4.883202,21.106469
3.855003,20.538618
5.044200,20.000912
4.329073,20.711275
4.006353,21.290388
18.723141,7.306042
18.572051,7.693239
19.543950,7.180395
19.171064,7.504575
18.874263,6.918888
20.758342,6.180130
19.708643,7.667876
20.339806,7.455983
19.892586,6.360008
19.502584,6.678119
20.014160,8.290605
19.355181,8.514552
4.124515,19.671021
4.531292,19.585714
3.717771,19.756257
2.679013,21.492924
19.262722,5.734887
19.144065,6.133258
20.070387,5.541965
19.725497,5.895794
19.381397,5.336571
21.197978,4.444744
20.274626,6.014205
20.886232,5.750783
20.350131,4.695656
19.987713,5.044842
20.630446,6.609472
19.992204,6.887095
4.256302,20.184955
4.625958,19.988896
3.036564,20.737218
3.508077,20.893153
3.123601,21.437665
2.146388,20.786585
3.375202,20.349079
2.604288,20.998026
2.234559,21.548224
19.670541,4.124566
19.585308,4.531356
20.459743,3.865443
20.145192,4.246697
19.755744,3.717816
21.492424,2.679013
20.702180,4.319328
21.289930,4.006345
20.668044,2.998764
20.335851,3.376934
21.106028,4.883165
20.492912,5.212710
2.486057,19.944634
2.898472,19.893014
2.073643,19.996145
0.895051,21.640694
19.944094,2.486112
19.892542,2.898517
20.708646,2.162905
20.426897,2.568545
19.995581,2.073688
21.640144,0.895071
20.988048,2.594958
21.547660,2.234514
20.845561,1.282424
20.545552,1.686279
21.437141,3.123572
20.853474,3.502136
2.575596,20.467524
2.959699,20.302294
1.313350,20.915958
1.770527,21.110729
1.342606,21.622137
0.000000,20.682818
0.830547,20.081953
0.502418,20.095394
1.683974,20.558578
1.245828,20.064789
0.619410,21.004554
0.999970,21.219454
0.447487,21.659285
-0.000000,21.180186
0.458907,20.562851
0.961305,20.561702
20.081358,0.830573
20.064184,1.245866
20.896037,0.000000
20.094821,0.502419
21.032540,0.647612
21.224668,1.050629
20.578967,0.857057
21.658689,0.447442
21.179528,0.000000
20.612632,0.000000
20.519155,0.425573
21.071172,1.768798
