23.130646,0.000000
23.049433,1.910092
22.812456,3.806590
22.420089,5.677889
21.874206,7.510081
21.179317,9.290887
20.339675,11.008053
19.361063,12.650128
18.250710,14.205513
17.014588,15.664868
15.663911,17.015504
14.204199,18.251969
12.649090,19.362354
11.008011,20.340268
9.290058,21.179615
7.509515,21.874893
5.677293,22.420612
3.806707,22.812917
1.909923,23.050734
0.000000,23.131953
-0.000000,24.502314
2.024396,24.417193
4.033474,24.167520
6.015206,23.751807
7.956134,23.173736
9.842276,22.437719
11.661729,21.548356
13.401663,20.512203
15.049618,19.335089
16.594305,18.026561
18.026491,16.594069
19.334939,15.049382
20.511804,13.401407
21.548032,11.661315
22.437516,9.842316
23.173550,7.955761
23.751649,6.014610
24.167049,4.033442
24.417054,2.023380
24.500860,-0.000000
11.830444,19.854466
12.532615,21.033097
11.773419,20.682834
11.421199,20.097631
12.557607,20.148526
12.028234,20.233411
12.240208,19.609296
14.226965,19.926394
12.325858,20.631364
12.968546,20.772600
13.438304,19.643880
12.904518,19.714864
13.121232,20.131481
12.771836,20.456516
12.097200,21.292228
10.753106,21.995992
13.429187,18.809712
13.041683,19.086103
14.180295,19.045648
13.657136,19.173356
13.817575,18.532235
15.823624,18.683517
13.985001,19.545016
14.640221,19.631115
15.014664,18.466939
14.487240,18.583064
13.814489,20.220833
10.926896,21.188881
9.998445,21.613593
14.936614,17.635813
14.573236,17.944197
15.705303,17.809683
15.194223,17.979698
15.301662,17.327392
17.312362,17.312710
15.551059,18.323538
16.210983,18.355301
16.488656,17.163803
15.972686,17.323062
15.436289,19.011001
14.738928,18.979073
11.478141,21.137880
11.209364,21.772701
11.218904,20.732082
10.297099,22.218423
8.899629,22.808875
10.150423,20.762906
10.579945,20.553432
10.362769,21.172851
9.722879,20.972982
10.548654,21.599220
16.341860,16.342365
16.005479,16.679246
17.121092,16.451919
16.626480,16.663449
16.679518,16.005138
18.682830,15.824050
17.011181,16.976406
17.671570,16.953753
17.849250,15.743867
17.348340,15.945033
16.953367,17.671534
16.256735,17.696442
9.150425,22.047358
9.687487,22.031788
9.373733,22.623587
8.185608,22.359652
9.442852,21.600154
8.724877,22.404318
8.427015,22.992623
17.635469,14.937145
17.327572,15.301133
18.421767,14.981887
17.946078,15.233538
17.944515,14.572854
19.925713,14.227444
18.354727,15.513855
19.011162,15.436831
19.088689,14.216191
18.605975,14.457796
18.355063,16.211070
17.661610,16.294092
8.401098,21.530559
8.845679,21.356201
8.599256,21.952356
7.957542,21.704220
8.984458,21.687742
6.985338,23.465985
18.808824,13.429403
18.532370,13.817623
19.596104,13.409586
19.142629,13.699506
19.086601,13.041514
21.032350,12.533345
19.573262,13.945230
20.220918,13.814358
20.197208,12.591148
19.736195,12.871944
19.630829,14.640361
18.947182,14.779890
7.296665,22.721287
7.836016,22.752852
7.473257,23.320692
6.310458,22.959823
7.632946,22.304111
6.846513,23.046810
6.499528,23.610078
19.853466,11.830443
19.609801,12.240438
20.636100,11.745621
20.208392,12.071830
20.098252,11.421040
21.995411,10.753479
20.657882,12.281137
21.292379,12.097163
21.167936,10.880561
20.731761,11.198194
20.772667,12.969274
20.103113,13.164607
6.594528,22.151015
7.052200,22.013558
6.137958,22.287407
5.023510,23.962950
20.762735,10.150590
20.553591,10.579477
21.535709,10.001545
21.136399,10.361946
20.972598,9.722489
22.808355,8.900446
21.601271,10.533494
22.218573,10.297532
21.994136,9.095500
21.585691,9.448032
21.772542,11.209319
21.121087,11.459767
6.752802,22.588116
7.164466,22.357828
5.395465,23.247173
5.930056,23.322714
5.521896,23.858433
4.392765,23.402751
5.764500,22.858489
4.919676,23.533645
4.527835,24.066382
21.530080,8.401394
21.356984,8.846186
22.288062,8.189073
21.920037,8.581096
21.703838,7.957569
23.465474,6.986420
22.397377,8.713872
22.992968,8.427513
22.670112,7.248265
22.292231,7.633158
22.623814,9.373192
21.995410,9.676527
4.742750,22.620120
5.209965,22.520854
4.276328,22.717981
3.027355,24.295453
22.150483,6.594480
22.014596,7.052419
22.888443,6.320577
22.553846,6.741522
22.286923,6.137934
23.962246,5.024357
23.040373,6.834500
23.610423,6.499960
23.191235,5.351248
22.846723,5.766318
23.320477,7.472727
22.719343,7.827038
4.864722,23.068669
5.293542,22.873084
3.457668,23.613487
3.983894,23.733128
3.532854,24.233248
2.445479,23.685021
3.857242,23.256643
2.959930,23.859379
2.525521,24.358361
22.619528,4.742910
22.521669,5.210392
23.332232,4.408314
23.033988,4.855713
22.716830,4.276491
24.295573,3.028000
23.526099,4.908689
24.066365,4.527978
23.554067,3.417391
23.244457,3.860203
23.858214,5.521248
23.288345,5.924048
2.859051,22.934965
3.332275,22.874196
2.385805,22.993305
1.011845,24.462549
22.934336,2.859618
22.874852,3.332527
23.615587,2.466894
23.356696,2.936744
22.992453,2.386240
24.462792,1.012615
23.851341,2.949421
24.357355,2.524886
23.755380,1.461752
23.484489,1.927765
24.232612,3.532647
23.697789,3.979662
2.943637,23.392214
3.386603,23.231588
1.495212,23.817950
2.010481,23.980462
1.518624,24.442510
0.000000,23.622863
0.954637,23.092903
0.576932,23.106910
1.924470,23.496525
1.431639,23.072092
0.704157,23.904643
1.136255,24.089863
0.504698,24.483559
-0.000000,24.059894
0.526953,23.517004
1.099020,23.511221
23.092078,0.955014
23.070836,1.432186
23.809027,0.000000
23.106642,0.576858
23.929611,0.736991
24.093271,1.193719
23.527181,0.979986
24.482740,0.503695
24.057974,0.000000
23.561760,0.000000
23.478798,0.489287
23.945549,2.009526
