25.878326,-0.000000
25.786606,2.136973
25.521417,4.258438
25.082244,6.352279
24.471452,8.402118
23.694082,10.394395
22.754699,12.315479
21.659798,14.152521
20.417555,15.892613
19.034757,17.525190
17.523698,19.036148
15.890454,20.419503
14.150801,21.661736
12.315507,22.755441
10.393010,23.694446
8.401166,24.472322
6.351243,25.082761
4.258726,25.521739
2.136834,25.788137
-0.000000,25.879736
-0.000000,27.111261
2.240585,27.017145
4.463219,26.741075
6.655989,26.281148
8.803661,25.641581
10.890530,24.827185
12.904010,23.843118
14.829203,22.696479
16.652515,21.393974
18.361653,19.946180
19.946266,18.361053
21.393925,16.651989
22.696118,14.828611
23.842775,12.903221
24.826934,10.890578
25.641392,8.803140
26.281125,6.655132
26.740547,4.463498
27.017528,2.239127
27.109880,-0.000000
13.236482,22.214163
13.868338,23.274920
13.097921,23.009252
12.779672,22.485216
13.976681,22.425077
13.409547,22.557219
13.694039,21.939770
15.743268,22.050189
13.687158,22.909642
14.351476,22.985524
14.949641,21.853082
14.383738,21.974446
14.570697,22.354805
14.173629,22.700160
13.385920,23.561946
11.899368,24.340390
15.025105,21.045184
14.592754,21.353464
15.782471,21.197099
15.225110,21.375185
15.459022,20.735016
17.510141,20.674900
15.529556,21.703129
16.201474,21.722650
16.703488,20.543696
16.147591,20.712785
15.286194,22.376403
12.152231,23.564340
11.122061,24.041610
16.711605,19.731662
16.306354,20.075869
17.479365,19.821493
16.938644,20.044411
17.119754,19.387142
19.157547,19.157865
17.268652,20.346866
17.939658,20.310886
18.343257,19.094236
17.803378,19.308439
17.080510,21.037864
16.366651,21.075156
12.743584,23.468372
12.405417,24.092589
12.503879,23.106409
11.393615,24.586773
9.848171,25.239942
11.356765,23.230173
11.836962,22.996398
11.549658,23.597394
10.879822,23.465274
11.713257,23.983497
18.283859,18.284602
17.908582,18.660670
19.055221,18.310493
18.535416,18.577094
18.661243,17.907787
20.673937,17.510677
18.889867,18.850869
19.555823,18.760008
19.856798,17.514597
19.336665,17.772525
18.759452,19.555810
18.052091,19.650921
10.173904,24.513053
10.754161,24.457775
10.374488,25.033924
9.105735,24.872162
10.523756,24.073609
9.688021,24.876370
9.324079,25.443324
19.731176,16.712457
19.387672,17.118722
20.502678,16.674424
20.006518,16.983042
20.076566,16.305385
22.049292,15.743922
20.381757,17.226861
21.038154,17.081312
21.235623,15.815102
20.738368,16.114787
20.310659,17.939826
19.612097,18.093784
9.399635,24.089259
9.896051,23.893948
9.584158,24.465655
8.904565,24.283389
10.021557,24.190985
7.729543,25.967072
21.043923,15.025461
20.735544,15.458947
21.809660,14.924535
21.340378,15.272860
21.354482,14.592273
23.273835,13.869440
21.734750,15.485076
22.376675,15.285932
22.468803,14.007447
21.998130,14.347217
21.722401,16.201784
21.039552,16.412375
8.113315,25.263682
8.698723,25.258973
8.271436,25.805525
7.019726,25.539636
8.506733,24.858223
7.602512,25.589905
7.191251,26.126364
22.212756,13.236480
21.940925,13.694385
22.967194,13.072772
22.528585,13.458321
22.486417,12.779369
24.339618,11.899831
22.939152,13.637276
23.562297,13.385801
23.548719,12.104492
23.107862,12.481652
22.985953,14.352729
22.323160,14.618795
7.378393,24.783384
7.889660,24.629161
6.868719,24.935966
5.558479,26.516996
23.230157,11.357007
22.996785,11.836126
23.968401,11.131648
23.563240,11.552138
23.464610,10.879026
25.239259,9.849350
23.986739,11.696657
24.587145,11.394272
24.467877,10.118680
24.059629,10.530853
24.092603,12.405306
23.453632,12.725775
7.526429,25.174403
7.991102,24.937686
5.999316,25.848334
6.582685,25.891456
6.112147,26.400663
4.886563,26.032400
6.424306,25.475929
5.462993,26.130395
5.009534,26.631198
24.088730,9.399950
23.895541,9.896795
24.805689,9.114430
24.436922,9.566804
24.282838,8.904488
25.966417,7.731374
24.870778,9.676137
25.444022,9.324901
25.219816,8.063702
24.847177,8.507904
25.034660,10.373518
24.424496,10.745577
5.306504,25.308261
5.828457,25.196663
4.785763,25.417730
3.349266,26.884727
24.782804,7.378085
24.631258,7.889981
25.474034,7.034954
25.143420,7.515862
24.935354,6.868581
26.516158,5.559929
25.584709,7.589188
26.127147,7.191968
25.799459,5.953207
25.465209,6.427116
25.805646,8.270421
25.228461,8.691865
5.422125,25.709873
5.904345,25.512448
3.844616,26.255436
4.421994,26.346991
3.911205,26.815661
2.720295,26.346246
4.298823,25.919754
3.287092,26.492022
2.794220,26.954506
25.307734,5.306618
25.198465,5.829048
25.967807,4.906412
25.678992,5.413361
25.416100,4.786011
26.885419,3.350611
26.124134,5.450884
26.631567,5.009680
26.203528,3.801720
25.908422,4.302785
26.400845,6.111006
25.860375,6.578529
3.199171,25.660668
3.727512,25.591902
2.670590,25.725392
1.119688,27.069433
25.660158,3.199999
25.593576,3.727827
26.283131,2.745866
26.039119,3.273987
25.724660,2.671202
27.070731,1.121110
26.485575,3.275551
26.953412,2.793120
26.426891,1.626432
26.176231,2.149000
26.815300,3.910794
26.314824,4.419180
3.280914,26.070777
3.777264,25.912197
1.662666,26.483257
2.231360,26.621689
1.681284,27.047743
0.000000,26.316986
1.068121,25.837189
0.645398,25.852231
2.144941,26.187297
1.600847,25.813641
0.781971,26.569302
1.261737,26.732392
0.557366,27.092765
-0.000000,26.710055
0.589164,26.221052
1.224982,26.211622
25.836661,1.068725
25.812327,1.601767
26.484070,0.000000
25.852572,0.645293
26.592546,0.819060
26.734972,1.325617
26.227244,1.092272
27.092184,0.555595
26.707907,0.000000
26.262664,0.000000
26.187303,0.547479
26.590398,2.231082
