21.018957,0.000000
20.946460,1.735774
20.731136,3.459474
20.374812,5.159794
19.878817,6.824785
19.247287,8.443097
18.484284,10.003629
17.595063,11.495942
16.586071,12.909406
15.462650,14.235650
14.235187,15.463115
12.908839,16.586683
11.495494,17.595708
10.003530,18.484688
8.442721,19.247575
6.824506,19.879311
5.159514,20.375328
3.459432,20.731735
1.735649,20.947485
0.000000,21.020045
-0.000000,22.519233
1.859951,22.441454
3.706695,22.211801
5.528118,21.829677
7.311946,21.298309
9.045625,20.621821
10.717587,19.804382
12.316820,18.852162
13.831503,17.770419
15.251216,16.567743
16.567581,15.251255
17.770210,13.831515
18.851826,12.316822
19.804084,10.717523
20.621579,9.045704
21.298039,7.311828
21.829332,5.527886
22.211251,3.706601
22.440855,1.859516
22.518049,0.000000
10.750172,18.041290
11.517509,19.329221
10.761481,18.905471
10.377495,18.263099
11.472965,18.408396
10.970705,18.454139
11.123039,17.818776
13.074611,18.312220
11.287681,18.893830
11.917613,19.090690
12.283752,17.956152
11.772334,17.985332
12.015927,18.435972
11.703492,18.746555
11.117603,19.567279
9.881973,20.214119
12.203044,17.092073
11.850090,17.343938
12.955761,17.401296
12.456771,17.487569
12.556288,16.839832
14.541912,17.169996
12.807069,17.899198
13.453692,18.041469
13.724455,16.880491
13.216460,16.953046
12.695826,18.582665
9.991071,19.374694
9.140116,19.758944
13.572893,16.025590
13.241779,16.306283
14.349416,16.272091
13.858841,16.398991
13.904574,15.744927
15.910056,15.910321
14.241185,16.780491
14.897224,16.868981
15.071828,15.689095
14.571547,15.803478
14.186628,17.470723
13.497782,17.380665
10.513434,19.360916
10.300401,20.009453
10.235567,18.914799
9.463642,20.418483
8.178889,20.961150
9.223603,18.867157
9.613884,18.676511
9.454460,19.317054
8.834025,19.057971
9.660574,19.780875
14.849818,14.850120
14.543357,15.156769
15.642884,15.031385
15.165089,15.198399
15.156727,14.543385
17.169606,14.542176
15.578450,15.546876
16.239531,15.580927
16.315580,14.391148
15.826532,14.546319
15.580676,16.239615
14.887737,16.206010
8.369031,20.164543
8.874367,20.182386
8.613168,20.791616
7.482770,20.440381
8.615633,19.707132
7.990386,20.519137
7.745166,21.130147
16.025328,13.573187
15.744825,13.904515
16.831352,13.688300
16.368703,13.894170
16.306235,13.241800
18.311804,13.074874
16.808861,14.207491
17.470658,14.186920
17.448535,12.994764
16.973893,13.189605
16.868754,14.897339
16.174314,14.921714
7.634037,19.564578
8.038478,19.406445
7.845512,20.028748
7.230001,19.722463
8.189955,19.770299
6.419880,21.565095
17.091573,12.203203
16.839681,12.556421
17.904303,12.251705
17.460127,12.495027
17.343932,11.850147
19.328781,11.517855
17.924844,12.770926
18.582529,12.695859
18.461772,11.509212
18.004941,11.742847
18.041192,13.453799
17.351682,13.535026
6.673137,20.779860
7.178428,20.842255
6.866713,21.432039
5.768682,20.989172
6.964210,20.349293
6.269979,21.107471
5.973777,21.697767
18.040741,10.750238
17.818745,11.123201
18.854412,10.731261
18.432090,11.010379
18.263131,10.377517
20.213730,9.882190
18.918061,11.246917
19.567164,11.117670
19.349041,9.945561
18.913065,10.215886
19.090513,11.917933
18.410234,12.055704
5.992375,20.128430
6.408562,20.004039
5.576597,20.252407
4.617079,22.021857
18.866902,9.223738
18.676389,9.613794
19.676330,9.137770
19.278421,9.450767
19.057677,8.833983
20.960770,8.179252
19.781962,9.646432
20.418355,9.463867
20.104250,8.313870
19.692101,8.619281
20.009195,10.300456
19.342359,10.494330
6.160778,20.608594
6.531221,20.381841
4.934469,21.260888
5.432622,21.364453
5.073398,21.926177
4.015589,21.394047
5.259534,20.855271
4.505301,21.553440
4.161688,22.117200
19.564185,7.634245
19.406505,8.038754
20.363796,7.481768
19.993114,7.826499
19.722119,7.230105
21.564668,6.420273
20.511000,7.980019
21.130075,7.745384
20.722195,6.625324
20.336673,6.963680
20.791475,8.613041
20.143026,8.861293
4.309709,20.554674
4.734635,20.465120
3.885064,20.643676
2.782762,22.327675
20.127959,5.992465
20.004136,6.408720
20.912275,5.774582
20.571261,6.148711
20.251955,5.576679
22.021260,4.617357
21.099930,6.258983
21.697627,5.973936
21.198673,4.891459
20.842508,5.260569
21.431680,6.866567
20.805961,7.167570
4.438171,21.047150
4.825631,20.851562
3.162274,21.596118
3.650002,21.740458
3.245467,22.270403
2.235673,21.652274
3.519305,21.218419
2.710411,21.851848
2.321248,22.385265
20.554079,4.309852
20.465051,4.734871
21.317853,4.027625
21.008979,4.428821
20.642884,3.885188
22.327241,2.782915
21.544776,4.495188
22.116813,4.161728
21.529959,3.123794
21.205431,3.521443
21.925734,5.073167
21.327006,5.424967
2.597785,20.840671
3.028456,20.786250
2.167122,20.894201
0.929854,22.481277
20.839951,2.598059
20.786012,3.028621
21.576947,2.253707
21.302924,2.678638
20.893355,2.167343
22.480727,0.930089
21.842355,2.700718
22.384389,2.320986
21.714518,1.335982
21.424148,1.758475
22.269694,3.245361
21.702114,3.644597
2.685592,21.342024
3.087372,21.178483
1.367593,21.782620
1.842112,21.966944
1.395046,22.462302
0.000000,21.561759
0.867658,20.984230
0.524656,20.997770
1.755847,21.437053
1.301495,20.965872
0.644722,21.870500
1.040621,22.075804
0.464565,22.500577
0.000000,22.039458
0.479266,21.446432
1.002502,21.443788
20.983307,0.867814
20.964818,1.301725
21.765857,0.000000
20.997050,0.524632
21.897238,0.674301
22.080165,1.093277
21.460347,0.893860
22.499661,0.464212
22.038081,0.000000
21.494316,0.000000
21.404267,0.444649
21.928709,1.840616
