20.760159,0.000000
20.688785,1.714408
20.476102,3.416936
20.124194,5.096306
19.634307,6.740810
19.010538,8.339210
18.256929,9.880555
17.378671,11.354524
16.382108,12.750600
15.272499,14.060532
14.060135,15.272904
12.750131,16.382630
11.354152,17.379226
9.880449,18.257308
8.338896,19.010836
6.740572,19.634781
5.096071,20.124709
3.416883,20.476711
1.714300,20.689747
-0.000000,20.761182
-0.000000,22.277764
1.839917,22.200924
3.666898,21.973712
5.468814,21.595678
7.233516,21.069992
8.948640,20.400746
10.602641,19.592059
12.184751,18.650059
13.683211,17.579939
15.087714,16.390151
16.389980,15.087785
17.579725,13.683256
18.649740,12.184783
19.591764,10.602618
20.400488,8.948720
21.069698,7.233435
21.595300,5.468635
21.973148,3.666813
22.200285,1.839575
22.276665,-0.000000
10.617797,17.819089
11.393925,19.121771
10.637898,18.688408
10.249604,18.038283
11.340469,18.195819
10.841394,18.236560
10.986135,17.599364
12.934319,18.115696
11.161029,18.681853
11.789671,18.885915
12.142763,17.750046
11.633917,17.773878
11.881093,18.229132
11.573212,18.538025
10.998328,19.357271
9.775915,19.997168
12.052801,16.881588
11.704088,17.130445
12.806186,17.200438
12.310003,17.281433
12.401731,16.632448
14.385876,16.985731
12.663369,17.698422
13.309239,17.847932
13.566900,16.686767
13.061106,16.753773
12.559622,18.383228
9.876808,19.153179
9.035303,19.532467
13.405794,15.828284
13.078643,16.105571
14.183799,16.084280
13.695574,16.205717
13.733370,15.551024
15.739339,15.739586
14.081396,16.592255
14.737288,16.688027
14.898814,15.509015
14.400259,15.617705
14.034487,17.283216
13.346388,17.185682
10.395770,19.144156
10.189740,19.794768
10.115358,18.692618
9.362165,20.199340
8.091152,20.736185
9.110032,18.634843
9.495485,18.446514
9.343422,19.090162
8.725108,18.823295
9.552240,19.559042
14.666993,14.667271
14.364203,14.970205
15.462327,14.857869
14.986410,15.019268
14.970121,14.364275
16.985384,14.386114
15.403673,15.372488
16.065193,15.413791
16.128296,14.225963
15.640489,14.375326
15.413559,16.065300
14.720748,16.024200
8.273643,19.934674
8.775197,19.956818
8.520576,20.568567
7.396948,20.206010
8.514505,19.475703
7.900786,20.289160
7.662149,20.903399
15.828030,13.406060
15.550889,13.733373
16.637087,13.530293
16.175840,13.730407
16.105475,13.078706
18.115320,12.934550
16.620283,14.048130
17.283115,14.034744
17.248246,12.845613
16.774366,13.034570
16.687805,14.737412
15.992894,14.754307
7.540050,19.323661
7.939553,19.167525
7.753370,19.793577
7.140855,19.479611
8.092769,19.535767
6.351048,21.333663
16.881146,12.052958
16.632269,12.401872
17.697648,12.110270
17.254407,12.347757
17.130373,11.704170
19.121372,11.394214
17.723750,12.627673
18.383064,12.559677
18.249838,11.377090
17.793283,11.604814
17.847663,13.309350
17.157060,13.383172
6.597019,20.542834
7.098231,20.609217
6.792876,21.202086
5.702528,20.748531
6.882456,20.110305
6.199648,20.870891
5.909767,21.464954
17.818603,10.617879
17.599268,10.986290
18.636765,10.607352
18.214889,10.880592
18.038235,10.249652
19.996801,9.776103
18.705806,11.120746
19.357116,10.998406
19.126904,9.831377
18.690705,10.095792
18.885714,11.789940
18.203728,11.920432
5.918594,19.880578
6.329679,19.757802
5.507818,20.003038
4.567607,21.785534
18.634574,9.110164
18.446348,9.495448
19.449186,9.032252
19.051225,9.339350
18.822998,8.725109
20.735815,8.091443
19.560002,9.538210
20.199169,9.362356
19.873444,8.218416
19.460581,8.517957
19.794500,10.189806
19.125368,10.376553
6.088409,20.366585
6.453764,20.140162
4.878197,21.018387
5.371959,21.125609
5.018804,21.690919
3.969536,21.148759
5.197802,20.610373
4.454749,21.311879
4.117105,21.879900
19.323275,7.540238
19.167483,7.939792
20.128728,7.395362
19.757487,7.734228
19.479259,7.140963
21.333238,6.351346
20.280857,7.890489
20.903259,7.662326
20.484304,6.549249
20.097582,6.881829
20.568377,8.520499
19.917042,8.761838
4.256653,20.301568
4.676383,20.213223
3.837134,20.389491
2.752985,22.088104
19.880112,5.918691
19.757769,6.329826
20.670877,5.707887
20.328831,6.076221
20.002581,5.507906
21.784949,4.567810
20.863197,6.188772
21.464740,5.909887
20.955341,4.835312
20.597472,5.198735
21.201713,6.792774
20.572542,7.087120
4.386031,20.800010
4.768398,20.604317
3.126219,21.349823
3.609286,21.497415
3.210488,22.031414
2.210065,21.404051
3.477994,20.969235
2.679971,21.606951
2.296371,22.145040
20.300978,4.256784
20.213038,4.676585
21.071792,3.981124
20.761369,4.376621
20.388747,3.837248
22.087607,2.753086
21.303069,4.444744
21.879465,4.117129
21.282779,3.087941
20.956145,3.480022
21.690454,5.018626
21.087743,5.364083
2.565775,20.584026
2.991219,20.530400
2.140337,20.636976
0.919868,22.240045
20.583309,2.565999
20.530055,2.991363
21.327945,2.227670
21.051795,2.647082
20.636155,2.140519
22.239429,0.920038
21.597277,2.670379
22.144201,2.296162
21.465306,1.320624
21.172264,1.737780
22.030714,3.210396
21.458666,3.603730
2.654056,21.091366
3.050775,20.927370
1.352031,21.534113
1.821577,21.721353
1.379998,22.221190
0.000000,21.309822
0.857019,20.725809
0.518277,20.739314
1.735240,21.185261
1.285546,20.707781
0.637464,21.622186
1.028959,21.830171
0.459668,22.259141
-0.000000,21.793003
0.473431,21.193205
0.990694,21.190978
20.724910,0.857143
20.706789,1.285728
21.516388,0.000000
20.738568,0.518260
21.649203,0.666647
21.834702,1.081038
21.207663,0.883316
22.258248,0.459400
21.791752,0.000000
21.241550,0.000000
21.150545,0.439184
21.682693,1.820014
