21.015694,0.000000
20.943212,1.735505
20.727921,3.458938
20.371653,5.158994
19.875734,6.823727
19.244303,8.441788
18.481418,10.002078
17.592335,11.494160
16.583500,12.907405
15.460253,14.233444
14.232981,15.460719
12.906839,16.584112
11.493712,17.592981
10.001978,18.481824
8.441413,19.244593
6.823449,19.876231
5.158715,20.372171
3.458896,20.728523
1.735380,20.944239
0.000000,21.016785
-0.000000,22.516189
1.859698,22.438423
3.706193,22.208800
5.527370,21.826727
7.310957,21.295431
9.044402,20.619034
10.716138,19.801705
12.315154,18.849615
13.829632,17.768018
15.249154,16.565504
16.565341,15.249194
17.767807,13.829646
18.849277,12.315157
19.801405,10.716074
20.618790,9.044481
21.295158,7.310840
21.826379,5.527139
22.208247,3.706099
22.437820,1.859264
22.515004,0.000000
10.748504,18.038491
11.515951,19.326606
10.759923,18.902736
10.375883,18.260267
11.471295,18.405717
10.969075,18.451398
11.121314,17.816012
13.072842,18.309742
11.286084,18.891158
11.916000,19.088109
12.281974,17.953554
11.770589,17.982668
12.014227,18.433365
11.701849,18.743927
11.116099,19.564632
9.880635,20.211384
12.201151,17.089421
11.848249,17.341248
12.953876,17.398765
12.454921,17.484972
12.554340,16.837219
14.539944,17.167673
12.805257,17.896667
13.451870,18.039029
13.722469,16.878049
13.214502,16.950535
12.694108,18.580150
9.989630,19.371903
9.138795,19.756090
13.570787,16.023104
13.239723,16.303755
14.347328,16.269724
13.856783,16.396556
13.902416,15.742485
15.907903,15.908168
14.239170,16.778118
14.895207,16.866699
15.069646,15.686825
14.569388,15.801137
14.184709,17.468359
13.495873,17.378207
10.511950,19.358184
10.299005,20.006747
10.234051,18.912000
9.462363,20.415720
8.177782,20.958314
9.222172,18.864231
9.612392,18.673614
9.453060,19.314195
8.832652,19.055015
9.659208,19.778080
14.847513,14.847817
14.541098,15.154419
15.640607,15.029198
15.162836,15.196142
15.154375,14.541128
17.167282,14.540209
15.576246,15.544678
16.237332,15.578820
16.313218,14.389066
15.824186,14.544164
15.578568,16.237417
14.885631,16.203718
8.367828,20.161647
8.873117,20.179543
8.612000,20.788805
7.481688,20.437428
8.614358,19.704216
7.989256,20.516238
7.744119,21.127289
16.022841,13.571082
15.742381,13.902358
16.828903,13.686309
16.366271,13.892106
16.303704,13.239746
18.309325,13.073105
16.806483,14.205483
17.468292,14.185001
17.446010,12.992884
16.971377,13.187652
16.866471,14.895323
16.172026,14.919604
7.632853,19.561543
8.037232,19.403436
7.844351,20.025785
7.228877,19.719404
8.188730,19.767344
6.419012,21.562178
17.088921,12.201311
16.837067,12.554474
17.901698,12.249922
17.457533,12.493171
17.341240,11.848308
19.326164,11.516296
17.922307,12.769121
18.580013,12.694142
18.459100,11.507546
18.002273,11.741108
18.038751,13.451977
17.349227,13.533111
6.672178,20.776873
7.177416,20.839318
6.865782,21.429140
5.767848,20.986139
6.963179,20.346282
6.269093,21.104490
5.972970,21.694832
18.037940,10.748570
17.815978,11.121476
18.851667,10.729699
18.429351,11.008743
18.260296,10.375906
20.210993,9.880853
18.915384,11.245326
19.564514,11.116166
19.346240,9.944122
18.910261,10.214373
19.087930,11.916319
18.407630,12.053999
5.991445,20.125308
6.407568,20.000938
5.575730,20.249266
4.616455,22.018879
18.863974,9.222307
18.673489,9.612303
19.673466,9.136440
19.275557,9.449363
19.054719,8.832611
20.957932,8.178144
19.779163,9.645067
20.415590,9.462587
20.101339,8.312667
19.689182,8.618004
20.006486,10.299060
19.339623,10.492845
6.159866,20.605545
6.530244,20.378797
4.933760,21.257832
5.431857,21.361443
5.072710,21.923212
4.015009,21.390956
5.258755,20.852186
4.504663,21.550396
4.161125,22.114209
19.561148,7.633061
19.403492,8.037507
20.360831,7.480679
19.990143,7.825336
19.719058,7.228982
21.561748,6.419404
20.508097,7.978890
21.127213,7.744337
20.719194,6.624366
20.333658,6.962649
20.788660,8.611874
20.140175,8.860039
4.309041,20.551486
4.733901,20.461947
3.884460,20.640474
2.782387,22.324655
20.124835,5.991535
20.001030,6.407726
20.909230,5.773741
20.568204,6.147798
20.248811,5.575812
22.018278,4.616733
21.096944,6.258098
21.694689,5.973128
21.195604,4.890751
20.839418,5.259790
21.428779,6.865636
20.803017,7.166555
4.437513,21.044037
4.824910,20.848447
3.161820,21.593014
3.649488,21.737395
3.245026,22.267391
2.235350,21.649146
3.518785,21.215280
2.710028,21.848762
2.320934,22.382237
20.550888,4.309183
20.461874,4.734136
21.314750,4.027039
21.005856,4.428163
20.639681,3.884584
22.324218,2.782539
21.541727,4.494552
22.113819,4.161166
21.526841,3.123342
21.202287,3.520921
21.922766,5.072479
21.323988,5.424199
2.597382,20.837439
3.027987,20.783027
2.166784,20.890961
0.929728,22.478236
20.836715,2.597655
20.782786,3.028151
21.573806,2.253379
21.299757,2.678241
20.890112,2.167005
22.477683,0.929962
21.839264,2.700336
22.381359,2.320673
21.711375,1.335788
21.420972,1.758214
22.266679,3.244920
21.699043,3.644082
2.685195,21.338866
3.086911,21.175319
1.367397,21.779489
1.841853,21.963849
1.394856,22.459263
0.000000,21.558585
0.867524,20.980976
0.524576,20.994515
1.755587,21.433881
1.301294,20.962622
0.644630,21.867371
1.040474,22.072708
0.464503,22.497534
-0.000000,22.036352
0.479192,21.443242
1.002353,21.440603
20.980049,0.867680
20.961565,1.301523
21.762710,0.000000
20.993791,0.524551
21.894110,0.674205
22.077069,1.093123
21.457160,0.893727
22.496615,0.464151
22.034973,0.000000
21.491129,0.000000
21.401068,0.444580
21.925606,1.840357
