21.618791,-0.000000
21.543743,1.785289
21.322280,3.558064
20.955714,5.306944
20.445552,7.019422
19.796030,8.683887
19.011257,10.288898
18.096637,11.823740
17.058848,13.277511
15.903415,14.641563
14.640956,15.904011
13.276726,17.059650
11.823122,18.097474
10.288819,19.011712
8.683377,19.796301
7.019059,20.446092
5.306571,20.956222
3.558061,21.322830
1.785139,21.544860
-0.000000,21.619966
-0.000000,23.080268
1.906488,23.000352
3.799155,22.765035
5.665918,22.373409
7.494187,21.828834
9.270987,21.135514
10.984680,20.297734
12.623707,19.321772
14.176089,18.213037
15.631153,16.980414
16.980281,15.631111
18.212848,14.176025
19.321413,12.623634
20.297436,10.984513
21.135304,9.271056
21.828614,7.493986
22.373140,5.665569
22.764530,3.799059
22.999887,1.905860
23.078965,0.000000
11.056997,18.556294
11.804675,19.811244
11.048302,19.409235
10.673930,18.784165
11.780441,18.901696
11.270677,18.958850
11.440358,18.327327
13.400603,18.768863
11.581745,19.385988
12.214908,19.566499
12.610980,18.434499
12.093451,18.475874
12.328994,18.916214
12.006025,19.230785
11.394743,20.055252
10.128411,20.718212
12.551295,17.579932
12.188515,17.838766
13.302884,17.867423
12.797249,17.965749
12.914533,17.320510
14.904494,17.598162
13.140717,18.365365
13.789351,18.491173
14.090136,17.330117
13.576879,17.415346
13.012306,19.046082
10.256282,19.888830
9.383383,20.284578
13.960216,16.482921
13.619927,16.771496
14.733771,16.707948
14.237605,16.847350
14.301398,16.194373
16.306753,16.307049
14.612201,17.217548
15.268871,17.289452
15.473392,16.107055
14.968935,16.234460
14.540152,17.906436
13.849312,17.833392
10.786652,19.864203
10.557538,20.508279
10.514450,19.430224
9.699433,20.927675
8.382766,21.483868
9.486843,19.405605
9.888298,19.209597
9.712065,19.843407
9.086478,19.601892
9.912112,20.295920
15.273590,15.273945
14.958625,15.589195
16.061912,15.434066
15.579603,15.613952
15.589252,14.958544
17.597683,14.904810
15.984264,15.951782
16.644643,15.969292
16.750261,14.774537
16.258147,14.943017
15.969004,16.644675
15.275481,16.628154
8.590449,20.698094
9.104646,20.706150
8.828322,21.309880
7.681963,20.984335
8.850244,20.244023
8.198426,21.053099
7.938063,21.657020
16.482644,13.960573
16.194355,14.301195
17.282191,14.054991
16.816116,14.274072
16.771563,13.619839
18.768367,13.400932
17.246722,14.577508
17.906453,14.540518
17.913399,13.340939
17.436787,13.549283
17.289223,15.268966
16.595565,15.310419
7.851891,20.122970
8.267761,19.960217
8.059281,20.574318
7.436633,20.285339
8.415371,20.314283
6.579831,22.102845
17.579316,12.551460
17.320441,12.914641
18.383887,12.579931
17.937363,12.836666
17.838916,12.188509
19.810719,11.805140
18.391755,13.103540
19.046020,13.012284
18.953651,11.815856
18.495969,12.063076
18.490892,13.789453
17.803582,13.887615
6.849826,21.330022
7.364653,21.383359
7.038290,21.966342
5.922226,21.547682
7.153875,20.903716
6.433279,21.656768
6.122512,22.238734
18.555612,11.057032
18.327455,11.440533
19.359488,11.018807
18.935944,11.311455
18.784384,10.673891
20.717776,10.128683
19.410874,11.539858
20.055230,11.394778
19.864586,10.210565
19.428906,10.494489
19.566392,12.215342
18.889722,12.369787
6.163393,20.702897
6.591390,20.574776
5.736026,20.830395
4.732042,22.570975
19.405385,9.486982
19.209576,9.888089
20.203437,9.382633
19.805451,9.709224
19.601599,9.086334
21.483462,8.383279
20.297298,9.897694
20.927646,9.699723
20.639914,8.535405
20.229188,8.854335
20.508053,10.557562
19.846176,10.767784
6.328677,21.170026
6.710880,20.942416
5.065094,21.823759
5.573490,21.919045
5.200263,22.472811
4.122482,21.963341
5.402749,21.423411
4.622673,22.114306
4.265275,22.668596
20.122563,7.852132
19.960506,8.268110
20.909294,7.682278
20.539700,8.040539
20.285008,7.436718
22.102413,6.580431
21.045334,8.187885
21.657096,7.938367
21.274305,6.801884
20.891329,7.153560
21.309853,8.828075
20.667712,9.092204
4.432693,21.141316
4.869651,21.048978
3.996175,21.232826
2.851952,22.884337
20.702421,6.163453
20.575168,6.591566
21.472476,5.929357
21.133635,6.316864
20.829955,5.736081
22.570359,4.732491
21.649572,6.421996
22.238763,6.122754
21.763427,5.021769
21.410964,5.404013
21.966026,7.038036
21.347920,7.354357
4.559140,21.620489
4.958383,21.425049
3.245972,22.167793
3.744553,22.304798
3.326752,22.825698
2.295120,22.228377
3.615148,21.796495
2.781088,22.420453
2.379044,22.943440
21.140729,4.432850
21.049184,4.869951
21.888885,4.135539
21.583380,4.549909
21.231943,3.996312
22.884075,2.852237
22.105984,4.612312
22.668332,4.265353
22.103652,3.207006
21.783757,3.617528
22.472434,5.199911
21.882543,5.566328
2.671985,21.435510
3.114760,21.379262
2.229217,21.490393
0.953054,23.041777
21.434817,2.672357
21.379295,3.114960
22.154830,2.314135
21.885491,2.751844
21.489535,2.229512
23.041440,0.953441
22.411400,2.771161
22.942522,2.378669
22.292945,1.371627
22.008516,1.806486
22.825001,3.326617
22.267375,3.739491
2.758766,21.923506
3.172263,21.760933
1.403731,22.359407
1.889794,22.537190
1.430006,23.022515
0.000000,22.146251
0.892336,21.583169
0.539467,21.596809
1.803660,22.021166
1.338465,21.564074
0.661567,22.446881
1.067702,22.646165
0.475933,23.061555
0.000000,22.611687
0.492798,22.033800
1.029888,22.030222
21.582251,0.892561
21.562938,1.338793
22.344901,0.000000
21.596205,0.539425
22.473059,0.692068
22.650211,1.121708
22.046564,0.918308
23.060647,0.475388
22.610103,0.000000
22.080716,0.000000
21.992805,0.457320
22.499951,1.888455
