20.000015,-0.000000
19.932014,1.651601
19.727014,3.291902
19.388015,4.909704
18.916014,6.494005
18.315014,8.033906
17.589014,9.518907
16.743012,10.939008
15.783012,12.284010
14.714011,13.546010
13.546010,14.714011
12.284010,15.783012
10.939008,16.743012
9.518907,17.589014
8.033906,18.315014
6.494005,18.916014
4.909704,19.388015
3.291902,19.727014
1.651601,19.932014
0.000000,20.000015
-0.000000,21.570013
1.781201,21.496014
3.550302,21.276013
5.295104,20.910013
7.003804,20.401012
8.664606,19.753013
10.266006,18.970011
11.798008,18.058012
13.249008,17.022010
14.609010,15.870010
15.870010,14.609010
17.022010,13.249008
18.058012,11.798008
18.970011,10.266006
19.753013,8.664606
20.401012,7.003804
20.910013,5.295104
21.276013,3.550302
21.496014,1.781201
21.570013,0.000000
10.228957,17.166013
11.032007,18.514012
10.275457,18.051513
9.873933,17.377513
10.951854,17.572022
10.461940,17.597749
10.583983,16.954513
12.523508,17.540012
10.789779,18.060218
11.415007,18.286011
11.729317,17.145371
11.227783,17.153142
11.485885,17.622599
11.191408,17.926630
10.649007,18.742013
9.465306,19.361512
11.611508,16.263013
11.275259,16.503013
12.367520,16.611115
11.879362,16.676293
11.947759,16.023013
13.929009,16.446010
12.242184,17.109709
12.886258,17.281011
13.104906,16.118490
12.605317,16.168871
12.160758,17.799011
9.541730,18.503263
8.727911,18.867937
12.915010,15.248511
12.599509,15.515761
13.698116,15.533290
13.216557,15.638404
13.230510,14.981261
15.239510,15.239510
13.613089,16.040365
14.269009,16.158011
14.391508,14.980796
13.897743,15.072468
13.589008,16.734010
12.902690,16.613992
10.050887,18.508502
9.865656,19.165763
9.762643,18.040338
9.064956,19.557262
7.834205,20.077013
8.776406,17.952013
9.147657,17.770513
9.017610,18.424030
8.405157,18.133513
9.234680,18.908449
14.130011,14.130011
13.838011,14.422011
14.932834,14.348833
14.462169,14.493498
14.422011,13.838011
16.446010,13.929009
14.891456,14.861216
15.554760,14.924259
15.579142,13.741437
15.094674,13.873487
14.924259,15.554760
14.231367,15.491174
7.993931,19.260240
8.484517,19.295330
8.249405,19.915014
7.145249,19.518280
8.217763,18.796247
7.638123,19.614664
7.419005,20.239013
15.248511,12.915010
14.981261,13.230510
16.067369,13.066758
15.609967,13.249753
15.515761,12.599509
17.540012,12.523508
16.067603,13.580918
16.734010,13.589008
16.660919,12.408108
16.188957,12.579562
16.158011,14.269009
15.461223,14.263517
7.263955,18.615513
7.648931,18.465264
7.482996,19.103121
6.878980,18.765765
7.807505,18.847029
6.149454,20.655514
16.263013,11.611508
16.023013,11.947759
17.091545,11.695327
16.650765,11.915500
16.503013,11.275259
18.514012,11.032007
17.134354,12.207661
17.799011,12.160758
17.628302,10.989507
17.172229,11.199680
17.281011,12.886258
16.586673,12.937968
6.373799,19.847367
6.863164,19.925779
6.576629,20.528263
5.508509,20.042372
6.642554,19.408619
5.993468,20.176998
5.722278,20.782762
17.166013,10.228957
16.954513,10.583983
17.998366,10.243795
17.577497,10.499615
17.377513,9.873933
19.361512,9.465306
18.083632,10.750787
18.742013,10.649007
18.475393,9.496384
18.038190,9.743279
18.286011,11.415007
17.598456,11.523813
5.701854,19.152015
6.097930,19.034015
5.305779,19.270015
4.422703,21.093014
17.952013,8.776406
17.770513,9.147657
18.782892,8.722630
18.384458,9.012267
18.133513,8.405157
20.077013,7.834205
18.909334,9.220859
19.557262,9.064956
19.196501,7.938361
18.781162,8.220518
19.165763,9.865656
18.489303,10.031197
5.876056,19.656014
6.226416,19.430419
4.713179,20.306819
5.194142,20.425116
4.858903,21.001513
3.834466,20.428920
5.016652,19.891309
4.306542,20.603337
3.986503,21.184513
18.615513,7.263955
18.465264,7.648931
19.439207,7.141815
19.065983,7.463343
18.765765,6.878980
20.655514,6.149454
19.606199,7.627946
20.239013,7.419005
19.786619,6.326052
19.395979,6.641547
19.915014,8.249405
19.254589,8.470196
4.100803,19.557515
4.505253,19.472764
3.696353,19.642265
2.665752,21.386013
19.152015,5.701854
19.034015,6.097930
19.962849,5.512191
19.617402,5.863400
19.270015,5.305779
21.093014,4.422703
20.169270,5.982898
20.782762,5.722278
20.241770,4.670601
19.878484,5.017215
20.528263,6.576629
19.888315,6.851219
4.233035,20.074334
4.600407,19.878198
3.020487,20.627074
3.489933,20.784552
3.108027,21.331013
2.134970,20.675549
3.356764,20.237527
2.590716,20.888570
2.223476,21.441014
19.557515,4.100803
19.472764,4.505253
20.350158,3.844688
20.034818,4.223373
19.642265,3.696353
21.386013,2.665752
20.594643,4.296841
21.184513,3.986503
20.558001,2.982767
20.224757,3.358428
21.001513,4.858903
20.386448,5.185565
2.471752,19.829515
2.881827,19.778264
2.061677,19.880765
0.890601,21.533015
19.829515,2.471752
19.778264,2.881827
20.597787,2.151288
20.314981,2.554448
19.880765,2.061677
21.533015,0.890601
20.879040,2.581437
21.441014,2.223476
20.734639,1.275573
20.433328,1.677036
21.331013,3.108027
20.745179,3.483923
2.561525,20.355298
2.943361,20.189836
1.306416,20.804795
1.761373,21.000964
1.335901,21.514513
0.000000,20.570014
0.825801,19.966014
0.499577,19.979446
1.674779,20.445832
1.238701,19.949014
0.616171,20.893489
0.994771,21.109669
0.445300,21.551514
0.000000,21.070014
0.456301,20.449424
0.956031,20.448478
19.966014,0.825801
19.949014,1.238701
20.785014,0.000000
19.979446,0.499577
20.922198,0.644199
21.115550,1.045182
20.466392,0.852341
21.551514,0.445300
21.070014,0.000000
20.500014,0.000000
20.406080,0.423128
20.961766,1.759618
