25.150794,0.000000
25.061789,2.076888
24.804066,4.138777
24.377275,6.173690
23.783667,8.165892
23.028140,10.102173
22.115169,11.969258
21.051060,13.754670
19.843741,15.445853
18.499784,17.032563
17.031196,18.501067
15.443900,19.845529
13.753116,21.052854
11.969264,22.115891
10.100933,23.028496
8.165044,23.784509
6.172774,24.377808
4.139029,24.804430
2.076737,25.063274
-0.000000,25.152195
-0.000000,26.417774
2.183133,26.325993
4.349006,26.056949
6.485668,25.608776
8.578378,24.985559
10.611879,24.192001
12.573782,23.233114
14.449717,22.115850
16.226417,20.846670
17.891839,19.435895
19.435930,17.891341
20.846586,16.225967
22.115461,14.449216
23.232765,12.573085
24.191759,10.611916
24.985367,8.577877
25.608714,6.484857
26.056437,4.349182
26.326241,2.181764
26.416333,-0.000000
12.864150,21.589328
13.513262,22.679003
12.746495,22.391986
12.419936,21.852984
13.600214,21.821149
13.043313,21.941123
13.309078,21.322645
15.340191,21.485649
13.325737,22.304774
13.983846,22.397289
14.548625,21.266908
13.991506,21.375311
14.185853,21.764512
13.801371,22.104342
13.043367,22.958598
11.594657,23.717211
14.602493,20.453233
14.182010,20.753071
15.357426,20.626343
14.809378,20.791420
15.024378,20.151707
17.061818,20.145555
15.119481,21.130159
15.786451,21.166683
16.255389,19.992655
15.707329,20.148071
14.895000,21.803396
11.827074,22.933982
10.823920,23.397346
16.241573,19.176670
15.847404,19.511410
17.008717,19.287779
16.476124,19.496991
16.638344,18.841704
18.667047,18.667391
16.812635,19.809684
17.480131,19.791059
17.851169,18.582027
17.317947,18.782004
16.643443,20.499064
15.934470,20.518642
12.407566,22.849593
12.087472,23.475923
12.163132,22.476836
11.102146,23.957208
9.596005,24.593725
11.037311,22.576845
11.504131,22.349483
11.234928,22.954520
10.573451,22.805325
11.404049,23.350484
17.769601,17.770293
17.404624,18.135998
18.542105,17.817438
18.029282,18.069725
18.136498,17.403949
20.144649,17.062338
18.391080,18.353210
19.054944,18.279875
19.324127,17.044762
18.809437,17.287951
18.279360,19.054914
17.575405,19.132004
9.902279,23.858718
10.470917,23.813596
10.108466,24.393215
8.861583,24.205491
10.237131,23.417736
9.432305,24.220044
9.085628,24.791866
19.176216,16.242344
18.842141,16.637437
19.950625,16.225411
19.460214,16.519190
19.512013,15.846596
21.484789,15.340812
19.843585,16.772063
20.499329,16.644186
20.665967,15.390852
20.172939,15.675419
19.790821,17.480271
19.094222,17.615961
9.135198,23.411717
9.617931,23.221939
9.322993,23.799234
8.653781,23.600435
9.746646,23.527414
7.531697,25.302236
20.452052,14.602812
20.152126,15.024339
21.222415,14.522637
20.757669,14.855707
20.753960,14.181614
22.677994,13.514280
21.160880,15.076250
21.803623,14.894767
21.866073,13.631651
21.398353,13.956030
21.166415,15.786710
20.484007,15.978945
7.896586,24.589000
8.469634,24.593529
8.059255,25.145022
6.831526,24.855104
8.275033,24.180971
7.401795,24.914716
7.007379,25.457473
21.588002,12.864147
21.323629,13.309394
22.348771,12.720695
21.913415,13.090713
21.854044,12.419665
23.716471,11.595108
22.333483,13.277224
22.958902,13.043265
22.917019,11.779738
22.477816,12.141327
22.397612,13.984965
21.733716,14.232702
7.170805,24.086337
7.667923,23.936532
6.675201,24.234632
5.416252,25.838078
22.576769,11.037534
22.349814,11.503383
23.323027,10.831847
22.919794,11.236574
22.804737,10.572759
24.593068,9.597110
23.353405,11.387839
23.957526,11.102748
23.811509,9.847191
23.403640,10.243728
23.475881,12.087373
22.834323,12.389646
7.321284,24.488636
7.771980,24.253790
5.839055,25.158056
6.409380,25.209377
5.955236,25.724902
4.755536,25.334643
6.249346,24.781878
5.318748,25.440955
4.881492,25.949406
23.411181,9.135518
23.223318,9.618617
24.137779,8.868949
23.769604,9.305452
23.599927,8.653731
25.301608,7.533345
24.214099,9.420657
24.792476,9.086368
24.543293,7.847337
24.169705,8.275949
24.393802,10.107596
23.779557,10.461739
5.157204,24.596446
5.664696,24.488087
4.650848,24.702837
3.263685,26.196431
24.085751,7.170573
23.938351,7.668215
24.788092,6.845438
24.456831,7.310554
24.234047,6.675088
25.837261,5.417556
24.909195,7.388816
25.458143,7.008029
25.107402,5.793477
24.770893,6.251896
25.145028,8.058365
24.562270,8.462246
5.274317,25.009540
5.742436,24.812775
3.741922,25.554325
4.305655,25.652932
3.810611,26.129224
2.647364,25.640101
4.181727,25.213599
3.200235,25.793044
2.722799,26.264397
24.595882,5.157337
24.489630,5.665252
25.268605,4.774272
24.977709,5.265502
24.701322,4.651069
26.196977,3.264841
25.434357,5.306935
25.949671,4.881652
25.500538,3.699744
25.202047,4.185430
25.724956,5.954220
25.177480,6.404760
3.109098,24.938902
3.622872,24.872232
2.595166,25.001928
1.091024,26.376462
24.938353,3.109866
24.873639,3.623172
25.575433,2.671856
25.327930,3.184559
25.001146,2.595738
26.377480,1.092280
25.786195,3.188964
26.263311,2.721824
25.718042,1.582729
25.462505,2.090331
26.128763,3.810265
25.619982,4.302473
3.191472,25.360545
3.673705,25.201586
1.618199,25.775956
2.172707,25.920361
1.638035,26.355240
0.000000,25.602492
1.038047,25.110511
0.627231,25.125239
2.086465,25.473816
1.556065,25.087651
0.761322,25.862087
1.228417,26.030655
0.543373,26.399172
-0.000000,26.006357
0.572679,25.504159
1.191595,25.495661
25.109888,1.038597
25.086331,1.556886
25.774231,0.000000
25.125416,0.627133
25.885734,0.797284
26.033418,1.290586
25.511332,1.062519
26.398517,0.541800
26.004229,0.000000
25.546510,0.000000
25.469294,0.532062
25.888172,2.172251
