28.805035,0.000000
28.702733,2.378804
28.407560,4.739976
27.918642,7.070878
27.238741,9.352630
26.373492,11.570175
25.327854,13.708521
24.109076,15.753302
22.726320,17.690169
21.187268,19.507263
19.505327,21.189032
17.687241,22.728854
15.750981,24.111516
13.708635,25.328661
11.568203,26.373955
9.351229,27.239756
7.069315,27.919166
4.740317,28.407838
2.378716,28.704514
0.000000,28.806549
-0.000000,29.917272
2.472955,29.813993
4.925211,29.509433
7.345067,29.001934
9.715162,28.296186
12.018027,27.397462
14.240208,26.311472
16.364775,25.045934
18.376675,23.608606
20.262711,22.011030
22.011302,20.261728
23.608662,18.375908
25.045686,16.363849
26.311106,14.239128
27.397077,12.018209
28.295909,9.714697
29.001957,7.344173
29.508689,4.926030
29.814746,2.471310
29.916193,0.000000
14.734568,24.728040
15.305147,25.686199
14.515932,25.500056
14.227037,25.028967
15.495440,24.861416
14.885735,25.040445
15.242742,24.422817
17.374312,24.334476
15.146883,25.352667
15.839110,25.365711
16.567845,24.218473
15.964957,24.389706
16.125123,24.739032
15.677627,25.107525
14.771887,26.003392
13.132382,26.861958
16.725465,23.426828
16.245372,23.769062
17.497207,23.499683
16.900865,23.728136
17.207613,23.081971
19.324234,22.816797
17.185799,24.017329
17.880800,23.972280
18.511614,22.767339
17.922433,22.989338
16.868968,24.695079
13.464484,26.108463
12.325138,26.641609
18.602760,21.964673
18.152912,22.346861
19.378099,21.974652
18.803006,22.250916
19.056451,21.581741
21.142303,21.142470
19.110443,22.516511
19.799059,22.414248
20.328909,21.161142
19.760308,21.430644
18.848982,23.218140
18.112315,23.322960
14.101006,25.967869
13.691951,26.587827
13.877670,25.644460
12.572934,27.134311
10.868668,27.854736
12.642117,25.858755
13.175857,25.599307
12.818500,26.188972
12.112491,26.120457
12.962155,26.540216
20.352962,20.353871
19.936215,20.771581
21.125290,20.299576
20.575537,20.622161
20.772305,19.935022
22.815613,19.324819
20.904410,20.860885
21.582517,20.702747
22.006199,19.410516
21.462079,19.725983
20.701994,21.582704
19.977499,21.746864
11.270324,27.154134
11.898418,27.060143
11.450842,27.626449
10.090994,27.562512
11.679301,26.717787
10.720860,27.527309
10.288874,28.079452
21.964029,18.603941
21.582560,19.055046
22.729798,18.485855
22.208558,18.852716
22.347810,18.151346
24.333466,17.375042
22.555360,19.063772
23.218406,18.849999
23.534275,17.527080
23.017774,17.886025
22.414039,19.799419
21.703860,20.023749
10.463689,26.815273
11.014879,26.597801
10.637022,27.152236
9.913590,27.031130
11.129302,26.864984
8.530218,28.657228
23.425283,16.726000
23.082866,17.207455
24.178767,16.545866
23.689142,16.954327
23.770438,16.244599
25.684799,15.306543
24.052527,17.136321
24.695402,16.868661
24.900897,15.523902
24.416000,15.924243
23.972060,17.881389
23.283461,18.163044
8.988116,27.986845
9.624234,27.947177
9.129991,28.478097
7.779177,28.302072
9.440833,27.588560
8.413194,28.317026
7.935247,28.833024
24.726394,14.734583
24.424528,15.243251
25.462063,14.493112
25.008178,14.940079
25.030515,14.226684
26.861061,13.132844
25.385351,15.091529
26.003783,14.771753
26.097706,13.414976
25.647728,13.853639
25.366534,15.840885
24.703993,16.178266
8.213718,27.587874
8.781621,27.415992
7.647335,27.757679
6.134105,29.264172
25.858991,12.642445
25.599770,13.174758
26.571977,12.341088
26.156798,12.824122
26.119351,12.111325
27.853936,10.870013
26.544674,12.943974
27.134737,12.573791
27.116413,11.214228
26.704079,11.688380
26.588010,13.691839
25.955068,14.083420
8.353476,27.938937
8.874027,27.693676
6.646218,28.634451
7.282854,28.646907
6.747080,29.134978
5.415299,28.848218
7.129673,28.274025
6.045556,28.915114
5.527617,29.390067
26.814779,10.463955
26.600120,11.015858
27.500196,10.104706
27.126690,10.620305
27.030280,9.913422
28.656418,8.532696
27.522991,10.708025
28.080336,10.290013
27.949683,8.936795
27.578228,9.443056
27.627745,11.449582
27.029443,11.892020
5.907295,28.172171
6.487208,28.047677
5.328633,28.294015
3.695607,29.669947
27.587292,8.213080
27.419060,8.782077
28.241282,7.799475
27.910848,8.343453
27.756866,7.647161
29.263198,6.136070
28.313003,8.398514
28.834107,7.936172
28.592029,6.597822
28.264144,7.133525
28.478691,9.128516
27.919244,9.619328
6.018004,28.533152
6.556740,28.332038
4.259119,29.085336
4.892020,29.150827
4.318349,29.593142
3.014630,29.195955
4.770933,28.766606
3.637875,29.315327
3.083197,29.746953
28.171763,5.907300
28.050370,6.487889
28.788545,5.439472
28.505616,6.009402
28.291858,5.329011
29.671037,3.697762
28.910053,6.032262
29.390711,5.527622
29.040170,4.213204
28.755963,4.775905
29.135650,6.745479
28.618630,7.280408
3.561623,28.564643
4.148388,28.487567
2.974088,28.636217
1.235649,29.873545
28.564186,3.562654
28.490141,4.148763
29.138215,3.044410
28.905580,3.634558
28.635637,2.974828
29.875781,1.237689
29.310226,3.625272
29.745768,3.081561
29.287202,1.802844
29.053308,2.385570
29.593206,4.317588
29.121329,4.890651
3.641528,28.933935
4.194565,28.775895
1.842298,29.338098
2.468317,29.454905
1.856366,29.849764
0.000000,29.198185
1.189258,28.760872
0.718690,28.777419
2.380788,29.063621
1.780829,28.734762
0.865327,29.424308
1.396315,29.567674
0.613974,29.899406
-0.000000,29.552880
0.655547,29.110516
1.359495,29.097494
28.760647,1.190024
28.733416,1.782174
29.348717,0.000000
28.778251,0.718543
29.446077,0.906927
29.569553,1.467129
29.112970,1.212094
29.899014,0.611440
29.550685,0.000000
29.149561,0.000000
29.080701,0.609536
29.426706,2.468772
