20.215191,-0.000000
20.146226,1.669403
19.939073,3.327340
19.596441,4.962589
19.119396,6.563950
18.511959,8.120424
17.778140,9.621382
16.922993,11.056738
15.952626,12.416208
14.872119,13.691793
13.691556,14.872378
12.415968,15.952942
11.056544,16.923341
9.621278,17.778461
8.120271,18.512286
6.563829,19.119814
4.962482,19.596919
3.327295,19.939628
1.669355,20.146926
-0.000000,20.215925
-0.000000,21.770428
1.797817,21.695606
3.583287,21.473542
5.344235,21.104112
7.068766,20.590364
8.744919,19.936329
10.361183,19.146032
11.907336,18.225516
13.371735,17.179833
14.744299,16.017128
16.016954,14.744422
17.179624,13.371830
18.225249,11.907410
19.145749,10.361226
19.936027,8.744973
20.590014,7.068753
21.103687,5.344176
21.473010,3.583244
21.695003,1.797701
21.769670,0.000000
10.339054,17.351139
11.134325,18.685978
10.377999,18.231884
9.980303,17.564826
11.061802,17.748685
10.569324,17.778722
10.697848,17.137298
12.639632,17.702874
10.894784,18.236209
11.520924,18.455747
11.846274,17.316588
11.342707,17.328971
11.597658,17.794299
11.299385,18.099697
10.747770,18.916106
9.553130,19.541401
11.736446,16.438332
11.396668,16.680849
12.491613,16.777984
12.001218,16.847698
12.076285,16.195734
14.058134,16.598676
12.361298,17.276350
13.005818,17.441388
13.235583,16.279374
12.734278,16.334521
12.273512,17.964292
9.636530,18.687324
8.814885,19.056155
13.053952,15.412807
12.735152,15.682909
13.835499,15.689283
13.352089,15.799069
13.372873,15.142716
15.380766,15.380952
13.745514,16.196560
14.401356,16.307929
14.534993,15.130324
14.039917,15.226867
13.714919,16.889360
13.028160,16.775801
10.148435,18.688470
9.957287,19.343764
9.862459,18.225129
9.148994,19.738974
7.906862,20.263582
8.870878,18.145596
9.246152,17.962152
9.109817,18.612758
8.495758,18.329072
9.324507,19.092665
14.282032,14.282244
13.986976,14.577348
15.082605,14.492939
14.610494,14.642384
14.577186,13.987125
16.598440,14.058296
15.036290,15.005904
15.699012,15.062718
15.734464,13.878591
15.249099,14.015586
15.062542,15.699160
14.369744,15.642022
8.073071,19.451264
8.566742,19.482631
8.326083,20.099987
7.216470,19.713093
8.301747,18.988759
7.712430,19.805671
7.487763,20.427061
15.412581,13.054141
15.142528,13.372992
16.228523,13.197979
15.770075,13.385858
15.682723,12.735281
17.702605,12.639773
16.223880,13.713134
16.889191,13.715082
16.827046,12.531953
16.354592,12.708399
16.307734,14.401488
15.611554,14.402405
7.342140,18.816295
7.731232,18.664369
7.559519,19.298760
6.953139,18.968167
7.888254,19.042203
6.206465,20.847477
16.438027,11.736585
16.195510,12.076426
17.263003,11.812797
16.821570,12.037902
16.680646,11.396784
18.685677,11.134466
17.301022,12.326524
17.964078,12.273597
17.804120,11.099227
17.347963,11.314400
17.441155,13.005926
16.747957,13.063956
6.436961,20.044371
6.929663,20.119321
6.637783,20.718999
5.563413,20.242427
6.710456,19.607453
6.051801,20.373520
5.775305,20.975874
17.350798,10.339157
17.137075,10.697976
18.178975,10.346725
17.757867,10.607503
17.564606,9.980393
19.541083,9.553225
18.259584,10.855493
18.915870,10.747846
18.659703,9.591223
18.222840,9.843106
18.455508,11.521062
17.769617,11.636058
5.763233,19.358606
6.163562,19.239243
5.362994,19.477874
4.463688,21.289069
18.145292,8.870984
17.961886,9.246211
18.971400,8.810295
18.573151,9.104899
18.328755,8.495823
20.263229,7.906968
19.093355,9.310680
19.738705,9.149086
19.388006,8.017648
18.973429,8.304754
19.343480,9.957350
18.669187,10.128941
5.936161,19.857376
6.290774,19.631564
4.759876,20.508406
5.244450,20.623509
4.904128,21.196683
3.872691,20.632873
5.067928,20.095088
4.348478,20.804030
4.023447,21.381384
18.815923,7.342252
18.664106,7.731361
19.634281,7.213604
19.261673,7.540062
18.967797,6.953225
20.847064,6.206553
19.797003,7.702254
20.426766,7.487831
19.983980,6.389241
19.594513,6.709597
20.099694,8.326088
19.441941,8.552740
4.144938,19.768521
4.553718,19.682740
3.736219,19.854173
2.690430,21.584800
19.358167,5.763309
19.238941,6.163653
20.163139,5.567596
19.818715,5.923675
19.477427,5.363064
21.288556,4.463734
20.365507,6.041162
20.975510,5.775337
20.443601,4.717228
20.081917,5.068622
20.718610,6.637761
20.081816,6.917984
4.276341,20.279998
4.647964,20.084005
3.050408,20.831852
3.523703,20.986472
3.137010,21.529320
2.156221,20.881978
3.391081,20.444913
2.615974,21.092073
2.244101,21.640354
19.767996,4.145011
19.682346,4.553814
20.554272,3.883313
20.240386,4.266774
19.853593,3.736283
21.584260,2.690441
20.794955,4.338694
21.380901,4.023440
20.762976,3.012538
20.431674,3.392863
21.196216,4.904068
20.584755,5.236084
2.498378,20.043507
2.912808,19.991574
2.083950,20.095240
0.898883,21.733220
20.042898,2.498466
19.991084,2.912876
20.804285,2.172909
20.523431,2.580680
20.094591,2.084023
21.732607,0.898924
21.082102,2.606603
21.639704,2.244025
20.941259,1.288324
20.642358,1.694236
21.528732,3.136967
20.946909,3.517822
2.587716,20.563931
2.973769,20.398902
1.319322,21.011457
1.778410,21.205037
1.348379,21.714617
0.000000,20.779715
0.834636,20.181522
0.504866,20.194971
1.691893,20.655428
1.251966,20.164220
0.622198,21.099969
1.004446,21.313777
0.449369,21.751890
0.000000,21.274839
0.461152,20.660279
0.965846,20.658959
20.180827,0.834680
20.163503,1.252031
20.991826,0.000000
20.194318,0.504865
21.127748,0.650551
21.318829,1.055322
20.676078,0.861116
21.751194,0.449288
21.274031,0.000000
20.709779,0.000000
20.616693,0.427677
21.165575,1.776705
