27.365158,-0.000000
27.268004,2.259803
26.987572,4.503042
26.523115,6.717317
25.877211,8.884966
25.055200,10.991683
24.061838,13.023139
22.904006,14.965711
21.590384,16.805768
20.128207,18.532085
18.530342,20.129815
16.803193,21.592659
14.963663,22.906237
13.023204,24.062639
10.989997,25.055628
8.883786,25.878177
6.716017,26.523651
4.503372,26.987879
2.259689,27.269680
0.000000,27.366640
-0.000000,28.533790
2.358404,28.434979
4.697453,28.144478
7.005333,27.660435
9.265756,26.987320
11.462114,26.130176
13.581394,25.094445
15.607647,23.887535
17.526567,22.516676
19.325380,20.992949
20.993117,19.324592
22.516670,17.525915
23.887211,15.606887
25.094075,13.580447
26.129848,11.462218
26.987077,9.265241
27.660426,7.004431
28.143834,4.697985
28.435550,2.356818
28.532521,-0.000000
13.997495,23.491240
14.596712,24.497323
13.817514,24.273242
13.514930,23.777445
14.747452,23.661547
14.158951,23.817892
14.480804,23.201147
16.570107,23.208219
14.427662,24.148968
15.105611,24.192167
15.770805,23.053420
15.186417,23.200543
15.359223,23.564291
14.936500,23.921231
14.088552,24.799626
12.524429,25.618710
15.888877,22.255070
15.432276,22.580600
16.652701,22.365675
16.075817,22.569713
16.347330,21.927266
18.429781,21.760738
16.369748,22.877103
17.052800,22.863104
17.621040,21.672098
17.048560,21.868456
16.088598,23.551843
12.818111,24.855296
11.732568,25.360967
17.672299,20.866031
17.244398,21.229549
18.442968,20.914232
17.885096,21.164584
18.103628,20.501990
20.163702,20.163965
18.202971,21.447508
18.882272,21.377194
19.350893,20.143108
18.796782,20.385762
17.977036,22.143140
17.252180,22.215435
13.432136,24.736295
13.057617,25.357554
13.201238,24.394823
11.991477,25.878234
10.365480,26.565524
12.009708,24.565507
12.517158,24.318666
12.193754,24.912998
11.506014,24.814130
12.346802,25.280498
19.334947,19.335799
18.938612,19.733029
20.105773,19.319970
19.571099,19.615309
19.733692,18.937611
21.759646,18.430354
19.911818,19.870531
20.583250,19.744889
20.947530,18.476697
20.415598,18.764183
19.744226,20.583330
19.028802,20.714163
10.730226,25.853177
11.334580,25.777833
10.920155,26.348212
9.605702,26.237382
11.110338,25.415877
10.211963,26.221158
9.813188,26.779696
20.865450,17.673331
20.502669,18.102395
21.632939,17.593736
21.124400,17.932212
21.230383,17.243126
23.207238,16.570817
21.484398,18.158706
22.143422,17.977963
22.402090,16.683858
21.895474,17.013938
21.376966,18.882536
20.673197,19.072826
9.940150,25.474088
10.464444,25.267501
10.118626,25.829473
9.417147,25.679265
10.583980,25.548618
8.135420,27.330854
22.253638,15.889331
21.927975,16.347211
23.011974,15.747375
22.532747,16.126480
22.581811,15.431644
24.496058,14.597978
22.910529,16.322732
23.552146,16.088308
23.702989,14.776983
23.225525,15.147774
22.862860,17.053249
22.177833,17.300461
8.557193,26.645464
9.168178,26.622584
8.706680,27.160401
7.405111,26.941435
8.980907,26.244235
8.013760,26.973341
7.568419,27.498496
23.489671,13.997509
23.202590,14.481232
24.233336,13.793608
23.787372,14.210556
23.778842,13.514594
25.617847,12.524905
24.180078,14.374999
24.800001,14.088422
24.842222,12.769506
24.397190,13.178122
24.192781,15.107141
23.530898,15.409889
7.802714,26.208081
8.342808,26.044867
7.264254,26.369418
5.850267,27.909679
24.565592,12.010000
24.319096,12.516177
25.289714,11.745453
24.879883,12.197876
24.813240,11.505026
26.564755,10.366771
25.284346,12.329403
25.878640,11.992244
25.811896,10.674622
25.402046,11.118452
25.357643,13.057502
24.722553,13.414488
7.946261,26.577802
8.439385,26.336931
6.327552,27.262060
6.937835,27.289171
6.434024,27.786840
5.154873,27.461286
6.782365,26.896332
5.758526,27.543043
5.272177,28.029796
25.473548,9.940451
25.269461,10.465310
26.173146,9.617012
25.802409,10.101620
25.678558,9.417024
27.330100,8.137598
26.216212,10.199599
26.780493,9.814178
26.605106,8.506761
26.233556,8.982611
26.349213,10.919020
25.745926,11.327148
5.611686,26.763143
6.163126,26.644970
5.061533,26.878901
3.524833,28.296677
26.207474,7.802245
26.047455,8.343198
26.878408,7.422960
26.548334,7.935992
26.368691,7.264089
27.908749,5.851993
26.968737,7.999743
27.499429,7.569256
27.216563,6.280311
26.886051,6.785709
27.160733,8.705425
26.593434,9.162349
5.724612,27.143088
6.235582,26.943982
4.054940,27.691367
4.660407,27.769252
4.117588,28.223728
2.869652,27.792324
4.538471,27.364915
3.465046,27.924233
2.940719,28.370141
26.762650,5.611752
26.647222,6.163775
27.399327,5.176949
27.113964,5.715938
26.876984,5.061846
28.297575,3.526581
27.537390,5.745816
28.030302,5.272269
27.643005,4.010535
27.353938,4.542954
27.787246,6.432642
27.259574,6.934578
3.383286,27.135897
3.941341,27.062889
2.824763,27.204100
1.178479,28.490964
27.135402,3.384225
27.065020,3.941688
27.732069,2.897385
27.494330,3.457014
27.203423,2.825448
28.492743,1.180225
27.918488,3.452961
28.368980,2.939353
27.878374,1.715941
27.636760,2.269080
28.223548,4.117017
27.738499,4.658334
3.463966,27.524241
3.989134,27.366118
1.753787,27.931850
2.351554,28.058851
1.770026,28.468253
0.000000,27.779448
1.129633,27.322441
0.682596,27.338204
2.264643,27.647432
1.692316,27.297556
0.824264,28.017884
1.330009,28.170523
0.586061,28.515579
-0.000000,28.152083
0.622878,27.687970
1.293280,27.676688
27.322050,1.130331
27.296204,1.693447
27.937689,0.000000
27.338793,0.682473
28.040321,0.863649
28.172710,1.397404
27.692196,1.153120
28.515082,0.583899
28.149874,0.000000
27.728169,0.000000
27.656290,0.579001
28.029196,2.351644
