24.637662,-0.000000
24.550598,2.034514
24.298143,4.054385
23.880090,6.047736
23.298603,7.999289
22.558480,9.896075
21.664135,11.725075
20.621743,13.474072
19.439056,15.130759
18.122490,16.685118
16.683856,18.123679
15.128967,19.440707
13.472648,20.623408
11.725071,21.664818
9.894941,22.558806
7.998516,23.299395
6.046906,23.880606
4.054609,24.298512
2.034357,24.552022
-0.000000,24.639026
-0.000000,25.929733
2.142697,25.839617
4.268623,25.575514
6.365805,25.135613
8.419840,24.523902
10.415789,23.745006
12.341398,22.803838
14.182675,21.707244
15.926573,20.461520
17.561233,19.076797
19.076810,17.560796
20.461427,15.926171
21.706858,14.182233
22.803507,12.340765
23.744792,10.415820
24.523730,8.419360
25.135547,6.365036
25.575037,4.268734
25.839792,2.141402
25.928289,0.000000
12.601557,21.148624
13.263397,22.259635
12.498924,21.957128
12.166225,21.407068
13.334982,21.395644
12.785202,21.506894
13.037566,20.887391
15.056546,21.088361
13.071220,21.878803
13.725148,21.983328
14.266128,20.853958
13.715090,20.953063
13.914848,21.348813
13.539257,21.684805
12.802302,22.534007
11.380233,23.278656
14.304438,20.035727
13.892327,20.329611
15.057970,20.224216
14.516386,20.379983
14.717826,19.740303
16.746334,19.773038
14.830702,20.726655
15.494399,20.775429
15.939719,19.604460
15.397065,19.750088
14.619705,21.400158
11.598027,22.489933
10.613894,22.943484
15.910074,18.785237
15.523723,19.113293
16.677135,18.911752
16.150159,19.111172
16.298805,18.457012
18.321883,18.322228
16.491504,19.431382
17.156761,19.425238
17.504512,18.221185
16.975852,18.410997
16.335874,20.119902
15.630134,20.126732
12.170957,22.413846
11.863734,23.041953
11.923007,22.033142
10.897032,23.514166
9.418562,24.138956
10.812011,22.116047
11.269379,21.893218
11.013134,22.501446
10.357377,22.339855
11.186304,22.904693
17.406912,17.407552
17.049198,17.765942
18.180605,17.470055
17.672580,17.712136
17.766399,17.048598
19.772190,16.746830
18.039830,18.002742
18.702474,17.941990
18.948883,16.713773
18.437887,16.946447
17.941514,18.702426
17.239728,18.766571
9.710953,23.397790
10.271471,23.359979
9.921262,23.942323
8.689591,23.735838
10.035143,22.955513
9.252227,23.757838
8.917824,24.333418
18.784821,15.910778
18.457394,16.297981
19.561693,15.909061
19.075202,16.192273
19.113838,15.523018
21.087550,15.057133
19.464601,16.451783
20.120158,16.336565
20.264669,15.091979
19.774468,15.365777
19.425007,17.156877
18.729542,17.279470
8.948705,22.933842
9.421769,22.747972
9.138944,23.329569
8.476911,23.118739
9.552872,23.059684
7.392478,24.834367
20.034624,14.304722
19.740660,14.717804
20.808691,14.239480
20.347000,14.561704
20.330419,13.891984
22.258701,13.264345
20.756758,14.788345
21.400366,14.619490
21.441476,13.366913
20.975676,13.680345
20.775165,15.494618
20.092800,15.673716
7.743926,24.113736
8.308325,24.124932
7.909943,24.680197
6.698948,24.372869
8.111749,23.703678
7.260448,24.439226
6.877985,24.986756
21.147382,12.601547
20.888269,13.037855
21.913081,12.472640
21.479868,12.831629
21.408040,12.165974
23.277965,11.380667
21.906967,13.023667
22.534292,12.802210
22.472013,11.550958
22.033807,11.901487
21.983595,13.726166
21.318638,13.960810
7.024405,23.594703
7.511526,23.448022
6.538720,23.739974
5.316173,25.360300
22.115956,10.812216
21.893526,11.268693
22.868349,10.620623
22.466321,11.014172
22.339340,10.356757
24.138345,9.419604
22.907409,11.170363
23.514463,10.897592
23.349128,9.655936
22.941350,10.041381
23.041892,11.863642
22.398214,12.152940
7.176716,24.005333
7.617529,23.771739
5.726172,24.671806
6.287349,24.729068
5.844819,25.249339
4.663234,24.843092
6.126048,24.292748
5.217167,24.955432
4.791386,25.469609
22.933330,8.949020
22.749220,9.422410
23.667226,8.695994
23.299306,9.121258
23.118283,8.476878
24.833784,7.393990
23.751663,9.240743
24.333984,8.918502
24.066713,7.694914
23.692277,8.112484
23.942830,9.920467
23.325399,10.261858
5.051913,24.094395
5.549191,23.988332
4.555700,24.198617
3.203465,25.712059
23.594143,7.024221
23.449666,7.511795
24.304835,6.711915
23.972952,7.165858
23.739433,6.538625
25.359527,5.317368
24.433496,7.247712
24.987367,6.878582
24.619883,5.680955
24.281593,6.128412
24.680154,7.909142
24.093148,8.300548
5.170155,24.515974
5.628312,24.319603
3.669587,25.060447
4.223737,25.164187
3.739829,25.646145
2.595991,25.142644
4.099208,24.715935
3.139067,25.300807
2.672537,25.778743
24.093837,5.052055
23.989713,5.549717
24.776007,4.681174
24.483473,5.161298
24.197212,4.555903
25.712523,3.204488
24.948617,5.205562
25.469824,4.791548
25.005313,3.627905
24.704250,4.102725
25.249334,5.843893
24.696596,6.282391
3.045575,24.429836
3.549063,24.364651
2.541975,24.491666
1.070851,25.888798
24.429285,3.046296
24.365893,3.549351
25.076855,2.619714
24.826707,3.121537
24.490880,2.542515
25.889642,1.071987
25.293691,3.127987
25.777692,2.671649
25.218694,1.551946
24.959521,2.048987
25.645648,3.739524
25.130685,4.220293
3.128443,24.859999
3.600711,24.700707
1.586887,25.277715
2.131407,25.426498
1.607604,25.867892
0.000000,25.098999
1.016845,24.597976
0.614433,24.612499
2.045261,24.970986
1.524470,24.575615
0.746776,25.363942
1.204954,25.536531
0.533524,25.911071
-0.000000,25.510826
0.561056,24.998880
1.168061,24.991053
24.597317,1.017355
24.574324,1.525221
25.274208,0.000000
24.612585,0.614340
25.387918,0.781944
25.539461,1.265921
25.006798,1.041543
25.910392,0.532092
25.508751,0.000000
25.041816,0.000000
24.963225,0.521191
25.393674,2.130824
