20.070766,-0.000000
20.002449,1.657467
19.796745,3.303579
19.456557,4.927130
18.982904,6.517052
18.379791,8.062415
17.651222,9.552675
16.802215,10.977804
15.838806,12.327576
14.766022,13.594059
13.593891,14.766215
12.327425,15.839038
10.977683,16.802479
9.552597,17.651499
8.062332,18.380092
6.516989,18.983257
4.927078,19.456952
3.303554,19.797184
1.657446,20.002948
0.000000,20.071282
-0.000000,21.636144
1.786674,21.561870
3.561165,21.341181
5.311281,20.974040
7.025190,20.463462
8.691040,19.813459
10.297327,19.028039
11.833977,18.113218
13.289376,17.074014
14.653502,15.918477
15.918328,14.653613
17.073832,13.289460
18.112994,11.834038
19.027786,10.297363
19.813176,8.691069
20.463138,7.025188
20.973668,5.311258
21.340753,3.561145
21.561403,1.786631
21.635621,-0.000000
10.265187,17.227068
11.065673,18.570696
10.309200,18.110986
9.908937,17.439292
10.988031,17.630268
10.497275,17.657424
10.621452,17.014793
12.561709,17.593682
10.824330,18.118238
11.449856,18.341957
11.767796,17.201813
11.265596,17.211113
11.522660,17.679199
11.226935,17.983682
10.681506,18.799401
9.494209,19.420822
11.652616,16.320822
11.315207,16.561654
12.408344,16.666119
11.919453,16.732801
11.990047,16.079962
13.971478,16.496309
12.281370,17.164634
12.925587,17.333860
13.147892,16.171514
12.647743,16.223475
12.197852,17.853482
9.572928,18.563958
8.756536,18.930010
12.960721,15.302675
12.644136,15.570868
13.743306,15.584699
13.261141,15.691360
13.277346,15.034486
15.285961,15.286103
13.656647,16.091836
14.312536,16.207403
14.438701,15.030069
13.944509,15.123353
13.630422,16.785196
12.943963,16.667319
10.082987,18.567839
9.895811,19.224447
9.795490,18.101277
9.092615,19.617176
7.858121,20.138538
8.807498,18.015869
9.180072,17.833725
9.047956,18.486273
8.434976,18.198023
9.264242,18.969194
14.180021,14.180189
13.887016,14.473215
14.982092,14.396317
14.510957,14.542563
14.473058,13.887160
16.496129,13.971593
14.939089,14.908888
15.602195,14.969868
15.630223,13.786626
15.145466,13.920312
14.969734,15.602330
14.276879,15.540879
8.019979,19.323244
8.511580,19.357098
8.274644,19.976010
7.168693,19.582541
8.245405,18.859745
7.662583,19.677662
7.441640,20.301030
15.302482,12.960864
15.034310,13.277470
16.120368,13.109991
15.662626,13.294601
15.570683,12.644255
17.593469,12.561800
16.118994,13.624475
16.785033,13.630533
16.715551,12.448908
16.243432,12.622012
16.207242,14.312645
15.510661,14.309275
7.289690,18.681755
7.676020,18.530950
7.508183,19.167656
6.903390,18.832544
7.834084,18.911410
6.168224,20.718831
16.320582,11.652727
16.079754,11.990162
17.147931,11.734027
16.706940,11.955830
16.561444,11.315306
18.570449,11.065749
17.189159,12.246816
17.853281,12.197921
17.686119,11.025651
17.230023,11.237476
17.333664,12.925671
16.639709,12.979471
6.394592,19.912355
6.885055,19.989618
6.596762,20.591172
5.526584,20.108373
6.664906,19.474214
6.012672,20.241827
5.739737,20.846461
17.226795,10.265271
17.014564,10.621547
18.057759,10.277703
17.636816,10.535161
17.439054,9.909014
19.420545,9.494258
18.141488,10.785276
18.799170,10.681557
18.536000,9.527625
18.098915,9.776167
18.341736,11.449934
17.654737,11.560787
5.722059,19.220184
6.119535,19.101731
5.324614,19.338605
4.436199,21.157691
18.015587,8.807571
17.833461,9.180133
18.844879,8.751508
18.446512,9.042785
18.197731,8.435033
20.138226,7.858164
18.969840,9.250444
19.616909,9.092659
19.259470,7.964478
18.844389,8.248269
19.224187,9.895852
18.548450,10.063392
5.895842,19.722448
6.247602,19.496780
4.728554,20.373329
5.210705,20.490566
4.873795,21.065896
3.847052,20.496217
5.033533,19.958545
4.320350,20.669552
3.998669,21.249462
18.681428,7.289755
18.530664,7.676093
19.503349,7.165462
19.130334,7.488617
18.832212,6.903445
20.718474,6.168252
19.668931,7.652419
20.300730,7.441666
19.851508,6.346864
19.461262,6.663964
19.975723,8.274655
19.316188,8.497382
4.115333,19.627151
4.521208,19.542057
3.709477,19.712200
2.673880,21.451601
19.219813,5.722104
19.101411,6.119587
20.028699,5.530439
19.683596,5.883256
19.338226,5.324655
21.157280,4.436209
20.233782,6.002086
20.846115,5.739746
20.308122,4.685957
19.945371,5.034148
20.590830,6.596755
19.951931,6.873207
4.247293,20.142197
4.616064,19.946108
3.030339,20.694646
3.501053,20.851176
3.117572,21.396441
2.141967,20.743670
3.368063,20.305963
2.599034,20.955720
2.230269,21.506785
19.626731,4.115370
19.541685,4.521255
20.417259,3.857408
20.102404,4.237669
19.711757,3.709510
21.451162,2.673878
20.660488,4.310622
21.249055,3.998661
20.625381,2.992571
20.292783,3.369771
21.065504,4.873770
20.451637,5.202201
2.480518,19.900143
2.892027,19.848665
2.069009,19.951554
0.893329,21.599076
19.899679,2.480554
19.848245,2.892058
20.665665,2.158408
20.383509,2.563088
19.951074,2.069040
21.598601,0.893340
20.945783,2.589723
21.506306,2.230239
20.802555,1.279772
20.502044,1.682701
21.395989,3.117552
20.811487,3.495085
2.570148,20.424149
2.953372,20.258829
1.310665,20.872995
1.766984,21.068305
1.340011,21.580540
0.000000,20.639222
0.828709,20.037147
0.501318,20.050585
1.680414,20.515004
1.243068,20.020046
0.618156,20.961629
0.997957,21.177023
0.446641,21.617632
-0.000000,21.137606
0.457898,20.519015
0.959263,20.517944
20.036646,0.828726
20.019539,1.243093
20.852991,0.000000
20.050096,0.501319
20.989757,0.646290
21.182358,1.048520
20.535322,0.855231
21.617129,0.446613
21.137065,0.000000
20.568971,0.000000
20.475317,0.424626
21.028752,1.765244
