22.868579,-0.000000
22.788412,1.888457
22.554125,3.763505
22.166228,5.613581
21.626537,7.425019
20.939514,9.185656
20.109382,10.883378
19.141862,12.506861
18.044087,14.044630
16.821953,15.487464
15.486568,16.822811
14.043408,18.045266
12.505896,19.143073
10.883331,20.109947
9.184882,20.939797
7.424489,21.627192
5.613024,22.166740
3.763602,22.554591
1.888289,22.789675
0.000000,22.869860
-0.000000,24.255043
2.003898,24.170808
3.992735,23.923633
5.954472,23.512109
7.875809,22.939864
9.742935,22.211274
11.543999,21.330882
13.266384,20.305198
14.897719,19.139972
16.426822,17.844643
17.844565,16.426617
19.139819,14.897510
20.304808,13.266157
21.330569,11.543624
22.211081,9.742978
22.939684,7.875461
23.511944,5.953913
23.923170,3.992685
24.170624,2.002941
24.253612,-0.000000
11.696362,19.629420
12.406035,20.820631
11.647516,20.461691
11.291653,19.869933
12.422683,19.932062
11.896775,20.012237
12.101554,19.387053
14.083270,19.725114
12.196592,20.415015
12.837495,20.562874
13.294650,19.433885
12.763763,19.499843
12.983601,19.920359
12.638775,20.243540
11.975058,21.077129
10.644479,21.773803
13.276998,18.596520
12.893776,18.869869
14.027965,18.841088
13.507917,18.963798
13.661031,18.322169
15.663798,18.494786
13.838333,19.340082
14.492265,19.432893
14.854135,18.269539
14.329252,18.380409
13.675006,20.016553
10.810444,20.963123
9.891646,21.382816
14.767348,17.435945
14.407969,17.740901
15.536632,17.618403
15.028216,17.783196
15.128267,17.130969
17.137499,17.137839
15.387961,18.131402
16.047161,18.169963
16.312371,16.980309
15.798490,17.134138
15.280465,18.818923
14.584378,18.780037
11.358004,20.916601
11.096019,21.552835
11.096645,20.506148
10.193176,21.993974
8.809748,22.578473
10.035386,20.527607
10.460053,20.320462
10.249839,20.942132
9.612553,20.735294
10.438071,21.372807
16.156668,16.157143
15.823998,16.490278
16.937203,16.275203
16.444812,16.481324
16.490520,15.823698
18.494137,15.664205
16.832785,16.798406
17.493001,16.782568
17.658428,15.575553
17.159143,15.771135
16.782201,17.492969
16.086266,17.510852
9.053176,21.813043
9.586224,21.801469
9.278892,22.395150
8.098154,22.120837
9.340005,21.364796
8.633421,22.169577
8.341995,22.760372
17.435619,14.767845
17.131120,15.127788
18.223922,14.820962
17.749993,15.067037
17.741183,14.407637
19.724467,14.083724
18.162245,15.351190
18.819068,15.280975
18.884618,14.064211
18.403070,14.300124
18.169730,16.047243
17.476411,16.123202
8.305885,21.286541
8.745499,21.114191
8.505543,21.713199
7.867236,21.458246
8.885722,21.449433
6.914820,23.228949
18.595682,13.277200
18.322273,13.661087
19.385648,13.265544
18.933477,13.549772
18.870315,12.893633
20.819928,12.406721
19.368012,13.799009
20.016620,13.674889
19.981286,12.456526
19.520963,12.731566
19.432611,14.492392
18.748510,14.624878
7.219066,22.479680
7.754119,22.514917
7.397619,23.085190
6.243044,22.714613
7.549805,22.061074
6.774725,22.805323
6.433971,23.371611
19.628478,11.696362
19.387500,12.101771
20.414467,11.619436
19.987584,11.939878
19.870494,11.291511
21.773252,10.644836
20.441256,12.152361
21.077260,11.975031
20.941634,10.764224
20.505663,11.076068
20.562915,12.838171
19.892318,13.026526
6.519784,21.899971
6.972322,21.764126
6.068277,22.034820
4.972823,23.720898
20.527434,10.035545
20.320601,10.459624
21.304415,9.894094
20.905442,10.248676
20.734937,9.612203
22.577980,8.810518
21.374751,10.423042
21.994104,10.193585
21.759001,8.998246
21.350284,9.344998
21.552670,11.095983
20.899608,11.339553
6.679194,22.342009
7.085768,22.112234
5.338089,22.999982
5.868103,23.078837
5.465964,23.617491
4.345831,23.152805
5.701719,22.609429
4.868081,23.287066
4.482181,23.823316
21.286081,8.306173
21.114900,8.745979
22.048695,8.101087
21.680510,8.487290
21.457884,7.867272
23.228462,6.915823
22.162507,8.622497
22.760684,8.342460
22.427756,7.170756
22.049118,7.549925
22.395339,9.278399
21.764762,9.575016
4.688996,22.363756
5.150973,22.265683
4.227756,22.460514
2.996852,24.050070
21.899456,6.519757
21.765065,6.972532
22.642615,6.252655
22.307400,6.667830
22.034354,6.068265
23.720219,4.973604
22.798769,6.762839
23.371915,6.434372
22.943320,5.294036
22.597561,5.703442
23.084961,7.397136
22.481098,7.744920
4.811687,22.817338
5.235391,22.621828
3.420902,23.362424
3.942308,23.484967
3.497010,23.988495
2.419365,23.432079
3.815227,23.003234
2.928862,23.609396
2.500053,24.112319
22.363173,4.689157
22.266406,5.151380
23.081651,4.360956
22.782266,4.802645
22.459419,4.227913
24.050137,2.997434
23.279400,4.857202
23.823268,4.482316
23.302228,3.380860
22.990967,3.818089
23.617250,5.465366
23.044127,5.861903
2.826620,22.675021
3.294572,22.615028
2.358655,22.732758
1.001623,24.215492
22.674390,2.827157
22.615589,3.294817
23.361977,2.440371
23.101404,2.904655
22.731910,2.359068
24.215641,1.002328
23.601199,2.918453
24.111335,2.499462
23.501451,1.446102
23.228349,1.906716
23.987852,3.496817
23.449296,3.937935
2.911550,23.137324
3.349413,22.976407
1.479317,23.564661
1.989513,23.729704
1.503214,24.195593
0.000000,23.366568
0.943828,22.831181
0.570425,22.845113
1.903500,23.240479
1.415491,22.810655
0.696762,23.651465
1.124343,23.839017
0.499700,24.236285
0.000000,23.808284
0.521028,23.259630
1.087026,23.254217
22.830343,0.944181
22.809423,1.416000
23.554791,0.000000
22.844794,0.570356
23.676636,0.729191
23.842533,1.181203
23.270239,0.969288
24.235456,0.498775
23.806418,0.000000
23.304745,0.000000
23.220968,0.483743
23.694416,1.988492
