23.267168,0.000000
23.185415,1.921362
22.947035,3.829035
22.552339,5.711389
22.003231,7.554392
21.304244,9.345704
20.459646,11.073000
19.475257,12.724759
18.358351,14.289319
17.114942,15.757280
15.756297,17.115880
14.287963,18.359643
12.723686,19.476579
11.072963,20.460243
9.344848,21.304537
7.553809,22.003921
5.710773,22.552855
3.829162,22.947478
1.921194,23.186718
-0.000000,23.268473
-0.000000,24.631232
2.035082,24.545652
4.054715,24.294677
6.046872,23.876780
7.998016,23.295671
9.894074,22.555782
11.723114,21.661742
13.472200,20.620131
15.128821,19.436820
16.681633,18.121411
18.121351,16.681377
19.436680,15.128567
20.619737,13.471925
21.661423,11.722678
22.555587,9.894111
23.295495,7.997630
23.876639,6.046257
24.294216,4.054693
24.545552,2.034037
24.629783,-0.000000
11.900293,19.971692
12.598616,21.143871
11.839038,20.798083
11.488684,20.216240
12.627925,20.261333
12.096737,20.348654
12.312437,19.725063
14.301889,20.031337
12.393240,20.744130
13.036878,20.881947
13.513174,19.753320
12.977866,19.826905
13.192974,20.241524
12.841199,20.567531
12.160886,21.404377
10.809745,22.111836
13.508469,18.920765
13.118734,19.198741
14.259685,19.152251
13.734894,19.282548
13.899124,18.641660
15.906960,18.781917
14.061454,19.651834
14.717367,19.734464
15.098330,18.569816
14.569570,18.688663
13.887217,20.327341
10.987590,21.306539
10.054107,21.733864
15.024792,17.739926
14.659332,18.050095
15.793210,17.909367
15.280729,18.082089
15.391990,17.429711
17.403539,17.403886
15.636077,18.423685
16.296402,18.451933
16.580534,17.259433
16.063461,17.421505
15.517538,19.111148
14.819491,19.082817
11.540766,21.253218
11.268464,21.887333
11.282614,20.849809
10.351285,22.335445
8.946494,22.929001
10.210350,20.885473
10.642401,20.674786
10.421617,21.293071
9.780352,21.096794
10.606296,21.717232
16.438335,16.438849
16.100021,16.777680
17.216930,16.544012
16.721147,16.758348
16.777974,16.099653
18.781218,15.907391
17.104173,17.069186
17.764679,17.043007
17.948706,15.831586
17.446932,16.035647
17.042615,17.764636
16.345596,17.793178
9.201112,22.169476
9.740273,22.151841
9.423184,22.742689
8.231188,22.484111
9.496446,21.722792
8.772549,22.526672
8.471345,23.113714
17.739580,15.025336
17.429914,15.391429
18.524879,15.065752
18.048258,15.320297
18.050440,14.658919
20.030648,14.302378
18.455062,15.598642
19.111324,15.518092
19.195050,14.295397
18.711712,14.539955
18.451699,16.296488
17.758150,16.383167
8.450699,21.657667
8.897866,21.482265
8.648090,22.076974
8.004586,21.832348
9.035905,21.811909
7.022107,23.589569
18.919861,13.508688
18.641820,13.899164
19.705789,13.484652
19.251620,13.777528
19.199274,13.118548
21.143113,12.599366
19.680253,14.021446
20.327444,13.887075
20.309746,12.661309
19.848356,12.945092
19.734183,14.717511
19.050745,14.860689
7.337111,22.847205
7.878707,22.876874
7.512696,23.443477
6.345593,23.087615
7.676272,22.430750
6.883933,23.172679
6.533709,23.734409
19.970674,11.900288
19.725609,12.312670
20.751611,11.811382
20.323456,12.140586
20.216901,11.488514
22.111250,10.810124
20.770803,12.348261
21.404548,12.160842
21.285885,10.941192
20.849584,11.261832
20.882036,13.037632
20.212996,13.236581
6.633465,22.281784
7.093810,22.143488
6.174259,22.418980
5.049940,24.089149
20.885315,10.210519
20.674968,10.641909
21.656255,10.057543
21.256753,10.420968
21.096406,9.779940
22.928479,8.947334
21.719350,10.591067
22.335617,10.351729
22.116689,9.146186
21.708366,9.501722
21.887189,11.268413
21.236540,11.522428
6.791160,22.716354
7.205473,22.485790
5.425369,23.376002
5.962350,23.449832
5.551059,23.984052
4.417226,23.533011
5.797215,22.988266
4.946570,23.662168
4.551638,24.193110
21.657191,8.450996
21.483098,8.898384
22.412816,8.234926
22.044857,8.629977
21.831967,8.004607
23.589059,7.023229
22.519809,8.761501
23.114088,8.471859
22.796429,7.288660
22.418923,7.676530
22.742946,9.422618
22.115642,9.729440
4.770752,22.753659
5.240695,22.653774
4.301632,22.852095
3.043259,24.423390
22.281255,6.633405
22.144591,7.094032
23.016564,6.355975
22.682272,6.779921
22.418499,6.174226
24.088447,5.050820
23.166316,6.871854
23.734788,6.534158
23.320450,5.381066
22.976567,5.799083
23.443282,7.512140
22.843536,7.869841
4.892359,23.199628
5.323842,23.003997
3.476831,23.744333
4.005572,23.862479
3.551545,24.360854
2.459089,23.816843
3.879136,23.388686
2.976125,23.989676
2.538799,24.486640
22.753077,4.770912
22.654650,5.241131
23.462830,4.432995
23.165163,4.883366
22.850929,4.301797
24.423551,3.043938
23.654699,4.935527
24.193124,4.551785
23.685326,3.436430
23.376556,3.882149
23.983859,5.550386
23.415652,5.956442
2.875946,23.070369
3.351915,23.009196
2.399949,23.129024
1.017175,24.591358
23.069756,2.876528
23.009916,3.352170
23.747766,2.480717
23.489731,2.953465
23.128185,2.400394
24.591664,1.017979
23.981735,2.965563
24.485637,2.538142
23.887730,1.469908
23.617968,1.938733
24.360237,3.551330
23.827324,4.001412
2.960359,23.525028
3.405981,23.364546
1.503498,23.949955
2.021412,24.111166
1.526659,24.571243
0.000000,23.756414
0.960268,23.229232
0.580323,23.243281
1.935398,23.629942
1.440051,23.208276
0.708011,24.036594
1.142464,24.220616
0.507303,24.612480
-0.000000,24.191042
0.530040,23.651107
1.105269,23.645134
23.228429,0.960658
23.207023,1.440616
23.941538,0.000000
23.243053,0.580247
24.061474,0.741057
24.223985,1.200244
23.661078,0.985559
24.611682,0.506261
24.189112,0.000000
23.695695,0.000000
23.613151,0.492176
24.076461,2.020490
