21.276597,-0.000000
21.202996,1.757042
20.985037,3.501821
20.624314,5.222997
20.122235,6.908385
19.482978,8.546520
18.710624,10.126155
17.810493,11.636734
16.789131,13.067511
15.651960,14.409994
14.409466,15.652485
13.066847,16.789829
11.636211,17.811225
10.126064,18.711054
8.546085,19.483261
6.908069,20.122753
5.222677,20.624831
3.501793,20.985621
1.756904,21.204070
0.000000,21.277734
-0.000000,22.759980
1.879922,22.681277
3.746371,22.449193
5.587248,22.062991
7.390145,21.525956
9.142326,20.842247
10.832196,20.016079
12.448503,19.053672
13.979361,17.960344
15.414243,16.744817
16.744665,15.414249
17.960141,13.979342
19.053321,12.448474
20.015778,10.832088
20.842016,9.142403
21.525706,7.389991
22.062675,5.586964
22.448657,3.746274
22.680727,1.879400
22.758731,-0.000000
10.881957,18.262496
11.640731,19.536059
10.884612,19.121737
10.504817,18.486908
11.604968,18.620179
11.099505,18.670854
11.259333,18.037208
13.214492,18.508166
11.413901,19.105081
12.045180,19.294861
12.424228,18.161505
11.910210,18.195957
12.150302,18.642106
11.833339,18.954390
11.236525,19.776669
9.987719,20.430428
12.352621,17.301618
11.995445,17.556477
13.104783,17.601410
12.602962,17.692890
12.710159,17.046291
14.697493,17.353721
12.950279,18.099290
13.597721,18.234437
13.881438,17.073512
13.371210,17.151542
12.831628,18.781516
10.104921,19.595406
9.244548,19.984596
13.739251,16.222020
13.404195,16.506101
14.514421,16.459209
14.021470,16.591506
14.075015,15.937970
16.080275,16.080556
14.400433,16.968088
15.056695,17.049405
15.244214,15.868522
14.742169,15.988527
14.338323,17.657685
13.648664,17.574987
10.630703,19.576940
10.410737,20.223502
10.355308,19.136108
9.564821,20.636979
8.266370,21.185450
9.336668,19.098432
9.731751,18.905482
9.565065,19.543055
8.942457,19.291597
9.768539,20.001950
15.031831,15.032159
14.721717,15.342503
15.822774,15.204260
15.343068,15.376827
15.342502,14.721701
17.353290,14.697781
15.752634,15.720673
16.413361,15.747574
16.502183,14.555733
16.011850,14.716647
15.747304,16.413423
15.054163,16.387204
8.464079,20.393587
8.973205,20.407195
8.705489,21.014006
7.568280,20.673898
8.716365,19.937656
8.079682,20.748329
7.827938,21.356228
16.221749,13.739574
15.937901,14.074895
17.024899,13.845724
16.560808,14.057290
16.506099,13.404172
18.507711,13.214786
16.996800,14.366312
17.657653,14.338648
17.648096,13.143374
17.172641,13.344037
17.049174,15.056801
16.355122,15.088556
7.727607,19.804419
8.136960,19.644300
7.937296,20.262999
7.318751,19.964230
8.286749,20.003886
6.488513,21.795845
17.301064,12.352783
17.046172,12.710283
18.110192,12.392615
17.665038,12.641718
17.556535,11.995477
19.535578,11.641130
18.125253,12.913693
18.781409,12.831637
18.672932,11.640852
18.215770,11.880342
18.234155,13.597826
17.545645,13.686365
6.748984,21.016034
7.258357,21.074507
6.940335,21.661311
5.834596,21.228937
7.045645,20.587345
6.340071,21.343245
6.037599,21.929896
18.261885,10.882010
18.037242,11.259501
19.071246,10.854708
18.648431,11.139654
18.487018,10.504813
20.430015,9.987961
19.129589,11.372655
19.776591,11.236579
19.570362,10.059326
19.134550,10.335509
19.294710,12.045550
18.616040,12.190516
6.065828,20.375175
6.487091,20.249180
5.645072,20.500664
4.666408,22.257485
19.098189,9.336806
18.905401,9.731610
19.902624,9.242894
19.504715,9.561743
19.291302,8.942372
21.185056,8.266800
20.003159,9.754281
20.636891,9.565075
20.334207,8.408974
19.922709,8.720206
20.223254,10.410779
19.558609,10.611704
6.232866,20.849655
6.608366,20.622551
4.990542,21.502518
5.493083,21.602493
5.127834,22.160741
4.061476,21.638441
5.321025,21.099212
4.555680,21.794180
4.206137,22.353804
19.804017,7.727832
19.644457,8.137269
20.597984,7.567850
20.227805,7.918403
19.963890,7.318849
21.795412,6.488996
20.740351,8.069241
21.356218,7.828194
20.959211,6.701121
20.574823,7.045209
21.013910,8.705311
20.368234,8.960407
4.362531,20.806649
4.792627,20.715896
3.932786,20.896727
2.812451,22.566540
20.374698,6.065908
20.249401,6.487258
21.152774,5.841029
20.812730,6.220913
20.500214,5.645144
22.256874,4.666761
21.335850,6.328953
21.929826,6.037794
21.441116,4.947400
21.086583,5.322159
21.660966,6.940143
21.038583,7.247744
4.490109,21.293324
4.882634,21.097815
3.198202,21.841527
3.690583,21.982683
3.280345,22.508684
2.261191,21.899591
3.560456,21.466628
2.740748,22.095910
2.346049,22.624780
20.806051,4.362682
20.715942,4.792892
21.563001,4.073954
21.255610,4.480814
20.895891,3.932916
22.566174,2.812660
21.785659,4.545461
22.353465,4.206195
21.776238,3.159516
21.453742,3.562699
22.160320,5.127551
21.565454,5.485643
2.629654,21.096168
3.065526,21.040959
2.193791,21.150278
0.939810,22.721792
21.095452,2.629972
21.040832,3.065708
21.825032,2.279649
21.553061,2.710071
21.149416,2.194046
22.721323,0.940110
22.086601,2.730954
22.623877,2.345738
21.962827,1.351284
21.675052,1.779089
22.507972,3.280226
21.944735,3.685327
2.717009,21.591696
3.123823,21.428585
1.383103,22.030227
1.862577,22.211705
1.410048,22.702695
-0.000000,21.812716
0.878255,21.241491
0.531013,21.255070
1.776375,21.687856
1.317374,21.222811
0.651953,22.117926
1.052244,22.320611
0.469444,22.741297
0.000000,22.285073
0.485077,21.698644
1.014261,21.695594
21.240557,0.878441
21.221710,1.317647
22.014427,0.000000
21.254389,0.530981
22.144408,0.681928
22.324823,1.105478
21.712045,0.904359
22.740372,0.469009
22.283592,0.000000
21.746095,0.000000
21.656977,0.450091
22.173895,1.861150
