27.974738,-0.000000
27.875392,2.310175
27.588717,4.603341
27.113901,6.866991
26.453603,9.082944
25.613288,11.236580
24.597795,13.313287
23.414161,15.299128
22.071272,17.180168
20.576549,18.944916
18.943091,20.578223
17.177443,22.073655
15.296962,23.416480
13.313374,24.598594
11.234774,25.613723
9.081672,26.454584
6.865582,27.114423
4.603680,27.589000
2.310073,27.877104
-0.000000,27.976224
-0.000000,29.118823
2.406849,29.018113
4.793772,28.721670
7.149001,28.227708
9.455800,27.540795
11.697195,26.666068
13.859989,25.609086
15.927814,24.377386
17.886054,22.978418
19.721751,21.423462
21.423678,19.720876
22.978444,17.885348
24.377098,15.926980
25.608724,13.858981
26.665725,11.697328
27.540547,9.455300
28.227722,7.148096
28.720995,4.794420
29.018774,2.405230
29.117639,0.000000
14.309526,24.014830
14.896287,25.000062
14.113018,24.792304
13.816395,24.307262
15.063941,24.169235
14.466521,24.335267
14.803371,23.718324
16.910180,23.684480
14.731911,24.658159
15.415784,24.688423
16.108033,23.546350
15.515880,23.703773
15.683215,24.061229
15.249997,24.423022
14.377520,25.308658
12.781513,26.144442
16.243039,22.751122
15.776494,23.083723
17.010029,22.845495
16.424969,23.059948
16.711531,22.416095
18.808019,22.207313
16.714958,23.359443
17.402938,23.332141
17.997845,22.135490
17.418366,22.342789
16.418600,24.035278
13.091585,25.385488
11.983285,25.902793
18.066201,21.331128
17.629011,21.702553
18.838640,21.362914
18.273546,21.624309
18.507007,20.959088
20.577524,20.577745
18.586855,21.899719
19.269956,21.815734
19.764694,20.573836
19.204527,20.827935
18.345759,22.597721
17.616034,22.683940
13.715074,25.257266
13.325859,25.877798
13.487485,24.923640
12.237361,26.409385
10.578258,27.110692
12.277431,25.112990
12.796022,24.860807
12.458132,25.452964
11.762762,25.367152
12.607111,25.813385
19.765913,19.766790
19.360940,20.172691
20.537150,19.734461
19.996168,20.041399
20.173389,19.359851
22.206185,18.808595
20.331710,20.289472
21.005813,20.149940
21.395456,18.871793
20.858450,19.171197
20.149242,21.005931
19.430120,21.151016
10.958728,26.403581
11.573087,26.320255
11.144572,26.888739
9.811028,26.798034
11.351109,25.966810
10.427238,26.773685
10.014344,27.329317
21.330524,18.067294
20.959834,18.505693
22.097043,17.971208
21.583206,18.321760
21.703445,17.627609
23.683488,16.910899
21.937443,18.541568
22.598004,18.346724
22.881120,17.040623
22.370411,17.382986
21.815518,19.270256
21.109190,19.475085
10.161781,26.041864
10.697473,25.830666
10.338000,26.389236
9.627312,26.251565
10.814770,26.105718
8.302364,27.891736
22.749644,16.243525
22.416890,16.711390
23.505668,16.085233
23.022125,16.476816
23.085015,15.775797
24.998744,14.897608
23.393625,16.666897
24.035599,16.418298
24.209828,15.093003
23.729313,15.476358
23.331912,17.403443
22.645538,17.665350
8.739507,27.212972
9.361091,27.182894
8.885688,27.717615
7.563378,27.517109
9.175537,26.813118
8.182730,27.541746
7.723540,28.062822
24.013228,14.309540
23.719890,14.803829
24.753236,14.089582
24.304009,14.519282
24.308736,13.816047
26.143569,12.781984
24.689941,14.678106
25.309050,14.377385
25.373422,13.042603
24.926396,13.463985
24.689131,15.417417
24.027142,15.734927
7.976704,26.792202
8.528583,26.625314
7.426429,26.957125
5.970289,28.482450
25.113143,12.277737
24.861262,12.794986
25.832268,11.997479
25.420265,12.462896
25.366181,11.761694
27.109915,10.579577
25.817499,12.589379
26.409812,12.238166
26.363841,10.902928
25.953044,11.359632
25.877934,13.325742
25.243935,13.697460
8.118585,27.153805
8.623334,26.911117
6.462371,27.842687
7.083779,27.863499
6.566407,28.356927
5.265059,28.048085
6.929337,27.479334
5.879948,28.123454
5.380195,28.605008
26.041348,10.162068
25.832788,10.698386
26.734649,9.823367
26.362837,10.321120
26.250807,9.627168
27.890965,8.304672
26.769015,10.414674
27.330164,10.015397
27.174001,8.688708
26.802598,9.177458
26.889871,11.143377
26.288883,11.566101
5.736825,27.359640
6.300329,27.238786
5.174607,27.477975
3.597046,28.877384
26.791611,7.976164
26.628117,8.529000
27.455070,7.582273
27.124942,8.108423
26.956370,7.426256
28.481509,5.972118
27.537398,8.168431
28.063830,7.724417
27.798526,6.414647
27.469237,6.932895
27.718063,8.884336
27.154282,9.355660
5.848769,27.731332
6.371503,27.531418
4.141324,28.281120
4.758380,28.353664
4.202481,28.802813
2.930991,28.386187
4.636842,27.958074
3.538158,28.512688
3.000969,28.952351
27.359189,5.736866
27.241236,6.300993
27.987136,5.288030
27.702905,5.840126
27.475965,5.174947
28.878377,3.598964
28.118064,5.866990
28.605584,5.380255
28.234151,4.096285
27.947253,4.641533
28.357452,6.564930
27.834486,7.080871
3.458782,27.740740
4.028999,27.666005
2.887978,27.810370
1.202656,29.075609
27.740271,3.459760
27.668337,4.029357
28.327038,2.959596
28.091568,3.532144
27.809742,2.888688
29.077596,1.204529
28.507233,3.525853
28.951187,2.999491
28.474454,1.752706
28.236224,2.318373
28.802741,4.201833
28.323468,4.756606
3.539105,28.120792
4.076076,27.962745
1.791229,28.526800
2.400945,28.649387
1.806533,29.052454
0.000000,28.379791
1.154870,27.931386
0.697869,27.947471
2.313788,28.246729
1.729796,27.905975
0.841636,28.612888
1.358059,28.761506
0.597864,29.100751
0.000000,28.744623
0.636706,28.289982
1.321304,28.277958
27.931075,1.155599
27.904634,1.731016
28.534685,0.000000
27.948176,0.697737
28.635043,0.881960
28.763568,1.426900
28.293457,1.178081
29.100309,0.595543
28.742426,0.000000
28.329681,0.000000
28.259120,0.591927
28.620376,2.401188
