28.344605,0.000000
28.243939,2.340745
27.953478,4.664207
27.472380,6.957816
26.803349,9.203080
25.951927,11.385186
24.923006,13.489352
23.723716,15.501449
22.363068,17.407359
20.848599,19.195426
19.193544,20.850322
17.404537,22.365529
15.499209,23.726101
13.489447,24.923819
11.383304,25.952386
9.201749,26.804358
6.956337,27.472915
4.664547,27.953771
2.340649,28.245695
0.000000,28.346118
-0.000000,29.474301
2.436281,29.372444
4.852291,29.072388
7.236291,28.572400
9.571269,27.877101
11.840029,26.991690
14.029262,25.921794
16.122348,24.675029
18.104476,23.258982
19.962584,21.685051
21.685285,19.961666
23.259013,18.103747
24.674749,16.121476
25.921420,14.028224
26.991318,11.840185
27.876828,9.570784
28.572405,7.235389
29.071670,4.853014
29.373134,2.434648
29.473149,0.000000
14.498866,24.332548
15.078310,25.305536
14.292448,25.107493
13.999321,24.628762
15.256104,24.477498
14.653230,24.649348
14.999096,24.032156
17.116809,23.973864
14.916692,24.967420
15.604246,24.989957
16.312799,23.845671
15.715885,24.009277
15.879988,24.363050
15.440407,24.727815
14.553093,25.617958
12.937718,26.463887
16.457941,23.052131
15.985361,23.389023
17.226988,23.136837
16.636921,23.357553
16.932519,22.712725
19.037836,22.478660
16.924616,23.652396
17.615680,23.617136
18.226640,22.416875
17.642862,22.630751
16.619104,24.329026
13.257645,25.707450
12.135521,26.231813
18.305216,21.613355
17.862389,21.989576
19.078880,21.635350
18.509355,21.903393
18.751766,21.236462
20.828960,20.829164
18.820000,22.174373
19.505511,22.082197
20.015954,20.835385
19.452055,21.096371
18.569793,22.873935
17.837018,22.968491
13.886919,25.573690
13.488842,26.193909
13.661260,25.244681
12.386758,26.732127
10.707545,27.441948
12.439884,25.445209
12.965227,25.189788
12.618629,25.780770
11.918553,25.702731
12.765206,26.137039
20.027420,20.028318
19.617202,20.439481
20.799069,19.986134
20.254205,20.300064
20.440185,19.616073
22.477499,19.038421
20.586723,20.543918
21.262559,20.396054
21.667435,19.111705
21.127288,19.418289
20.395326,21.262714
19.673857,21.416342
11.097486,26.737822
11.717948,26.649716
11.280924,27.217174
9.935704,27.138484
11.497276,26.301281
10.557983,27.109269
10.136565,27.663283
21.612725,18.306355
21.237234,18.750415
22.378831,18.200405
21.861722,18.558241
21.990487,17.860919
23.972854,17.117538
22.212590,18.774101
22.874204,18.570786
23.171986,17.257259
22.658726,17.607030
22.081977,19.505842
21.373984,19.719401
10.296268,26.386398
10.838868,26.172404
10.471176,26.729064
9.754839,26.598842
10.954860,26.443897
8.403802,28.232541
23.050613,16.458453
22.713556,16.932374
23.805422,16.290375
23.319198,16.689493
23.390346,15.984634
25.304171,15.079668
23.687021,16.875927
24.329340,16.618803
24.517578,15.284897
24.035142,15.675837
23.616903,17.616227
22.929591,17.886968
8.850216,27.557599
9.478262,27.523219
8.994452,28.056189
7.659479,27.866681
9.293692,27.158485
8.285352,27.886974
7.817792,28.405722
24.330914,14.498884
24.033778,14.999580
25.068901,14.269293
24.617628,14.706699
24.630262,13.998973
26.462991,12.938189
24.999593,14.862199
25.618341,14.552960
25.695962,13.208433
25.247655,13.637529
24.990707,15.605947
24.328529,15.932342
8.082283,27.146654
8.641305,26.977540
7.524835,27.313752
6.043218,28.830480
25.445388,12.440203
25.190237,12.964165
26.161685,12.150505
25.748298,12.623781
25.701689,11.917444
27.441148,10.708880
26.141296,12.747277
26.732544,12.387589
26.698979,11.041560
26.287531,11.506050
26.194056,13.488730
25.560587,13.869324
8.223199,27.503490
8.734992,27.259669
6.544241,28.195281
7.172421,28.212340
6.646843,28.703323
5.331965,28.404413
7.018560,27.833274
5.953691,28.475976
5.445827,28.954523
26.385880,10.296548
26.174603,10.839812
27.075573,9.948661
26.703037,10.454372
26.598033,9.754686
28.231739,8.406188
27.104745,10.545300
27.664136,10.137658
27.519430,8.799189
27.148039,9.295749
27.218367,11.279701
26.618638,11.711229
5.812762,27.721603
6.383579,27.599125
5.243220,27.841501
3.640925,29.230239
27.146054,8.081701
26.980450,8.641741
27.805196,7.679003
27.474964,8.213101
27.312959,7.524662
28.829511,6.045110
27.882759,8.270884
28.406752,7.818692
28.151891,6.496220
27.823263,7.022251
28.056689,8.993046
27.494902,9.473068
5.924142,28.088450
6.454007,27.888015
4.193780,28.639259
4.817886,28.708631
4.254064,29.154676
2.968238,28.746806
4.696561,28.318180
3.582561,28.870098
3.037577,29.306116
27.721157,5.812789
27.601672,6.384252
28.344030,5.355474
28.060412,5.915518
27.839412,5.243578
29.231263,3.642948
28.470720,5.940585
28.955117,5.445865
28.593089,4.148354
28.307426,4.701379
28.703900,6.645311
28.183648,7.169722
3.504593,28.107768
4.082184,28.031989
2.926337,28.178264
1.217345,29.430856
28.107292,3.505596
28.034417,4.082551
28.688281,2.997368
28.454109,3.577756
28.177644,2.927061
29.432942,1.219293
28.864790,3.570124
29.304928,3.036029
28.836389,1.775033
28.600128,2.348300
29.154650,4.253368
28.678737,4.816294
3.584721,28.482954
4.128850,28.324923
1.813969,28.888094
2.430944,29.008074
1.828717,29.407426
-0.000000,28.744280
1.170187,28.300902
0.707142,28.317190
2.343626,28.610560
1.752532,28.275177
0.852186,28.974229
1.375094,29.120476
0.605035,29.456319
-0.000000,29.104529
0.645099,28.655443
1.338314,28.642972
28.300616,1.170933
28.273820,1.753808
28.897187,0.000000
28.317939,0.707003
28.996195,0.893079
29.122441,1.444814
28.658445,1.193231
29.455886,0.602620
29.102317,0.000000
28.694830,0.000000
28.625040,0.599771
28.979416,2.431282
