21.406076,-0.000000
21.331924,1.767730
21.112640,3.523100
20.749706,5.254758
20.244569,6.950395
19.601427,8.598492
18.824374,10.187727
17.918759,11.707485
16.891182,13.146961
15.747100,14.497604
14.497052,15.747645
13.146256,16.891910
11.706930,17.919522
10.187643,18.824802
8.598030,19.601692
6.950062,20.245080
5.254418,20.750204
3.523082,21.113195
1.767587,21.333000
-0.000000,21.407212
-0.000000,22.881081
1.889968,22.801918
3.766330,22.568611
5.616995,22.180359
7.429486,21.640474
9.190976,20.953131
10.889855,20.122574
12.514753,19.155042
14.053750,18.055889
15.496263,16.833898
16.833759,15.496246
18.055699,14.053710
19.154697,12.514705
20.122285,10.889723
20.952922,9.191049
21.640249,7.429314
22.180077,5.616686
22.568104,3.766233
22.801416,1.889405
22.879827,0.000000
10.948185,18.373650
11.702723,19.640108
10.946525,19.230473
10.568802,18.599370
11.671341,18.726655
11.164256,18.779791
11.327826,18.146969
13.284866,18.606738
11.477380,19.211313
12.109359,19.397569
12.494865,18.264754
11.979526,18.301836
12.217884,18.745767
11.898647,19.058912
11.296352,19.882002
10.040918,20.539240
12.427791,17.406913
12.068494,17.663276
13.179715,17.702022
12.676457,17.796101
12.787486,17.150037
14.775767,17.446146
13.022303,18.199913
13.670182,18.331511
13.960376,17.170563
13.449010,17.251326
12.899948,18.881550
10.162170,19.706380
9.297060,20.098051
13.822855,16.320727
13.485819,16.606509
14.597390,16.553288
14.103230,16.688280
14.160670,16.034975
16.165914,16.166196
14.480524,17.062428
15.136925,17.140169
15.330899,15.958738
14.827950,16.081552
14.414642,17.751739
13.724549,17.672709
10.689681,19.685575
10.466246,20.331178
10.415507,19.247357
9.615722,20.746892
8.310382,21.298283
9.393488,19.214645
9.790982,19.020537
9.620671,19.656663
8.996948,19.408991
9.822838,20.113122
15.123303,15.123635
14.811354,15.435835
15.913228,15.291178
15.432546,15.466521
15.435864,14.811306
17.445704,14.776061
15.840238,15.808074
16.500817,15.831408
16.596017,14.638488
16.105019,14.802272
15.831137,16.500861
15.137866,16.478326
8.511874,20.508751
9.022914,20.520249
8.751935,21.125877
7.611278,20.791307
8.767008,20.053538
8.124590,20.863584
7.869579,21.469958
16.320462,13.823186
16.034933,14.160513
17.122221,13.924874
16.657388,14.139290
16.606542,13.485766
18.606275,13.285171
17.091322,14.446182
17.751734,14.414978
17.748445,13.218096
17.272563,13.421673
17.139945,15.137023
16.446058,15.172460
7.774630,19.924936
8.186450,19.763820
7.983439,20.380754
7.363352,20.085715
8.335406,20.121298
6.523042,21.911922
17.406345,12.427950
17.149945,12.787600
18.213719,12.463463
17.768055,12.715459
17.663379,12.068508
19.639621,11.703145
18.226047,12.985490
18.881469,12.899943
18.779114,11.707042
18.321766,11.949463
18.331238,13.670282
17.643198,13.762474
6.787125,21.134784
7.298556,21.191304
6.977373,21.776644
5.867740,21.349487
7.086585,20.707011
6.375322,21.461810
6.069707,22.046667
18.373022,10.948227
18.147049,11.327993
19.180276,10.916776
18.757195,11.204640
18.599533,10.568782
20.538831,10.041171
19.235975,11.435889
19.881957,11.296397
19.681653,10.116528
19.245902,10.395645
19.397444,12.109751
18.719549,12.258314
6.102742,20.499161
6.526554,20.372361
5.679484,20.625409
4.691225,22.376015
19.214423,9.393624
19.020492,9.790813
20.016410,9.295748
19.618482,9.617530
19.408710,8.996838
21.297898,8.310843
20.114407,9.808519
20.746839,9.615989
20.449842,8.456794
20.038647,8.770942
20.330950,10.466280
19.667371,10.670732
6.269109,20.970834
6.647146,20.743543
5.018739,21.624010
5.523491,21.722201
5.155221,22.278735
4.084550,21.761319
5.351939,21.221838
4.581017,21.915241
4.228499,22.472826
19.924546,7.774860
19.764041,8.186772
20.715741,7.611131
20.345794,7.964604
20.085393,7.363443
21.911504,6.523570
20.855701,8.114111
21.469995,7.869853
21.078397,6.739232
20.694555,7.086194
21.125820,8.751731
20.481502,9.010251
4.389077,20.933263
4.821769,20.841909
3.956768,21.023881
2.827387,22.686698
20.498700,6.102814
20.372662,6.526723
21.273705,5.874438
20.934128,6.257209
20.624979,5.679549
22.375418,4.691615
21.454506,6.364141
22.046650,6.069920
21.563031,4.975528
21.209294,5.353122
21.776324,6.977158
21.155579,7.288064
4.516221,21.417072
4.911289,21.221594
3.216269,21.964919
3.710993,22.104494
3.297892,22.628547
2.274023,22.023938
3.581144,21.591398
2.756004,22.218641
2.358526,22.745265
20.932684,4.389229
20.842032,4.822047
21.686271,4.097248
21.379605,4.506951
21.023044,3.956901
22.686388,2.827624
21.906812,4.570744
22.472532,4.228564
21.900084,3.177478
21.578585,3.583439
22.278346,5.154911
21.685383,5.516157
2.645670,21.224550
3.084154,21.168947
2.207194,21.278952
0.944818,22.842778
21.223858,2.646009
21.168897,3.084343
21.949782,2.292692
21.678819,2.725872
21.278107,2.207464
22.842375,0.945151
22.209446,2.746160
22.744372,2.358190
22.087695,1.358978
21.801199,1.789452
22.627856,3.297767
22.066763,3.705811
2.732804,21.717202
3.142147,21.554299
1.390904,22.154722
1.872870,22.334791
1.417595,22.823619
0.000000,21.938871
0.883581,21.370757
0.534211,21.384358
1.786696,21.813929
1.325354,21.351919
0.655589,22.242334
1.058090,22.443722
0.471898,22.862386
0.000000,22.408587
0.487998,21.825418
1.020173,21.822167
21.369845,0.883783
21.350820,1.325648
22.139429,0.000000
21.383722,0.534175
22.268715,0.685763
22.447886,1.111615
21.838592,0.909636
22.861484,0.471421
22.407081,0.000000
21.872680,0.000000
21.784023,0.452825
22.297214,1.871476
