20.939122,-0.000000
20.866971,1.729182
20.652462,3.446350
20.297500,5.140206
19.803389,6.798876
19.174253,8.411044
18.414147,9.965655
17.528307,11.452308
16.523148,12.860406
15.403987,14.181617
14.181182,15.404424
12.859876,16.523720
11.451888,17.528911
9.965557,18.414527
8.410689,19.174526
6.798611,19.803857
5.139941,20.297995
3.446304,20.653042
1.729062,20.867956
0.000000,20.940170
-0.000000,22.444683
1.853767,22.367194
3.694410,22.138294
5.509811,21.757433
7.287735,21.227819
9.015687,20.553569
10.682105,19.738832
12.276052,18.789768
13.785728,17.711613
15.200747,16.512917
16.512760,15.200789
17.711413,13.785746
18.789449,12.276061
19.738550,10.682052
20.553339,9.015766
21.227562,7.287629
21.757098,5.509595
22.137761,3.694319
22.366603,1.853360
22.443546,0.000000
10.709333,17.972728
11.479361,19.265176
10.723343,18.838475
10.338039,18.193730
11.432078,18.342786
10.930804,18.386991
11.080803,17.751074
13.031306,18.251548
11.248592,18.828398
11.878120,19.027471
12.240242,17.892538
11.729622,17.920074
11.974313,18.372126
11.663282,18.682185
11.080785,19.502444
9.849234,20.147140
12.156693,17.027126
11.805046,17.278063
12.909603,17.339303
12.411483,17.423953
12.508606,16.775842
14.493748,17.113110
12.762719,17.837224
13.409102,17.981720
13.675834,16.820699
13.168523,16.891547
12.653783,18.521094
9.955808,19.306323
9.107770,19.689041
13.521341,15.964710
13.191450,16.244352
14.298308,16.214125
13.808462,16.339345
13.851756,15.685097
15.857360,15.857612
14.191870,16.722388
14.847856,16.813117
15.018436,15.633515
14.518693,15.746146
14.139665,17.412836
13.451057,17.320479
10.477119,19.294007
10.266241,19.943174
10.198473,18.846230
9.432318,20.350827
8.151805,20.891696
9.188565,18.795474
9.577356,18.605542
9.420196,19.247030
8.800422,18.985559
9.627138,19.712401
14.793415,14.793701
14.488086,15.099204
15.587166,14.977832
15.109955,15.143118
15.099158,14.488119
17.112742,14.493998
15.524510,15.493048
16.185718,15.529330
16.257785,14.340166
15.769126,14.493549
15.529091,16.185801
14.836200,16.149891
8.339593,20.093592
8.843759,20.112757
8.584585,20.722755
7.456284,20.368041
8.584427,19.635707
7.962732,20.448147
7.719539,21.060143
15.964461,13.521620
15.684995,13.851708
16.771405,13.639534
16.309193,13.843632
16.244300,13.191478
18.251156,13.031555
16.750662,14.158303
17.412769,14.139941
17.386728,12.948731
16.912327,13.141760
16.812900,14.847967
16.118324,14.870041
7.605040,19.490240
8.007959,19.332723
7.817079,19.956168
7.202498,19.647527
8.159967,19.697920
6.398632,21.493644
17.026657,12.156845
16.775694,12.508735
17.840534,12.208054
17.396651,12.449579
17.278050,11.805106
19.264762,11.479687
17.862784,12.726710
18.520961,12.653819
18.396373,11.468435
17.939633,11.700249
17.981456,13.409206
17.291618,13.488154
6.649646,20.706699
7.153675,20.770319
6.843920,21.361045
5.748266,20.914896
6.938982,20.275535
6.248272,21.034443
5.954018,21.625889
17.972213,10.709399
17.751037,11.080958
18.787252,10.693020
18.365073,10.970327
18.193753,10.338065
20.146774,9.849442
18.852557,11.207974
19.502331,11.080853
19.280495,9.910321
18.844456,10.178826
19.027300,11.878421
18.346504,12.013952
5.969612,20.051951
6.384226,19.928058
5.555377,20.175460
4.601807,21.948896
18.795232,9.188696
18.605424,9.577280
19.606241,9.105205
19.208322,9.416385
18.985282,8.800391
20.891337,8.152146
19.713465,9.613029
20.350703,9.432531
20.033029,8.284411
19.620667,8.588013
19.942928,10.266298
19.275394,10.457978
6.138446,20.533903
6.507320,20.307255
4.917102,21.186036
5.413898,21.290724
5.056545,21.853545
4.001376,21.318337
5.240484,20.779689
4.489698,21.478874
4.147925,22.043937
19.489867,7.605241
19.332770,8.008221
20.291262,7.455102
19.920413,7.798025
19.647201,7.202602
21.493237,6.398996
20.439978,7.952386
21.060068,7.719745
20.648788,6.601846
20.262903,6.938422
20.722616,8.584474
20.073287,8.830597
4.293340,20.476574
4.716663,20.387392
3.870276,20.565242
2.773570,22.253710
20.051502,5.969703
19.928135,6.384379
20.837788,5.753999
20.496462,6.126342
20.175027,5.555460
21.948323,4.602062
21.026874,6.237313
21.625747,5.954165
21.123588,4.874131
20.766904,5.241488
21.360701,6.843787
20.733928,7.142739
4.422081,20.970876
4.807970,20.775258
3.151147,21.520095
3.637435,21.665433
3.234669,22.196619
2.227770,21.575657
3.506557,21.141514
2.701016,21.776252
2.313569,22.311099
20.476001,4.293479
20.387308,4.716888
21.241927,4.013275
20.932581,4.412713
20.564486,3.870397
22.253278,2.773707
21.470185,4.479619
22.043556,4.147961
21.453686,3.112729
21.128515,3.508661
21.853115,5.056331
21.253170,5.406176
2.587909,20.761479
3.016968,20.707302
2.158858,20.814830
0.926772,22.406800
20.760780,2.588167
20.707053,3.017126
21.500113,2.245672
21.225440,2.668900
20.814011,2.159067
22.406251,0.926986
21.766724,2.691354
22.310255,2.313323
21.637617,1.331242
21.346431,1.752089
22.195933,3.234567
21.626986,3.631983
2.675860,21.264664
3.076079,21.100985
1.362790,21.705915
1.835774,21.891133
1.390401,22.387863
0.000000,21.484003
0.864375,20.904490
0.522687,20.918019
1.749488,21.359343
1.296574,20.886234
0.642482,21.793854
1.037021,21.999979
0.463053,22.426038
-0.000000,21.963380
0.477465,21.368281
0.998858,21.365765
20.903595,0.864521
20.885218,1.296789
21.688877,0.000000
20.917311,0.522665
21.820698,0.671939
22.004413,1.089499
21.382382,0.890607
22.425148,0.462727
21.962062,0.000000
21.416327,0.000000
21.325985,0.442962
21.852788,1.834257
