20.044458,-0.000000
19.976258,1.655290
19.770817,3.299246
19.431073,4.920663
18.958036,6.508500
18.355711,8.051837
17.628098,9.540147
16.780210,10.963412
15.818069,12.311416
14.746693,13.576238
13.576099,14.746856
12.311294,15.818264
10.963315,16.780433
9.540082,17.628338
8.051774,18.355973
6.508453,18.958340
4.920626,19.431409
3.299228,19.771187
1.655276,19.976669
-0.000000,20.044881
-0.000000,21.611646
1.784643,21.537472
3.557133,21.317036
5.305276,20.950316
7.017251,20.440318
8.681225,19.791054
10.285695,19.006527
11.820616,18.092748
13.274379,17.054727
14.636969,15.900498
15.900371,14.637065
17.054569,13.274450
18.092555,11.820667
19.006306,10.285725
19.790806,8.681246
20.440036,7.017250
20.949995,5.305260
21.316675,3.557119
21.537082,1.784615
21.611218,-0.000000
10.251728,17.204435
11.053169,18.549680
10.296666,18.088938
9.895934,17.416392
10.974592,17.608674
10.484149,17.635301
10.607532,16.992446
12.547518,17.573780
10.811497,18.096727
11.436912,18.321213
11.753501,17.180885
11.251548,17.189620
11.508999,17.658213
11.213738,17.962529
10.669436,18.778125
9.483476,19.398837
11.637344,16.299389
11.300366,16.539914
12.393177,16.645723
11.904558,16.711849
11.974335,16.058847
13.955698,16.477653
12.266812,17.144267
12.910976,17.314260
13.131920,16.151850
12.631980,16.203227
12.184073,17.833283
9.561341,18.541460
8.745905,18.907003
12.943736,15.282590
12.627554,15.550435
13.726514,15.565633
13.244575,15.671721
13.259943,15.014749
15.268698,15.268818
13.640462,16.072746
14.296362,16.189082
14.421163,15.011793
13.927130,15.104481
13.615035,16.766211
12.928629,16.647543
10.071065,18.545843
9.884613,19.202692
9.783290,18.078688
9.082344,19.594967
7.849242,20.115736
8.795950,17.992201
9.168032,17.810295
9.036685,18.463203
8.423900,18.174114
9.253263,18.946678
14.161436,14.161580
13.868806,14.454225
14.963786,14.378704
14.492826,14.524365
14.454088,13.868931
16.477501,13.955793
14.921387,14.891204
15.584566,14.952948
15.611239,13.769863
15.126589,13.902943
14.952835,15.584683
14.259967,15.522443
8.010306,19.299894
8.501530,19.334204
8.265273,19.953403
7.159987,19.558726
8.235139,18.836211
7.653500,19.654314
7.433236,20.278046
15.282424,12.943856
15.014595,13.260053
16.100669,13.093952
15.643055,13.277964
15.550271,12.627658
17.573598,12.547591
16.099894,13.608315
16.766068,13.615126
16.695245,12.433771
16.223185,12.606264
16.188944,14.296455
15.492287,14.292300
7.280132,18.657207
7.665959,18.506607
7.498830,19.143739
6.894325,18.807798
7.824213,18.887550
6.161256,20.695368
16.299185,11.637437
16.058665,11.974433
17.126971,11.719668
16.686060,11.940868
16.539726,11.300450
18.549467,11.053227
17.168787,12.232288
17.833107,12.184130
17.664627,11.012240
17.208540,11.223453
17.314092,12.911046
16.619996,12.964073
6.386871,19.888272
6.876927,19.965961
6.589288,20.567860
5.519873,20.083917
6.656606,19.449907
6.005542,20.217805
5.733256,20.822858
17.204202,10.251799
16.992243,10.607611
18.035680,10.265121
17.614765,10.521972
17.416179,9.895999
19.398597,9.483512
18.119980,10.772478
18.777920,10.669476
18.513468,9.516032
18.076341,9.763964
18.321020,11.436972
17.633815,11.547067
5.714556,19.194925
6.111511,19.076639
5.317619,19.313190
4.431189,21.133727
17.991954,8.796008
17.810062,9.168084
18.821834,8.740791
18.423443,9.031460
18.173859,8.423948
20.115464,7.849270
18.947345,9.239464
19.594731,9.082376
19.236058,7.954785
18.820883,8.237971
19.202465,9.884645
18.526461,10.051444
5.888495,19.697831
6.239735,19.472190
4.722846,20.348686
5.204556,20.466315
4.868267,21.042040
3.842379,20.471283
5.027265,19.933633
4.315224,20.645019
3.994153,21.225398
18.656924,7.280182
18.506351,7.666015
19.479500,7.156686
19.106409,7.479238
18.807509,6.894367
20.695061,6.161273
19.645606,7.643336
20.277781,7.433254
19.827381,6.339140
19.436989,6.655645
19.953150,8.265282
19.293285,8.487292
4.109937,19.601351
4.515284,19.516384
3.704604,19.686289
2.670863,21.427302
19.194606,5.714590
19.076354,6.111551
20.004214,5.523666
19.658984,5.875887
19.312865,5.317651
21.133378,4.431194
20.209793,5.994963
20.822555,5.733261
20.283449,4.680257
19.920500,5.027864
20.567563,6.589284
19.928276,6.865046
4.241999,20.117054
4.610251,19.920946
3.026682,20.669612
3.496925,20.826492
3.114029,21.372201
2.139370,20.718434
3.363868,20.280608
2.595946,20.930842
2.227748,21.482419
19.600995,4.109964
19.516060,4.515317
20.392306,3.852687
20.077273,4.232363
19.685919,3.704627
21.426931,2.670860
20.636001,4.305506
21.225051,3.994147
20.600323,2.988932
20.267487,3.365561
21.041706,4.868250
20.427396,5.196026
2.477263,19.873977
2.888240,19.822583
2.066287,19.925329
0.892316,21.574603
19.873590,2.477288
19.822224,2.888261
20.640422,2.155765
20.358026,2.559881
19.924930,2.066307
21.574206,0.892323
20.920961,2.586647
21.482021,2.227728
20.777297,1.278213
20.476490,1.680598
21.371823,3.114015
20.786827,3.490941
2.566946,20.398642
2.949655,20.233269
1.309088,20.847730
1.764901,21.043357
1.338486,21.556080
0.000000,20.613584
0.827629,20.010796
0.500672,20.024231
1.678322,20.489378
1.241446,19.993732
0.617420,20.936386
0.996775,21.152071
0.446143,21.593138
0.000000,21.112566
0.457305,20.493234
0.958063,20.492210
20.010382,0.827640
19.993315,1.241463
20.827710,0.000000
20.023825,0.500672
20.964631,0.645514
21.157510,1.047280
20.509688,0.854158
21.592723,0.446125
21.112127,0.000000
20.543327,0.000000
20.449569,0.424070
21.003839,1.763155
