23.123233,-0.000000
23.042050,1.909480
22.805148,3.805371
22.412907,5.676070
21.867200,7.507674
21.172534,9.287910
20.333160,11.004526
19.354862,12.646075
18.244865,14.200961
17.009139,15.659849
15.658894,17.010052
14.199651,18.246121
12.645039,19.356150
11.004484,20.333752
9.287082,21.172830
7.507110,21.867885
5.675475,22.413430
3.805488,22.805608
1.909311,23.043348
0.000000,23.124538
-0.000000,24.495314
2.023816,24.410218
4.032321,24.160616
6.013487,23.745022
7.953861,23.167115
9.839464,22.431308
11.658396,21.542199
13.397834,20.506343
15.045318,19.329566
16.589564,18.021411
18.021341,16.589329
19.329416,15.045083
20.505945,13.397578
21.541877,11.657983
22.431107,9.839504
23.166931,7.953488
23.744864,6.012892
24.160146,4.032288
24.410079,2.022801
24.493862,0.000000
11.826651,19.848099
12.529032,21.027082
11.769856,20.676576
11.417534,20.091190
12.553789,20.142401
12.024515,20.227152
12.236285,19.603008
14.222897,19.920696
12.322200,20.625240
12.964837,20.766663
13.434239,19.637937
12.900535,19.708780
13.117337,20.125505
12.768070,20.450488
12.093743,21.286139
10.750031,21.989702
13.424882,18.803681
13.037499,19.079986
14.175985,19.039859
13.652914,19.167426
13.813146,18.526292
15.819100,18.678174
13.980850,19.539216
14.636033,19.625504
15.010122,18.461353
14.482770,18.577330
13.810541,20.215051
10.923600,21.182492
9.995422,21.607062
14.931825,17.630158
14.568561,17.938446
15.700530,17.804270
15.189526,17.974138
15.296757,17.321835
17.307412,17.307760
15.546444,18.318100
16.206346,18.350055
16.483667,17.158611
15.967757,17.317716
15.431879,19.005563
14.734554,18.973439
11.474741,21.131617
11.206156,21.766477
11.215444,20.725688
10.294157,22.212069
8.897085,22.802353
10.147168,20.756249
10.576554,20.546840
10.359573,21.166322
9.719758,20.966258
10.545524,21.592812
16.336621,16.337125
16.000346,16.673900
17.115888,16.446918
16.621339,16.658295
16.674171,16.000005
18.677489,15.819525
17.006132,16.971368
17.666516,16.948907
17.843851,15.739104
17.342986,15.940112
16.948522,17.666480
16.251911,17.691189
9.147673,22.040726
9.684621,22.025269
9.371048,22.617121
8.183133,22.352894
9.439942,21.593494
8.722288,22.397675
8.424609,22.986049
17.629816,14.932355
17.322015,15.296229
18.416168,14.977333
17.940530,15.228827
17.938764,14.568180
19.920017,14.223375
18.349280,15.509251
19.005725,15.432419
19.082915,14.211890
18.600234,14.453334
18.349817,16.206432
17.656369,16.289256
8.398405,21.523655
8.842845,21.349354
8.596604,21.945589
7.954988,21.697261
8.981664,21.680998
6.983342,23.459275
18.802795,13.425097
18.526427,13.813194
19.590149,13.405509
19.136712,13.695269
19.080482,13.037330
21.026338,12.529761
19.567453,13.941092
20.215136,13.810410
20.191098,12.587338
19.730105,12.867971
19.625218,14.636172
18.941559,14.775503
7.294469,22.714450
7.833698,22.746118
7.471116,23.314026
6.308550,22.952884
7.630594,22.297234
6.844481,23.039975
6.497672,23.603328
19.847102,11.826650
19.603513,12.236515
20.629829,11.742050
20.202144,12.068096
20.091809,11.417376
21.989122,10.750403
20.651751,12.277493
21.286290,12.093706
21.161533,10.877268
20.725364,11.194738
20.766730,12.965563
20.097147,13.160699
6.592413,22.143913
7.049941,22.006501
6.135987,22.280261
5.022075,23.956098
20.756079,10.147335
20.547000,10.576086
21.529165,9.998504
21.129865,10.358741
20.965875,9.719369
22.801835,8.897900
21.594861,10.530368
22.212219,10.294589
21.987483,9.092748
21.579031,9.445117
21.766319,11.206111
21.114820,11.456365
6.750719,22.581152
7.162240,22.350878
5.393841,23.240178
5.928302,23.315811
5.520312,23.851612
4.391437,23.395678
5.762723,22.851441
4.918216,23.526666
4.526542,24.059501
21.523177,8.398700
21.350136,8.843351
22.281289,8.186583
21.913260,8.578442
21.696880,7.955014
23.458765,6.984422
22.390730,8.711286
22.986394,8.425105
22.663254,7.246072
22.285353,7.630803
22.617347,9.370509
21.988883,9.673654
4.741229,22.612867
5.208296,22.513635
4.274954,22.710697
3.026491,24.288507
22.143382,6.592366
22.007538,7.050159
22.881487,6.318655
22.546873,6.739437
22.279778,6.135963
23.955396,5.022920
23.033536,6.832472
23.603672,6.498104
23.184220,5.349629
22.839673,5.764539
23.313811,7.470587
22.712601,7.824713
4.863221,23.061557
5.291897,22.865974
3.456628,23.606381
3.982717,23.726104
3.531840,24.226320
2.444740,23.677863
3.856053,23.249472
2.959051,23.852303
2.524800,24.351396
22.612276,4.741389
22.514448,5.208722
23.325141,4.406974
23.026866,4.854212
22.709548,4.275117
24.288626,3.027135
23.519118,4.907232
24.059485,4.526685
23.546941,3.416357
23.237284,3.859012
23.851393,5.519666
23.281434,5.922290
2.858134,22.927611
3.331208,22.866863
2.385037,22.985934
1.011556,24.455556
22.926983,2.858700
22.867518,3.331460
23.608411,2.466143
23.349473,2.935836
22.985083,2.385471
24.455797,1.012324
23.844262,2.948545
24.350391,2.524166
23.748195,1.461309
23.477242,1.927169
24.225684,3.531633
23.690757,3.978481
2.942729,23.385002
3.385551,23.224367
1.494762,23.810782
2.009888,23.973364
1.518188,24.435520
0.000000,23.615610
0.954331,23.085498
0.576748,23.099504
1.923876,23.489280
1.431183,23.064696
0.703948,23.897478
1.135918,24.082763
0.504556,24.476559
0.000000,24.052772
0.526786,23.509721
1.098680,23.503949
23.084674,0.954708
23.063441,1.431728
23.801833,0.000000
23.099234,0.576674
23.922452,0.736771
24.086175,1.193365
23.519911,0.979683
24.475741,0.503556
24.050855,0.000000
23.554488,0.000000
23.471503,0.489130
23.938442,2.008931
