24.017470,-0.000000
23.932785,1.983307
23.686699,3.952401
23.279213,5.895521
22.712378,7.797950
21.990871,9.647006
21.119040,11.429979
20.102896,13.134971
18.949977,14.749968
17.666519,16.265229
16.264084,17.667604
14.748365,18.951479
13.133700,20.104421
11.429958,21.119697
9.645995,21.991192
7.797263,22.713138
5.894789,23.279742
3.952584,23.687113
1.983143,23.934170
-0.000000,24.018824
-0.000000,25.341209
2.093926,25.253129
4.171678,24.994978
6.221254,24.565051
8.228653,23.967211
10.179323,23.205996
12.061162,22.286189
13.860650,21.214518
15.564990,19.997080
17.162552,18.643771
18.643745,17.162202
19.996957,15.564657
21.214117,13.860286
22.285854,12.060617
23.205782,10.179354
23.967028,8.228209
24.564941,6.220548
24.994501,4.171721
25.253171,2.092735
25.339739,0.000000
12.284201,20.616021
12.962084,21.753927
12.200057,21.432192
11.859604,20.868173
13.014769,20.881946
12.473483,20.982487
12.709418,20.361388
14.714497,20.609277
12.764079,21.364777
13.413187,21.484138
13.925104,20.355471
13.381281,20.443157
13.587817,20.847187
13.222991,21.178611
12.511589,22.022009
11.121659,22.749809
13.944224,19.531164
13.542236,19.817850
14.696440,19.738747
14.162543,19.883102
14.347332,19.243120
16.365888,19.323822
14.482214,20.239740
15.142210,20.303622
15.558645,19.135859
15.022380,19.269488
14.287714,20.913909
11.321541,21.953942
10.360357,22.395628
15.509441,18.312188
15.132541,18.632157
16.276819,18.457794
15.756498,18.645235
15.888439,17.992113
17.905643,17.905999
16.103974,18.974876
16.766804,18.984098
17.086031,17.785599
16.562727,17.962969
15.964967,19.662686
15.262885,19.653814
11.885450,21.888045
11.593927,22.518635
11.633035,21.497345
10.649678,22.979919
9.204592,23.590558
10.539729,21.559166
10.985654,21.341825
10.745295,21.954314
10.096244,21.777325
10.923544,22.366752
16.968584,16.969174
16.619648,17.318717
17.744170,17.050672
17.241792,17.280290
17.319099,16.619157
19.323032,16.366361
17.615954,17.579824
18.277420,17.534535
18.495890,16.314223
17.989189,16.534048
17.534093,18.277374
16.834656,18.325601
9.480019,22.841442
10.030811,22.812639
9.695510,23.398603
8.481971,23.168916
9.791221,22.397349
9.034920,23.200095
8.715462,23.780594
18.311798,15.510077
17.992408,15.887734
19.092135,15.527144
18.610224,15.797468
18.632608,15.131974
20.608509,14.715046
19.007254,16.065293
19.662905,15.965602
19.780224,14.731199
19.293259,14.991854
18.983859,16.766906
18.289469,16.873422
8.723328,22.356325
9.184686,22.175186
8.916687,22.762411
8.263159,22.536601
9.318824,22.494771
7.224602,24.270175
19.530139,13.944480
19.243380,14.347341
20.309203,13.897635
19.851035,14.206650
19.818530,13.541967
21.753061,12.962948
20.269073,14.440923
20.914065,14.287531
20.928901,13.047337
20.465232,13.347429
20.303343,15.142394
19.620714,15.305394
7.559660,23.540081
8.113683,23.559512
7.729890,24.119671
6.538907,23.790762
7.914567,23.127312
7.089877,23.865454
6.721945,24.419137
20.614865,12.284194
20.362109,12.709684
21.387069,12.173171
20.956271,12.518744
20.869001,11.859390
22.749152,11.122073
21.392257,12.717694
22.022238,12.511518
21.934801,11.274788
21.497600,11.611857
21.484316,13.414087
20.817744,13.632715
6.847481,23.000558
7.322499,22.857664
6.373781,23.142175
5.195497,24.784162
21.559032,10.539919
21.342070,10.985054
22.319411,10.365617
21.918656,10.745585
21.776861,10.095718
23.589975,9.205551
22.369189,10.907929
22.980153,10.650187
22.790940,9.425064
22.383063,9.797028
22.518526,11.593853
21.871938,11.867302
7.002135,23.421703
7.430977,23.189539
5.589922,24.084892
6.140105,24.149520
5.711670,24.675865
4.551812,24.249740
5.977154,23.702092
5.094581,24.369555
4.682723,24.891044
22.355815,8.723640
22.176239,9.185275
23.099122,8.487188
22.731320,8.898817
22.536171,8.263152
24.269614,7.225943
23.193603,9.023636
23.781068,8.716067
23.491384,7.510917
23.115710,7.915086
23.398985,9.694815
22.777340,10.020658
4.924670,23.487662
5.409588,23.384385
4.440717,23.589265
3.130849,25.127977
22.999998,6.847357
22.859056,7.322747
23.721395,6.550717
23.388562,6.991115
23.141650,6.373713
24.783408,5.196555
23.859431,7.077438
24.419637,6.722478
24.031350,5.545129
23.690686,5.979294
24.119542,7.729199
23.527033,8.105425
5.044369,23.919952
5.490468,23.723975
3.582277,24.464331
4.124894,24.574459
3.654483,25.063607
2.533981,24.542168
3.999560,24.114973
3.065251,24.706833
2.611923,25.193110
23.487079,4.924823
23.385530,5.410077
24.181288,4.568778
23.886573,5.035456
23.587955,4.440902
25.128297,3.131715
24.362436,5.083231
24.891158,4.682883
24.407473,3.541184
24.103079,4.002850
24.675759,5.710856
24.116286,6.134727
2.968808,23.814626
3.459851,23.751249
2.477697,23.875016
1.046524,25.300744
23.814035,2.969469
23.752246,3.460126
24.474923,2.556764
24.221361,3.045435
23.874190,2.478197
25.301334,1.047511
24.699341,3.054405
25.192066,2.611140
24.615879,1.514788
24.352079,1.999063
25.063037,3.654222
24.540220,4.121130
3.052332,24.255547
3.512549,24.095772
1.549107,24.676329
2.081573,24.830597
1.570913,25.280206
0.000000,24.491054
0.991233,23.978571
0.598983,23.992865
1.995511,24.363780
1.486274,23.956832
0.729218,24.762713
1.176642,24.940345
0.521643,25.322494
0.000000,24.912910
0.547016,24.388666
1.139634,24.381664
23.977831,0.991691
23.955541,1.486941
24.670603,0.000000
23.992799,0.598897
24.787069,0.763426
24.943450,1.236162
24.397475,1.016201
25.321747,0.520385
24.910876,0.000000
24.432308,0.000000
24.351981,0.508057
24.796933,2.080838
