20.099175,0.000000
20.030730,1.659817
19.824742,3.308258
19.484075,4.934112
19.009756,6.526287
18.405794,8.073838
17.676192,9.566205
16.825977,10.993348
15.861199,12.345031
14.786896,13.613307
13.613107,14.787125
12.344847,15.861474
10.993201,16.826288
9.566113,17.676512
8.073734,18.406138
6.526208,19.010165
4.934046,19.484534
3.308227,19.825256
1.659790,20.031324
-0.000000,20.099790
-0.000000,21.662602
1.788868,21.588219
3.565520,21.367257
5.317767,20.999663
7.033766,20.488458
8.701642,19.837659
10.309891,19.051276
11.848409,18.135331
13.305577,17.094848
14.671361,15.937898
15.937726,14.671489
17.094638,13.305674
18.135071,11.848481
19.050985,10.309934
19.837336,8.701679
20.488088,7.033762
20.999234,5.317736
21.366758,3.565493
21.587670,1.788810
21.661976,-0.000000
10.279723,17.251510
11.079180,18.593397
10.322737,18.134798
9.922981,17.464023
11.002546,17.653591
10.511452,17.681317
10.636485,17.038926
12.577038,17.615182
10.838192,18.141472
11.463838,18.364364
11.783236,17.224417
11.280768,17.234327
11.537415,17.701866
11.241189,18.006529
10.694543,18.822384
9.505803,19.444570
11.669111,16.343969
11.331236,16.585134
12.424727,16.688149
11.935540,16.755430
12.007016,16.102766
13.988523,16.516463
12.297095,17.186633
12.941370,17.355031
13.165143,16.192754
12.664768,16.245344
12.212737,17.875300
9.585443,18.588258
8.768018,18.954859
12.979065,15.324367
12.662044,15.592937
13.761442,15.605293
13.279034,15.712572
13.296142,15.055802
15.304608,15.304775
13.674128,16.112457
14.330006,16.227193
14.457643,15.049809
13.963278,15.143738
13.647043,16.805704
12.960527,16.688681
10.095865,18.591598
9.907907,19.247945
9.808668,18.125674
9.103709,19.641164
7.867713,20.163168
8.819971,18.041428
9.193077,17.859027
9.060129,18.511190
8.446938,18.223843
9.276101,18.993514
14.200092,14.200289
13.906683,14.493724
15.001865,14.415342
14.530538,14.562220
14.493545,13.906847
16.516251,13.988660
14.958209,14.927989
15.621237,14.988146
15.650728,13.804733
15.165852,13.939072
14.987989,15.621392
14.295147,15.560793
8.030427,19.348463
8.522435,19.381825
8.284766,20.000429
7.178095,19.608260
8.256493,18.885161
7.672392,19.702878
7.450716,20.325854
15.324144,12.979233
15.055602,13.296282
16.141643,13.127315
15.683764,13.312570
15.592727,12.662181
17.614932,12.577148
16.139625,13.641929
16.805518,13.647176
16.737483,12.465258
16.265299,12.639021
16.227006,14.330134
15.530506,14.327610
7.300013,18.708265
7.686886,18.557238
7.518286,19.193485
6.913181,18.859268
7.844744,18.937178
6.175750,20.744172
16.343689,11.669241
16.102529,12.007150
17.170566,11.749536
16.729490,11.971989
16.584896,11.331351
18.593110,11.079275
17.211161,12.262508
17.875071,12.212817
17.709330,11.040137
17.253224,11.252622
17.354804,12.941468
16.661001,12.996104
6.402930,19.938363
6.893833,20.015169
6.604835,20.616352
5.533833,20.134785
6.673870,19.500465
6.020373,20.267772
5.746737,20.871954
17.251192,10.279821
17.038668,10.636598
18.081603,10.291292
17.660629,10.549404
17.463756,9.923070
19.444250,9.505864
18.164716,10.799099
18.822120,10.694605
18.560332,9.540146
18.123293,9.789347
18.364111,11.463935
17.677332,11.575605
5.730163,19.247461
6.128200,19.128828
5.332168,19.366049
4.441609,21.183573
18.041105,8.820059
17.858727,9.193145
18.869766,8.763082
18.471424,9.055015
18.223509,8.447004
20.162808,7.867769
18.994133,9.262302
19.640861,9.103766
19.284752,7.974945
18.869772,8.259390
19.247647,9.907957
18.572197,10.076296
5.903777,19.749033
6.256099,19.523337
4.734718,20.399943
5.217346,20.516758
4.879765,21.091661
3.852098,20.523143
5.040302,19.985449
4.325886,20.696047
4.003546,21.275452
18.707888,7.300093
18.556917,7.686977
19.529102,7.174940
19.156169,7.498746
18.858886,6.913247
20.743760,6.175790
19.694120,7.662229
20.325515,7.450752
19.877563,6.355207
19.487472,6.672948
20.000103,8.284778
19.340921,8.508280
4.121160,19.655010
4.527607,19.569781
3.714740,19.740178
2.677137,21.477843
19.247030,5.730218
19.128467,6.128264
20.055141,5.537754
19.710174,5.891213
19.365610,5.332218
21.183092,4.441626
20.259688,6.009777
20.871559,5.746750
20.334767,4.692113
19.972228,5.040935
20.615957,6.604826
19.977476,6.882021
4.253010,20.169350
4.622343,19.973280
3.034289,20.721681
3.505511,20.877833
3.121398,21.422620
2.144773,20.770924
3.372593,20.333343
2.602368,20.982587
2.232992,21.533101
19.654519,4.121207
19.569355,4.527666
20.444205,3.862508
20.129543,4.243399
19.739658,3.714782
21.477331,2.677137
20.686931,4.316147
21.274979,4.003537
20.652440,2.996502
20.320100,3.374317
21.091206,4.879733
20.477816,5.208870
2.484033,19.928397
2.896117,19.876829
2.071950,19.979872
0.894422,21.625506
19.927851,2.484082
19.876342,2.896158
20.692926,2.161262
20.411028,2.566551
19.979304,2.071990
21.624948,0.894439
20.972589,2.593045
21.532534,2.232952
20.829831,1.281455
20.529639,1.684972
21.422089,3.121372
20.838117,3.499560
2.573606,20.451694
2.957387,20.286432
1.312369,20.900279
1.769233,21.095246
1.341658,21.606957
0.000000,20.666909
0.829876,20.065602
0.502016,20.079041
1.682674,20.542676
1.244819,20.048461
0.618952,20.988889
0.999234,21.203969
0.447178,21.644084
-0.000000,21.164647
0.458539,20.546853
0.960559,20.545733
20.065006,0.829898
20.047856,1.244853
20.880292,0.000000
20.078464,0.502017
21.016892,0.647129
21.209192,1.049858
20.563004,0.856390
21.643487,0.447139
21.163996,0.000000
20.596663,0.000000
20.503122,0.425227
21.055656,1.767500
