20.573402,-0.000000
20.502848,1.698987
20.292066,3.386236
19.943341,5.050485
19.457860,6.680204
18.839689,8.264235
18.092859,9.791736
17.222515,11.252468
16.234924,12.635995
15.135284,13.934155
13.933816,15.135634
12.635606,16.235369
11.252156,17.222991
9.791629,18.093205
8.263972,18.839981
6.680000,19.458301
5.050288,19.943835
3.386179,20.292656
1.698895,20.503730
0.000000,20.574341
-0.000000,22.103717
1.825476,22.027562
3.638215,21.802112
5.426073,21.427027
7.176993,20.905437
8.878745,20.241410
10.519800,19.439031
12.089572,18.504399
13.576344,17.442659
14.969887,16.262163
16.261994,14.969975
17.442453,13.576406
18.504105,12.089621
19.438752,10.519804
20.241152,8.878821
20.905139,7.176937
21.426644,5.425934
21.801562,3.638140
22.026927,1.825206
22.102719,-0.000000
10.522270,17.658722
11.304859,18.972254
10.548777,18.531863
10.157313,17.876030
11.244916,18.042500
10.748119,18.079599
10.887337,17.441012
12.833214,17.974057
11.069715,18.529010
11.697467,18.738328
12.041092,17.601406
11.534077,17.621344
11.783882,18.079995
11.479291,18.387681
10.912366,19.205911
9.699481,19.840801
11.944382,16.729681
11.598730,16.976366
12.698319,17.055576
12.204139,17.132732
12.290197,16.482781
14.273428,16.852930
12.559766,17.553659
13.205137,17.708446
13.453285,16.547061
12.949052,16.610030
12.461462,18.239491
9.794413,18.993430
8.959720,19.369135
13.285212,15.685892
12.960922,15.960719
14.064365,15.948831
13.577810,16.066298
13.609824,15.411089
15.616313,15.616536
13.966195,16.456537
14.622029,16.557613
14.774052,15.379151
14.276714,15.483702
13.924845,17.148080
13.237241,17.045098
10.310939,18.987866
10.109988,19.640035
10.028652,18.532344
9.289030,20.041395
8.027923,20.574042
9.028073,18.467178
9.410039,18.280522
9.263331,18.926489
8.646509,18.653925
9.474134,19.399090
14.535063,14.535313
14.234922,14.835566
15.332119,14.732730
14.857529,14.890052
14.835460,14.235017
16.852625,14.273640
15.277668,15.246754
15.939556,15.293337
15.993246,14.106840
15.506302,14.251985
15.293125,15.939673
14.600359,15.893117
8.204861,19.768902
8.703700,19.794181
8.453847,20.407805
7.335059,20.036985
8.441562,19.308758
7.836185,20.123338
7.602320,20.739973
15.685655,13.285449
15.410941,13.609863
16.496993,13.416340
16.036729,13.612278
15.960599,12.961007
17.973724,12.833416
16.484327,13.933232
17.147962,13.925069
17.103815,12.738053
16.630451,12.922740
16.557404,14.622154
15.862101,14.633608
7.472225,19.149787
7.868162,18.995093
7.686909,19.623934
7.076523,19.304340
8.022659,19.366568
6.301442,21.166860
16.729293,11.944531
16.482593,12.290337
17.548617,12.008267
17.106019,12.241525
16.976259,11.598824
18.971898,11.305103
17.578770,12.524386
18.239317,12.461529
18.097006,11.281809
17.640616,11.505246
17.708195,13.205247
17.016749,13.273686
6.542130,20.371901
7.040414,20.441193
6.739665,21.036347
5.654823,20.574984
6.823487,19.937908
6.148941,20.700309
5.863635,21.297157
17.658297,10.522358
17.440883,10.887483
18.479805,10.517987
18.058217,10.786969
17.875935,10.157376
19.840465,9.699643
18.552775,11.029775
19.205740,10.912448
18.966712,9.749030
18.530316,10.009164
18.738122,11.697693
18.054845,11.822901
5.865350,19.701699
6.272751,19.580091
5.458184,19.823065
4.531954,21.615206
18.466912,9.028199
18.280336,9.410037
19.285374,8.956149
18.887342,9.258977
18.653637,8.646535
20.573693,8.028156
19.399972,9.460179
20.041205,9.289192
19.707000,8.149576
19.293583,8.444867
19.639773,10.110058
18.968923,10.291633
6.036210,20.192008
6.397889,19.965808
4.837621,20.843505
5.328225,20.953399
4.979460,21.521356
3.936326,20.971860
5.153275,20.433713
4.418302,21.137704
4.084974,21.708867
19.149421,7.472392
18.994991,7.868369
19.959203,7.333044
19.587523,7.667667
19.303997,7.076629
21.166452,6.301671
20.114927,7.825935
20.739796,7.602464
20.312755,6.494385
19.925125,6.822786
20.407594,8.453803
19.754113,8.690129
4.218366,20.118896
4.634345,20.031427
3.802547,20.206040
2.731525,21.915432
19.701254,5.865446
19.579980,6.272885
20.496790,5.659785
20.153961,6.023928
19.822623,5.458273
21.614652,4.532102
20.692519,6.138150
21.296905,5.863726
20.779872,4.794822
20.420731,5.154130
21.035982,6.739592
20.404253,7.029115
4.348423,20.621731
4.727111,20.425948
3.100221,21.172204
3.579932,21.322176
3.185279,21.859159
2.191600,21.225033
3.448196,20.789481
2.658023,21.430368
2.278440,21.971896
20.118332,4.218483
20.031177,4.634517
20.894346,3.947587
20.582768,4.338965
20.205355,3.802650
21.914918,2.731591
21.128810,4.408373
21.708421,4.084986
21.104539,3.062085
20.776341,3.450143
21.520898,4.979321
20.915244,5.320185
2.542676,20.398797
2.964347,20.345748
2.121010,20.451329
0.912670,22.066171
20.398112,2.542859
20.345352,2.964471
21.148385,2.208893
20.870659,2.624318
20.450559,2.121160
22.065543,0.912794
21.420590,2.648506
21.971114,2.278273
21.285604,1.309548
20.990591,1.722852
21.858495,3.185201
21.283154,3.574266
2.631310,20.910547
3.024376,20.746209
1.340812,21.354893
1.806772,21.544275
1.369152,22.047403
0.000000,21.128085
0.849345,20.539293
0.513677,20.552777
1.720378,21.003621
1.274037,20.521510
0.632229,21.443112
1.020552,21.653065
0.456136,22.085121
-0.000000,21.615296
0.469222,21.010517
0.982176,21.008596
20.538451,0.849443
20.520599,1.274182
21.336506,0.000000
20.552049,0.513667
21.470372,0.661127
21.657759,1.072216
21.025414,0.875707
22.084281,0.455931
21.614179,0.000000
21.059238,0.000000
20.967531,0.435240
21.505336,1.805160
