27.350176,0.000000
27.253076,2.258564
26.972797,4.500576
26.508595,6.713638
25.863045,8.880099
25.041483,10.985663
24.048666,13.016006
22.891468,14.957515
21.578565,16.796564
20.117188,18.521936
18.520197,20.118792
16.793995,21.580834
14.955471,22.893693
13.016072,24.049463
10.983981,25.041907
8.878923,25.864006
6.712341,26.509127
4.500907,26.973100
2.258451,27.254746
-0.000000,27.351652
-0.000000,28.519419
2.357214,28.420655
4.695088,28.130300
7.001805,27.646500
9.261089,26.973725
11.456341,26.117013
13.574553,25.081803
15.599785,23.875503
17.517739,22.505335
19.315646,20.982374
20.982544,19.314858
22.505331,17.517086
23.875182,15.599025
25.081438,13.573606
26.116689,11.456444
26.973486,9.260573
27.646496,7.000902
28.129662,4.695617
28.421229,2.355629
28.518153,0.000000
13.989825,23.478368
14.589355,24.484975
13.810254,24.260487
13.507520,23.764420
14.739676,23.649071
14.151394,23.805176
14.472876,23.188433
16.561756,23.196521
14.420188,24.136458
15.097994,24.179977
15.762520,23.041307
15.178322,23.188175
15.351264,23.552081
14.928800,23.908902
14.081456,24.787123
12.518116,25.605797
15.880172,22.242875
15.423816,22.568231
16.643922,22.353884
16.067237,22.557664
16.338379,21.915248
18.420493,21.749770
16.361268,22.865252
17.044201,22.851584
17.611783,21.660711
17.039474,21.856799
16.080494,23.539968
12.811392,24.842268
11.726409,25.347652
17.662618,20.854597
17.234945,21.217921
18.433247,20.903206
17.875551,21.153285
18.093714,20.490753
20.153540,20.153801
18.193541,21.436398
18.872752,21.366423
19.340727,20.132524
18.786763,20.374895
17.967981,22.131974
17.243243,22.203924
13.425186,24.723495
13.051030,25.344776
13.194204,24.381826
11.985439,25.865187
10.360255,26.552132
12.003128,24.552048
12.510303,24.305338
12.187258,24.899727
11.499703,24.800535
12.340407,25.267405
19.324354,19.325204
18.928232,19.722220
20.095175,19.309785
19.560654,19.604837
19.722885,18.927231
21.748681,18.421064
19.901504,19.860238
20.572873,19.734940
20.936525,18.466989
20.404717,18.754180
19.734280,20.572950
19.018944,20.703430
10.724612,25.839652
11.328721,25.764506
10.914644,26.334935
9.600658,26.223605
11.104422,25.402337
10.206675,26.207583
9.808248,26.766195
20.854020,17.663646
20.491433,18.092480
21.621537,17.584461
21.113126,17.922638
21.218756,17.233674
23.195543,16.562465
21.473270,18.149299
22.132260,17.968905
22.390322,16.675092
21.883804,17.004868
21.366196,18.873013
20.662488,19.062943
9.934703,25.460129
10.458716,25.253656
10.113235,25.815716
9.411981,25.665195
10.578309,25.534925
8.131320,27.317076
22.241448,15.880624
21.915959,16.338258
22.999846,15.739073
22.520723,16.117870
22.569443,15.423184
24.483715,14.590619
22.898663,16.314276
23.540274,16.080203
23.690538,14.769218
23.213147,15.139699
22.851342,17.044648
22.166345,17.291496
8.552714,26.631519
9.163439,26.608817
8.702284,27.146714
7.401223,26.927288
8.976124,26.230253
8.009609,26.959375
7.564609,27.484634
23.476803,13.989838
23.189876,14.473302
24.220563,13.786335
23.774678,14.202969
23.765818,13.507183
25.604938,12.518591
24.167555,14.367552
24.787501,14.081324
24.829173,12.762796
24.384187,13.171097
24.180593,15.099520
23.518709,15.401903
7.798438,26.193720
8.338241,26.030596
7.260268,26.354969
5.847320,27.895609
24.552134,12.003418
24.305771,12.509323
25.276385,11.739260
24.866606,12.191363
24.799650,11.498716
26.551368,10.361545
25.271251,12.323016
25.865597,11.986204
25.798336,10.669013
25.388508,11.112525
25.344867,13.050914
24.709746,13.407536
7.942027,26.563645
8.434864,26.322818
6.324240,27.247792
6.934250,27.275060
6.430773,27.772836
5.152165,27.446866
6.778754,26.882003
5.755543,27.528782
5.269524,28.015667
25.459593,9.935003
25.255616,10.459580
26.159351,9.611941
25.788640,10.096226
25.664493,9.411858
27.316327,8.133494
26.202634,10.194315
26.766996,9.809236
26.591130,8.502290
26.219575,8.977822
26.335937,10.913509
25.732590,11.321278
5.608610,26.748478
6.159753,26.630371
5.058754,26.864173
3.523059,28.282413
26.193117,7.797970
26.033184,8.338630
26.864242,7.419045
26.534167,7.931754
26.354247,7.260102
27.894684,5.849043
26.954769,7.995599
27.485570,7.565445
27.202266,6.277011
26.871722,6.782092
27.147047,8.701031
26.579658,9.157599
5.721561,27.128631
6.232242,26.929543
4.052818,27.676874
4.658001,27.754893
4.115504,28.209503
2.868145,27.777730
4.536054,27.350337
3.463250,27.909774
2.939239,28.355840
26.747989,5.608677
26.632623,6.160401
27.384886,5.174220
27.099493,5.712886
26.862263,5.059066
28.283313,3.524803
27.523128,5.742839
28.016176,5.269617
27.628483,4.008428
27.339361,4.540532
27.773245,6.429393
27.245453,6.930984
3.381431,27.121027
3.939187,27.048062
2.823209,27.189195
1.177885,28.476603
27.120536,3.382368
27.050193,3.939533
27.717453,2.895857
27.479655,3.455168
27.188522,2.823893
28.478382,1.179628
27.904027,3.451171
28.354683,2.937876
27.863731,1.715037
27.622031,2.267869
28.209326,4.114934
27.724131,4.655920
3.462120,27.509579
3.986998,27.351453
1.752867,27.917230
2.350340,28.044341
1.769129,28.453902
0.000000,27.764694
1.129013,27.307470
0.682220,27.323225
2.263436,27.632702
1.691395,27.282598
0.823837,28.003263
1.329320,28.156003
0.585772,28.501205
-0.000000,28.137524
0.622538,27.673174
1.292592,27.661910
27.307082,1.129710
27.281251,1.692523
27.923023,0.000000
27.323816,0.682098
28.025713,0.863199
28.158198,1.396679
27.677423,1.152506
28.500711,0.583613
28.135320,0.000000
27.713390,0.000000
27.641478,0.578683
28.014675,2.350427
