22.843201,0.000000
22.763134,1.886362
22.529108,3.759332
22.141644,5.607352
21.602553,7.416780
20.916291,9.175464
20.087080,10.871302
19.120634,12.492985
18.024077,14.029047
16.803297,15.470281
15.469394,16.804147
14.027836,18.025244
12.492028,19.121833
10.871257,20.087638
9.174696,20.916568
7.416254,21.603199
5.606800,22.142150
3.759427,22.529569
1.886194,22.764388
0.000000,22.844472
-0.000000,24.231107
2.001914,24.146958
3.988792,23.900025
5.948593,23.488907
7.868035,22.917226
9.733321,22.189354
11.532604,21.309832
13.253291,20.285161
14.883019,19.121086
16.410613,17.827034
17.826958,16.410409
19.120936,14.882810
20.284776,13.253066
21.309524,11.532233
22.189167,9.733363
22.917052,7.867689
23.488747,5.948038
23.899569,3.988740
24.146776,2.000963
24.229685,0.000000
11.683377,19.607622
12.393784,20.800065
11.635327,20.440279
11.279107,19.847877
12.409620,19.911101
11.884047,19.990818
12.088126,19.365526
14.069363,19.705630
12.184078,20.394069
12.824812,20.542573
13.280743,19.413552
12.750134,19.479021
12.970278,19.899919
12.625895,20.222921
11.963237,21.056308
10.633966,21.752295
13.262259,18.575871
12.879452,18.848924
14.013217,18.821281
13.493469,18.943504
13.645870,18.301822
15.648330,18.476518
13.824135,19.320242
14.477945,19.413706
14.838593,18.250426
14.313955,18.360784
13.661506,19.996780
10.799170,20.941264
9.881306,21.360470
14.750955,17.416586
14.391964,17.721210
15.520302,17.599881
15.012142,17.764167
15.111475,17.111943
17.120576,17.120912
15.372173,18.112800
16.031306,18.152024
16.295304,16.962543
15.781624,17.115843
15.265384,18.800331
14.569417,18.760767
11.346374,20.895178
11.085049,21.531552
11.084807,20.484269
10.183118,21.972248
8.801049,22.556170
10.024245,20.504815
10.448441,20.297896
10.238904,20.919789
9.601868,20.712271
10.427366,21.350886
16.138733,16.139203
15.806423,16.471975
16.919400,16.258093
16.427222,16.463688
16.472216,15.806124
18.475876,15.648733
16.815517,16.781173
17.475720,16.765998
17.639954,15.559257
17.140825,15.754296
16.765636,17.475685
16.069764,17.492884
9.043761,21.790355
9.576421,21.779170
9.269713,22.373038
8.089687,22.097713
9.330047,21.342005
8.624567,22.146850
8.333766,22.737890
17.416265,14.751447
17.112094,15.110998
18.204768,14.805380
17.731007,15.050914
17.721492,14.391634
19.704990,14.069813
18.143613,15.335441
18.800477,15.265889
18.864862,14.049496
18.383425,14.284856
18.151793,16.031386
17.458484,16.106658
8.296664,21.262905
8.735796,21.090749
8.496469,21.690039
7.858490,21.434421
8.876161,21.426354
6.907995,23.206004
18.575040,13.262458
18.301926,13.645925
19.365274,13.251597
18.913227,13.535272
18.849369,12.879310
20.799370,12.394465
19.348144,13.784853
19.996849,13.661390
19.960383,12.443492
19.500124,12.717972
19.413428,14.478070
18.729279,14.609871
7.211553,22.456286
7.746191,22.491881
7.390298,23.062393
6.236518,22.690869
7.541755,22.037538
6.767776,22.781942
6.427626,23.348528
19.606690,11.683376
19.365972,12.088341
20.393010,11.607218
19.966205,11.927101
19.848438,11.278966
21.751752,10.634321
20.420287,12.139894
21.056441,11.963210
20.919727,10.752960
20.483772,11.064242
20.542616,12.825481
19.871914,13.013158
6.512545,21.875654
6.964586,21.739965
6.061528,22.010353
4.967917,23.697467
20.504647,10.024403
20.298038,10.448016
21.282023,9.883690
20.883080,10.237708
20.711922,9.601521
22.555685,8.801814
21.352824,10.412349
21.972380,10.183524
21.736238,8.988830
21.327492,9.335021
21.531392,11.085013
20.878169,11.327915
6.672066,22.318176
7.078147,22.088450
5.332534,22.976047
5.862106,23.055226
5.460551,23.594168
4.341287,23.128603
5.695640,22.585310
4.863087,23.263193
4.477762,23.799787
21.262452,8.296950
21.091456,8.736273
22.025522,8.092568
21.657319,8.478207
21.434066,7.858527
23.205525,6.908990
22.139772,8.613651
22.738204,8.334228
22.404294,7.163252
22.025580,7.541865
22.373228,9.269224
21.742436,9.565189
4.683790,22.338924
5.145259,22.240967
4.223052,22.435575
2.993900,24.026317
21.875147,6.512519
21.740901,6.964795
22.618817,6.246078
22.283539,6.660694
22.009895,6.061518
23.696797,4.968692
22.775382,6.755901
23.348834,6.428024
22.919321,5.288497
22.573438,5.697353
23.062169,7.389820
22.458037,7.736971
4.806552,22.792999
5.229760,22.597495
3.417343,23.338114
3.938282,23.460941
3.493541,23.964803
2.416837,23.407587
3.811159,22.978694
2.925855,23.585192
2.497588,24.088503
22.338347,4.683951
22.241686,5.145664
23.057393,4.356370
22.757895,4.797507
22.434491,4.223209
24.026385,2.994475
23.255520,4.852218
23.799743,4.477896
23.277849,3.377323
22.966425,3.814011
23.593931,5.459958
23.020488,5.855887
2.823479,22.649842
3.290920,22.589924
2.356025,22.707520
1.000634,24.191577
22.649217,2.824013
22.590482,3.291164
23.337426,2.437803
23.076687,2.901548
22.706680,2.356436
24.191723,1.001332
23.576987,2.915455
24.087527,2.497001
23.476869,1.444587
23.203551,1.904678
23.964166,3.493349
23.425243,3.933895
2.908443,23.112641
3.345812,22.951695
1.477778,23.540135
1.987483,23.705427
1.501722,24.171692
0.000000,23.341749
0.942782,22.805829
0.569795,22.819755
1.901469,23.215683
1.413926,22.785331
0.696046,23.626951
1.123190,23.814731
0.499216,24.212349
-0.000000,23.783924
0.520454,23.234705
1.085864,23.229328
22.804997,0.943132
22.784108,1.414433
23.530180,0.000000
22.819437,0.569726
23.652148,0.728436
23.818264,1.179992
23.245363,0.968252
24.211525,0.498299
23.782069,0.000000
23.279861,0.000000
23.196004,0.483206
23.670108,1.986455
