24.123229,0.000000
24.038136,1.992038
23.790963,3.969790
23.381674,5.921474
22.812340,7.832278
22.087659,9.689473
21.211988,11.480293
20.191368,13.192788
19.033373,14.814892
17.744269,16.336820
16.335661,17.745364
14.813262,19.034891
13.191494,20.192906
11.480278,21.212638
9.688443,22.087967
7.831579,22.813091
5.920726,23.382185
3.969980,23.791352
1.991875,24.039510
0.000000,24.124568
-0.000000,25.441446
2.102234,25.353017
4.188192,25.093853
6.245877,24.662228
8.261219,24.062025
10.219601,23.297799
12.108897,22.374355
13.915502,21.298440
15.626581,20.076184
17.230463,18.717525
18.717513,17.230092
20.076075,15.626232
21.298051,13.915122
22.374032,12.108334
23.297599,10.219631
24.061860,8.260767
24.662141,6.245158
25.093393,4.188245
25.353099,2.101024
25.439996,-0.000000
12.338314,20.706829
13.013408,21.840060
12.250990,21.521644
11.911887,20.960053
13.069343,20.969487
12.526617,21.071867
12.765373,20.451069
14.772761,20.690876
12.816414,21.452356
13.466325,21.569161
13.983222,20.440416
13.438179,20.530064
13.643540,20.932653
13.276877,21.264850
12.561108,22.109212
11.165703,22.839883
14.005645,19.617191
13.601931,19.905104
14.758056,19.821478
14.222858,19.967791
14.410507,19.327888
16.430692,19.400335
14.541594,20.322700
15.202201,20.383982
15.623589,19.215711
15.086246,19.351400
14.344265,20.996727
11.368659,22.045275
10.403565,22.488984
15.577755,18.392842
15.199243,18.714190
16.345045,18.535155
15.823600,18.724650
15.958413,18.071377
17.976545,17.976893
16.170007,19.052656
16.833229,19.059235
17.157350,17.859826
16.633145,18.039330
16.028147,19.740559
15.325461,19.734388
11.934096,21.977627
11.639885,22.607767
11.682460,21.588664
10.691811,23.070912
9.241037,23.683961
10.586156,21.654113
11.034034,21.435835
10.790948,22.047565
10.140770,21.873234
10.968316,22.458405
17.043325,17.043917
16.692893,17.394969
17.818552,17.122141
17.315223,17.353895
17.395372,16.692376
19.399542,16.431165
17.688181,17.651881
18.349824,17.603935
18.573091,16.382310
18.065672,16.604337
17.603493,18.349770
16.903678,18.400733
9.519373,22.936242
10.071816,22.905889
9.733964,23.491209
8.517353,23.265521
9.832797,22.492478
9.071947,23.295120
8.749932,23.874750
18.392456,15.578396
18.071696,15.957682
19.172163,15.592229
18.689484,15.864760
18.714667,15.198647
20.690110,14.773313
19.085185,16.131143
19.740794,16.028787
19.862786,14.792679
19.375284,15.055585
19.059005,16.833328
18.364455,16.942605
8.761757,22.454789
9.225113,22.272843
8.954570,22.859074
8.299606,22.635853
9.358721,22.591059
7.253196,24.366268
19.616162,14.005901
19.328175,14.410506
20.394332,13.955892
19.935578,14.267167
19.905818,13.601645
21.839194,13.014285
20.352174,14.500118
20.996903,14.344073
21.016258,13.101796
20.552241,13.404171
20.383714,15.202386
19.701155,15.368149
7.591061,23.637830
8.146847,23.655842
7.760559,24.215140
6.566181,23.889954
7.948176,23.225543
7.118941,23.963210
6.748524,24.515813
20.705669,12.338303
20.451829,12.765639
21.476719,12.224206
21.045524,12.572073
20.960919,11.911663
22.839233,11.166119
21.479963,12.769826
22.109463,12.561032
22.026357,11.321850
21.589001,11.661222
21.569365,13.467242
20.903095,13.688616
6.877648,23.101857
7.354731,22.958317
6.401904,23.244097
5.216052,24.882289
21.653998,10.586346
21.436104,11.033416
22.412970,10.409075
22.012012,10.791364
21.872776,10.140225
23.683387,9.242010
22.460902,10.952644
23.071170,10.692328
22.886071,9.464407
22.478228,9.838676
22.607678,11.639806
21.961614,11.915969
7.031892,23.521173
7.462778,23.288772
5.613140,24.184900
6.165193,24.248257
5.734349,24.773539
4.570800,24.350847
6.002532,23.802758
5.115469,24.469372
4.701232,24.989584
22.454292,8.762067
22.273944,9.225708
23.195948,8.522773
22.828140,8.936731
22.635433,8.299592
24.365718,7.254566
23.288697,9.060627
23.875255,8.750549
23.589437,7.542272
23.213991,7.948731
23.491626,9.733250
22.870729,10.061755
4.946366,23.591107
5.433393,23.487354
4.460322,23.693156
3.143218,25.227456
23.101312,6.877513
22.959767,7.354982
23.820835,6.578189
23.488179,7.020900
23.243585,6.401831
24.881548,5.217133
23.957253,7.106450
24.516348,6.749068
24.131653,5.568275
23.791412,6.004710
24.215040,7.759848
23.623499,8.138670
5.065808,24.021533
5.513965,23.825496
3.597155,24.565906
4.141735,24.674930
3.669019,25.162825
2.544548,24.644489
4.016544,24.217396
3.077829,24.808030
2.622248,25.292854
23.590544,4.946516
23.488556,5.433887
24.282650,4.587933
23.988323,5.056905
23.691846,4.460509
25.227818,3.144110
24.462323,5.104074
24.989732,4.701393
24.509364,3.555962
24.205555,4.019873
24.773466,5.733516
24.215171,6.159886
2.981897,23.919515
3.475063,23.855829
2.488657,23.980151
1.050668,25.400900
23.918949,2.982569
23.856886,3.475340
24.577515,2.567492
24.324551,3.058406
23.979348,2.489163
25.401551,1.051681
24.800620,3.066943
25.291825,2.621447
24.718617,1.521120
24.455625,2.007572
25.162283,3.668751
24.640836,4.138025
3.065305,24.358565
3.527577,24.198879
1.555544,24.778802
2.090064,24.932119
1.577162,25.380300
-0.000000,24.594662
0.995599,24.084177
0.601616,24.098508
2.003990,24.467267
1.492788,24.062330
0.732210,24.865156
1.181466,25.041914
0.523667,25.422738
-0.000000,25.014775
0.549409,24.492670
1.144479,24.485526
24.083467,0.996066
24.061056,1.493469
24.773474,0.000000
24.098485,0.601529
24.889462,0.766582
25.045005,1.241232
24.501342,1.020521
25.422020,0.522379
25.012751,0.000000
24.536205,0.000000
24.456181,0.510296
24.898618,2.089355
