27.016051,-0.000000
26.920161,2.230957
26.643305,4.445602
26.184783,6.631598
25.547122,8.771583
24.735593,10.851428
23.754906,12.856967
22.611850,14.774759
21.314988,16.591342
19.871449,18.295648
18.293967,19.873002
16.588867,21.317182
14.772788,22.614007
12.857026,23.755684
10.849815,24.735994
8.770459,25.548055
6.630363,26.185301
4.445926,26.643600
2.230838,26.921789
-0.000000,27.017502
-0.000000,28.199176
2.330694,28.101459
4.642362,27.814356
6.923164,27.335985
9.157064,26.670763
11.327667,25.823675
13.422061,24.800098
15.424540,23.607368
17.320972,22.252587
19.098692,20.746721
20.746876,19.097942
22.252579,17.320343
23.607043,15.423815
24.799745,13.421146
25.823378,11.327753
26.670547,9.156542
27.335988,6.922266
27.813756,4.642830
28.102005,2.329132
28.197891,0.000000
13.818798,23.191363
14.425382,24.209783
13.648396,23.976169
13.342282,23.474007
14.566317,23.370966
13.982884,23.521703
14.296068,22.904950
16.375616,22.935823
14.253579,23.857610
14.928220,23.908335
15.577813,22.771306
14.997825,22.912463
15.173847,23.279946
14.757141,23.634132
13.923283,24.508489
12.377400,25.318018
15.686052,21.970969
15.235145,22.292448
16.448193,22.091048
15.875948,22.289063
16.138751,21.647303
18.213463,21.505323
16.172230,22.601109
16.852551,22.594841
17.405397,21.406890
16.836875,21.596922
15.899861,23.275346
12.661608,24.551868
11.589085,25.050872
17.446716,20.599660
17.024134,20.958648
18.216516,20.657427
17.662732,20.901403
17.872611,20.240202
19.927034,19.927306
17.983325,21.188755
18.660551,21.126374
19.114078,19.896594
18.563379,20.132638
17.766157,21.883148
17.043999,21.947360
13.270256,24.438204
12.904206,25.060002
13.037386,24.092098
11.850850,25.574445
10.243793,26.253714
11.856387,24.251948
12.357448,24.008170
12.042420,24.603888
11.358976,24.497398
12.197862,24.975580
19.088138,19.088961
18.696749,19.481223
19.858887,19.082735
19.327772,19.371384
19.481876,18.695788
21.504267,18.214023
19.671571,19.630816
20.341580,19.513222
20.691186,18.250577
20.162101,18.531186
19.512591,20.341628
18.799185,20.464200
10.599465,25.538185
11.198121,25.467474
10.791805,26.039058
9.488197,25.916511
10.972516,25.100495
10.088790,25.905004
9.698142,26.465343
20.599109,17.447700
20.240855,17.871415
21.367323,17.377689
20.861761,17.709207
20.959461,17.022927
22.934867,16.376312
21.225182,17.939635
21.883443,17.767051
22.127947,16.479676
21.623610,16.802676
21.126152,18.660785
20.423742,18.842658
9.813226,25.148906
10.330984,24.944964
9.993050,25.509032
9.296786,25.351491
10.451855,25.229669
8.039945,27.010057
21.969583,15.686479
21.647980,16.138636
22.729425,15.554001
22.252610,15.925923
22.293628,15.234543
24.208569,14.426608
22.634120,16.125804
23.275654,15.899572
23.412932,14.596121
22.937148,14.959676
22.594604,16.852962
21.910234,17.091676
8.452862,26.320682
9.057805,26.301988
8.604302,26.841701
7.314536,26.611965
8.869496,25.918575
7.917080,26.648101
7.479701,27.175731
23.189838,13.818805
22.906338,14.296472
23.935788,13.624206
23.491631,14.033820
23.475373,13.341948
25.317185,12.377873
23.888355,14.201565
24.508872,13.923151
24.538224,12.613209
24.094262,13.014481
23.908914,14.929683
23.246970,15.223907
7.703074,25.873538
8.236409,25.712430
7.171377,26.032820
5.781628,27.582082
24.252018,11.856665
24.008605,12.356495
24.979202,11.601205
24.570550,12.046161
24.496574,11.358029
26.252975,10.245061
24.979298,12.180649
25.574859,11.851590
25.496025,10.543961
25.086645,10.980391
25.060085,12.904088
24.424243,13.252575
7.847619,26.248062
8.334075,26.008203
6.250401,26.929769
6.854336,26.960555
6.358312,27.460777
5.091813,27.125450
6.698236,26.562590
5.689051,27.210934
5.210398,27.700806
25.148378,9.813530
24.946852,10.331820
25.851789,9.498903
25.481601,9.975965
25.350835,9.296671
27.009338,8.042044
25.899921,10.076537
26.466133,9.699091
26.279536,8.402630
25.907826,8.871073
26.040008,10.790703
25.435272,11.190424
5.540021,26.421512
6.084546,26.304877
4.996777,26.535793
3.483534,27.964545
25.872948,7.702642
25.714919,8.236781
26.548377,7.331777
26.218264,7.837282
26.032133,7.171215
27.581186,5.783291
26.643373,7.903224
27.176646,7.480512
26.883516,6.203431
26.552225,6.701454
26.841993,8.603100
26.272544,9.051740
5.653541,26.806342
6.157768,26.607667
4.005505,27.353854
4.604354,27.434866
4.069039,27.892516
2.834548,27.452445
4.482163,27.025357
3.423212,27.587522
2.906260,28.037145
26.421022,5.540099
26.307040,6.085182
27.062916,5.113372
26.776833,5.644847
26.533957,4.997073
27.965413,3.485185
27.205155,5.676481
27.701296,5.210506
27.304701,3.961459
27.014315,4.486524
27.461142,6.356984
26.930638,6.850873
3.340052,26.789486
3.891136,26.717470
2.788560,26.856871
1.164651,28.156578
26.789003,3.340965
26.719511,3.891475
27.391562,2.861778
27.152447,3.414009
26.856195,2.789229
28.158263,1.166323
27.581634,3.411254
28.036014,2.904958
27.537248,1.694902
27.293614,2.240864
27.892305,4.068508
27.403810,4.602108
3.420956,27.182738
3.939361,27.024543
1.732364,27.591363
2.323295,27.720960
1.749149,28.134115
-0.000000,27.435799
1.115185,26.973678
0.673854,26.989263
2.236515,27.304358
1.670845,26.949100
0.814323,27.677381
1.313959,27.832389
0.579312,28.180891
0.000000,27.813047
0.614960,27.343325
1.277236,27.332472
26.973270,1.115862
26.947771,1.671925
27.596048,0.000000
26.989812,0.673736
27.700014,0.853170
27.834680,1.380527
27.348017,1.138827
28.180390,0.577240
27.810863,0.000000
27.383853,0.000000
27.311191,0.571598
27.690952,2.323298
