21.805486,0.000000
21.729657,1.800700
21.506280,3.588749
21.136527,5.352744
20.621954,7.080002
19.966830,8.758832
19.175281,10.377689
18.252757,11.925769
17.206007,13.392086
16.040610,14.767905
14.767259,16.041240
13.391238,17.206860
11.925101,18.253644
10.377617,19.175743
8.758283,19.967089
7.079615,20.622499
5.352344,21.137021
3.588761,21.506803
1.800545,21.730785
0.000000,21.806667
-0.000000,23.255258
1.921001,23.174687
3.827994,22.937603
5.708901,22.543014
7.551033,21.994319
9.341286,21.295747
11.067995,20.451622
12.719437,19.468255
14.283579,18.351103
15.749672,17.109141
17.109020,15.749602
18.350926,14.283490
19.467897,12.719339
20.451331,11.067794
21.295553,9.341350
21.994120,7.550808
22.542777,5.708517
22.937121,3.827900
23.174277,1.920318
23.253941,0.000000
11.152497,18.716581
11.894251,19.961596
11.137677,19.566206
10.766197,18.946339
11.876245,19.055391
11.364111,19.116046
11.539122,18.485608
13.502291,18.911300
11.673410,19.539397
12.307645,19.714912
12.712950,18.583553
12.193477,18.628668
12.426585,19.065911
12.100344,19.381742
11.481189,20.207462
10.205283,20.875447
12.659690,17.731772
12.293855,17.992774
13.411043,18.012656
12.903302,18.114685
13.026038,17.470118
15.017598,17.731717
13.244722,18.510676
13.894055,18.631446
14.204088,17.470225
13.689149,17.559348
13.111024,19.190634
10.338929,20.049043
9.459190,20.448369
14.080774,16.625264
13.737631,16.916290
14.853532,16.843753
14.355587,16.987002
14.424909,16.334262
16.430499,16.430799
14.727856,17.353785
15.384803,17.420608
15.598527,16.237296
15.092722,16.368706
14.650429,18.042349
13.958896,17.974515
10.871825,20.021088
10.637748,20.663871
10.601323,19.590769
9.772982,21.086502
8.446365,21.646913
9.568777,19.573190
9.973705,19.375516
9.792310,20.007355
9.165055,19.771180
9.990523,20.456463
15.405493,15.405860
15.087882,15.723784
16.192478,15.559532
15.708719,15.743386
15.723877,15.087763
17.731217,15.017925
16.110767,16.077998
16.771013,16.090433
16.885716,14.894004
16.392596,15.066585
16.090137,16.771027
15.396354,16.759744
8.659454,20.864363
9.176434,20.869424
8.895437,21.471535
7.744035,21.153834
8.923325,20.411257
8.263277,21.219540
7.998233,21.821363
16.624988,14.081147
16.334276,14.424658
17.422668,14.169244
16.955480,14.392403
16.916398,13.737504
18.910787,13.502638
17.383215,14.692849
18.042395,14.650813
18.058259,13.448811
17.580979,13.661320
17.420383,15.384889
16.726883,15.431587
7.919700,20.296763
8.339123,20.132574
8.125871,20.744255
7.500949,20.460527
8.485574,20.483698
6.629726,22.270580
17.731130,12.659856
17.470082,13.026135
18.533320,12.682199
18.086015,12.943079
17.992980,12.293825
19.961052,11.894750
18.537304,13.207221
19.190601,13.110984
19.106928,11.911409
18.648923,12.162825
18.631171,13.894155
17.944455,13.997524
6.904890,21.501468
7.422709,21.552036
7.091812,22.132999
5.970075,21.721718
7.212955,21.076410
6.484183,21.827991
6.168906,22.407474
18.715867,11.152522
18.485794,11.539300
19.516861,11.108400
19.092885,11.405233
18.946621,10.766138
20.875003,10.205568
19.564494,11.631171
20.207474,11.481213
20.025235,10.293142
19.589587,10.581271
19.714835,12.308114
19.039194,12.467693
6.216624,20.881693
6.648293,20.752414
5.785650,21.010288
4.767905,22.742256
19.572988,9.568916
19.375532,9.973459
20.367675,9.458926
19.969609,9.789725
19.770892,9.164878
21.646506,8.446919
20.457937,9.976015
21.086510,9.773290
20.806833,8.604437
20.396487,8.927551
20.663663,10.637761
20.003229,10.853024
6.380979,21.344902
6.766833,21.117001
5.105804,21.999165
5.617406,22.091929
5.239838,22.643315
4.155793,22.140736
5.447361,21.600379
4.659260,22.289136
4.297585,22.840589
20.296360,7.919949
20.132940,8.339491
21.079263,7.744751
20.709951,8.107207
20.460207,7.501025
22.270154,6.630389
21.211896,8.252678
21.821491,7.998562
21.446350,6.856900
21.064102,7.212705
21.471551,8.895151
20.831270,9.164183
4.470974,21.323901
4.911673,21.230700
4.030761,21.416192
2.873535,23.057971
20.881225,6.216672
20.752904,6.648473
21.647029,5.977581
21.308804,6.369239
21.009860,5.785695
22.741645,4.768406
21.820907,6.472810
22.407561,6.169174
21.939414,5.062376
21.588037,5.448693
22.132706,7.091524
21.516863,7.412582
4.596823,21.799075
4.999727,21.603656
3.272057,22.345943
3.774030,22.480719
3.352109,22.998901
2.313647,22.407894
3.645003,21.976556
2.803119,22.597694
2.397071,23.117545
21.323327,4.471132
21.231001,4.911990
22.066813,4.169163
21.762297,4.587624
21.415292,4.030901
23.057775,2.873863
22.280929,4.648821
22.840373,4.297674
22.282427,3.232935
21.963906,3.647456
22.642970,5.239449
22.055721,5.610393
2.695081,21.620645
3.141621,21.563832
2.248548,21.675951
0.960290,23.216604
21.619975,2.695480
21.563961,3.141829
22.334898,2.332964
22.066952,2.774647
21.675106,2.248863
23.216351,0.960725
22.588788,2.793119
23.116629,2.396663
22.473198,1.382734
22.190548,1.821442
22.998223,3.351966
22.443586,3.769073
2.781562,22.104626
3.198702,21.942330
1.414997,22.539145
1.904659,22.714952
1.440911,23.197251
0.000000,22.328321
0.900022,21.769577
0.544083,21.783253
1.818555,22.203106
1.349972,21.750259
0.666816,22.626504
1.076144,22.823969
0.479476,23.236532
0.000000,22.790062
0.497012,22.216734
1.038416,22.212873
21.768680,0.900267
21.749117,1.350328
22.525353,0.000000
21.782703,0.544037
22.652534,0.697604
22.827940,1.130574
22.229172,0.925920
23.235646,0.478874
22.788439,0.000000
22.263378,0.000000
22.176111,0.461265
22.678029,1.903368
