28.191732,-0.000000
28.091610,2.328110
27.802714,4.639050
27.324212,6.920277
26.658791,9.153426
25.811960,11.323765
24.788589,13.416583
23.595770,15.417828
22.242463,17.313459
20.736155,19.091888
19.090026,20.737861
17.310674,22.244895
15.415616,23.598133
13.416673,24.789401
11.321914,25.812414
9.152119,26.659794
6.918826,27.324748
4.639390,27.803009
2.328011,28.093355
-0.000000,28.193240
-0.000000,29.327338
2.424113,29.225955
4.828097,28.927393
7.200202,28.429895
9.523530,27.738064
11.780977,26.857070
13.959279,25.792512
16.041920,24.551975
18.014172,23.142990
19.863014,21.576903
21.577127,19.862117
23.143015,18.013454
24.551688,16.041066
25.792139,13.958254
26.856704,11.781123
27.737796,9.523039
28.429899,7.199299
28.926686,4.828790
29.226627,2.422486
29.326166,0.000000
14.420608,24.201233
15.003055,25.179245
14.218276,24.977204
13.923714,24.495884
15.176668,24.350074
14.576053,24.519525
14.918200,23.902446
17.031381,23.854225
14.840304,24.839575
15.526329,24.865296
16.228153,23.721941
15.633211,23.882998
15.798642,24.238281
15.361691,24.601815
14.480505,25.490085
12.873137,26.331821
16.369118,22.927722
15.899033,23.262841
17.137303,23.016407
16.549309,23.234540
16.841181,22.590125
18.942821,22.366478
16.837944,23.531293
17.527725,23.499311
18.132061,22.300559
17.550065,22.511722
16.536208,24.207583
13.188999,25.574360
12.072590,26.095806
18.206427,21.496708
17.765929,21.870947
18.979571,21.522735
18.411882,21.788035
18.650603,21.121821
20.725007,20.725221
18.723618,22.060834
19.408124,21.972034
19.912088,20.727269
19.349737,20.985413
18.477169,22.759741
17.745663,22.850861
13.815878,25.442884
13.421459,26.063221
13.589429,25.111979
12.324992,26.598697
10.654093,27.304999
12.372739,25.307901
12.895292,25.053818
12.552286,25.645273
11.854162,25.564034
12.699850,26.003245
19.919334,19.920227
19.511284,20.329214
20.690798,19.882102
20.147544,20.193146
20.329914,19.510174
22.365328,18.943404
20.481300,20.438733
21.156411,20.294304
21.555004,19.012533
21.016161,19.316154
20.293586,21.156553
19.573096,21.306659
11.040125,26.599656
11.658062,26.513520
11.224551,27.081391
9.884165,26.997753
11.436856,26.163028
10.503933,26.970543
10.086035,27.525213
21.496085,18.207549
21.122579,18.649270
22.262347,18.105663
21.746595,18.460493
21.871847,17.764490
23.853219,17.032108
22.098844,18.677975
22.760012,18.478153
23.051748,17.167708
22.539548,17.514422
21.971813,19.408444
21.264518,19.618403
10.240682,26.244000
10.780427,26.031161
10.416127,26.588597
9.702130,26.455311
10.896954,26.304115
8.361864,28.091644
22.926216,16.369621
22.590938,16.841040
23.681511,16.205576
23.196400,16.601584
23.264147,15.898320
25.177896,15.004399
23.565731,16.789516
24.207896,16.535909
24.390360,15.205573
23.908724,15.593383
23.499077,17.528256
22.812163,17.795354
8.804451,27.415140
9.429823,27.382532
8.949485,27.916215
7.619753,27.722179
9.244851,27.015728
8.242928,27.744261
7.778825,28.263959
24.199608,14.420626
23.904042,14.918675
24.938412,14.195007
24.487990,14.629231
24.497369,13.923368
26.330929,12.873609
24.871583,14.786097
25.490468,14.480372
25.562630,13.139884
25.114859,13.565795
24.866023,15.528003
24.203935,15.850733
8.038645,27.000157
8.594716,26.831963
7.484162,27.166356
6.013066,28.686596
25.308064,12.373054
25.054265,12.894242
26.025511,12.087249
25.612703,12.557280
25.563017,11.853071
27.304203,10.655422
26.007438,12.682003
26.599114,12.325814
26.560439,10.984254
26.149267,11.445528
26.063359,13.421346
25.429682,13.798277
8.179956,27.358949
8.688838,27.115599
6.510397,28.049529
7.135776,28.068133
6.613588,28.560115
5.304308,28.257119
6.981679,27.686974
5.923206,28.330248
5.418693,28.810025
26.243477,10.240966
26.033324,10.781360
26.934643,9.896869
26.562412,10.399293
26.454517,9.701982
28.090849,8.364218
26.965954,10.491300
27.526058,10.087112
27.376636,8.753519
27.005247,9.246853
27.082554,11.223341
26.482316,11.651234
5.781376,27.572002
6.349170,27.450195
5.214861,27.691254
3.622784,29.084360
26.999555,8.038081
26.834823,8.595144
27.660462,7.639018
27.330279,8.169833
27.165574,7.483990
28.685632,6.014933
27.739986,8.228531
28.264974,7.779716
28.005816,6.462500
27.676922,6.985316
27.916687,8.948102
27.354089,9.424532
5.892986,27.940837
6.419904,27.740620
4.172096,28.491215
4.793286,28.561891
4.232738,29.009208
2.952841,28.597738
4.671876,28.169331
3.564205,28.722350
3.022442,29.159861
27.571547,5.781409
27.452695,6.349841
28.196497,5.327595
27.912633,5.884355
27.689191,5.215212
29.085365,3.624763
28.324931,5.910161
28.810606,5.418740
28.444710,4.126830
28.158544,4.676641
28.560665,6.612079
28.039303,7.132992
3.485658,27.956073
4.060202,27.880726
2.910483,28.026212
1.211272,29.283988
27.955594,3.486652
27.883108,4.060566
28.538951,2.981755
28.304249,3.558902
28.025582,2.911201
29.286027,1.213189
28.716975,3.551823
29.158677,3.020923
28.686771,1.765804
28.449704,2.335929
29.009157,4.232062
28.531868,4.791619
3.565865,28.333256
4.107036,28.175221
1.804568,28.738745
2.418542,28.859797
1.819545,29.260672
0.000000,28.593617
1.163855,28.148179
0.703308,28.164383
2.331292,28.460172
1.743136,28.122584
0.847825,28.824860
1.368052,28.972080
0.602070,29.309319
0.000000,28.955747
0.641630,28.504383
1.331283,28.492096
28.147877,1.164595
28.121227,1.744388
28.747334,0.000000
28.165108,0.703173
28.846897,0.888482
28.974079,1.437408
28.507573,1.186969
29.308876,0.599694
28.953535,0.000000
28.543891,0.000000
28.473785,0.596529
28.830988,2.418841
