20.079260,-0.000000
20.010904,1.658169
19.805116,3.304976
19.464784,4.929214
18.990931,6.519809
18.387564,8.065824
17.658686,9.556712
16.809316,10.982443
15.845497,12.332784
14.772259,13.599801
13.599632,14.772453
12.332630,15.845730
10.982319,16.809580
9.556634,17.658959
8.065737,18.387859
6.519742,18.991281
4.929159,19.465176
3.304950,19.805554
1.658146,20.011409
-0.000000,20.079782
-0.000000,21.644032
1.787329,21.569725
3.562465,21.348955
5.313217,20.981679
7.027751,20.470914
8.694206,19.820675
10.301078,19.034968
11.838287,18.119813
13.294215,17.080228
14.658836,15.924270
15.924123,14.658947
17.080048,13.294299
18.119592,11.838348
19.034719,10.301115
19.820398,8.694237
20.470597,7.027748
20.981311,5.313192
21.348528,3.562443
21.569257,1.787282
21.643500,0.000000
10.269529,17.234358
11.069706,18.577466
10.313242,18.118087
9.913132,17.446668
10.992366,17.637223
10.501509,17.664549
10.625942,17.021990
12.566287,17.600095
10.828470,18.125167
11.454031,18.348639
11.772408,17.208555
11.270127,17.218036
11.527066,17.685959
11.231192,17.990496
10.685399,18.806255
9.497671,19.427903
11.657544,16.327726
11.319995,16.568658
12.413238,16.672690
11.924258,16.739550
11.995116,16.086764
13.976569,16.502321
12.286067,17.171196
12.930300,17.340174
13.153045,16.177850
12.652828,16.229998
12.202297,17.859989
9.576665,18.571205
8.759965,18.937420
12.966201,15.309146
12.649486,15.577451
13.748724,15.590843
13.266486,15.697687
13.282961,15.040844
15.291531,15.291674
13.661869,16.097987
14.317754,16.213306
14.444360,15.035958
13.950116,15.129434
13.635387,16.791313
12.948911,16.673691
10.086833,18.574925
9.899423,19.231454
9.799426,18.108553
9.095928,19.624329
7.860985,20.145882
8.811224,18.023491
9.183956,17.841271
9.051591,18.493704
8.438548,18.205723
9.267783,18.976447
14.186018,14.186186
13.892892,14.479333
14.988000,14.401993
14.516807,14.548427
14.479179,13.893033
16.502141,13.976685
14.944801,14.914586
15.607883,14.975321
15.636350,13.792028
15.151557,13.925909
14.975187,15.608016
14.282336,15.546820
8.023099,19.330764
8.514821,19.364471
8.277666,19.983291
7.171500,19.590210
8.248716,18.867324
7.665512,19.685180
7.444349,20.308431
15.308955,12.966345
15.040673,13.283083
16.126725,13.115160
15.668942,13.299962
15.577271,12.649604
17.599883,12.566380
16.125158,13.629683
16.791153,13.635499
16.722105,12.453787
16.249967,12.627087
16.213147,14.317863
15.516590,14.314745
7.292773,18.689660
7.679265,18.538789
7.511200,19.175358
6.906314,18.840513
7.837267,18.919093
6.170471,20.726386
16.327488,11.657655
16.086560,11.995231
17.154695,11.738655
16.713679,11.960652
16.568453,11.320094
18.577221,11.069786
17.195734,12.251498
17.859792,12.202366
17.693056,11.029974
17.236957,11.241996
17.339981,12.930385
16.646071,12.984434
6.397081,19.920110
6.887676,19.997237
6.599172,20.598679
5.528749,20.116248
6.667583,19.482042
6.014971,20.249563
5.741827,20.854061
17.234087,10.269613
17.021768,10.626039
18.064885,10.281758
17.643933,10.539411
17.446437,9.913209
19.427631,9.497722
18.148430,10.789402
18.806029,10.685451
18.543273,9.531362
18.106202,9.780100
18.348423,11.454113
17.661489,11.565209
5.724479,19.228317
6.122123,19.109811
5.326870,19.346788
4.437814,21.165407
18.023214,8.811298
17.841013,9.184016
18.852318,8.754962
18.453959,9.046435
18.205437,8.438606
20.145574,7.861031
18.977101,9.253983
19.624069,9.095975
19.267027,7.967602
18.851977,8.251588
19.231199,9.899465
18.555547,10.067243
5.898212,19.730375
6.250139,19.504699
4.730394,20.381264
5.212688,20.498375
4.875577,21.073577
3.848558,20.504245
5.035554,19.966567
4.322003,20.677451
4.000125,21.257210
18.689338,7.292841
18.538512,7.679341
19.511047,7.168291
19.138057,7.491640
18.840186,6.906371
20.726034,6.170503
19.676461,7.655348
20.308139,7.444379
19.859297,6.349355
19.469097,6.666646
19.983011,8.277677
19.323581,8.500635
4.117073,19.635457
4.523119,19.550324
3.711049,19.720542
2.674852,21.459424
19.227949,5.724526
19.109499,6.122177
20.036604,5.532623
19.691542,5.885631
19.346412,5.326912
21.164997,4.437826
20.241527,6.004382
20.853722,5.741837
20.316088,4.687795
19.953400,5.036174
20.598341,6.599165
19.959567,6.875838
4.249000,20.150293
4.617939,19.954209
3.031519,20.702706
3.502384,20.859123
3.118714,21.404245
2.142805,20.751796
3.369416,20.314127
2.600029,20.963730
2.231082,21.514631
19.635038,4.117112
19.549958,4.523169
20.425315,3.858931
20.110518,4.239379
19.720099,3.711083
21.458986,2.674851
20.668393,4.312272
21.256806,4.000117
20.633471,2.993745
20.300950,3.371128
21.073188,4.875551
20.459464,5.204192
2.481568,19.908568
2.893248,19.857063
2.069887,19.959997
0.893655,21.606955
19.908102,2.481607
19.856645,2.893282
20.673816,2.159260
20.391737,2.564122
19.959514,2.069920
21.606479,0.893668
20.953797,2.590715
21.514148,2.231049
20.810710,1.280274
20.510294,1.683379
21.403793,3.118693
20.819448,3.496421
2.571180,20.432362
2.954571,20.267059
1.311174,20.881129
1.767655,21.076337
1.340503,21.588415
0.000000,20.647477
0.829057,20.045632
0.501527,20.059069
1.681089,20.523254
1.243591,20.028518
0.618394,20.969756
0.998338,21.185057
0.446801,21.625517
0.000000,21.145668
0.458090,20.527315
0.959650,20.526229
20.045125,0.829076
20.028005,1.243618
20.861154,0.000000
20.058578,0.501527
20.997870,0.646541
21.190381,1.048919
20.543599,0.855577
21.625010,0.446770
21.145117,0.000000
20.577250,0.000000
20.483630,0.424806
21.036796,1.765917
