20.305480,-0.000000
20.236112,1.676863
20.028048,3.342190
19.683883,4.984751
19.204715,6.593260
18.594574,8.156681
17.857474,9.664330
16.998494,11.106082
16.023784,12.471615
14.938452,13.752892
13.752619,14.938746
12.471329,16.024144
11.105850,16.998889
9.664218,17.857817
8.156494,18.594908
6.593113,19.205159
4.984615,19.684391
3.342138,20.028643
1.676801,20.236896
-0.000000,20.306306
-0.000000,21.854401
1.804785,21.779239
3.597124,21.556320
5.364849,21.185462
7.096026,20.669738
8.778626,20.013184
10.401134,19.219842
11.953234,18.295766
13.423266,17.246036
14.801112,16.078848
16.078665,14.801235
17.245816,13.423360
18.295480,11.953308
19.219545,10.401172
20.012878,8.778690
20.669382,7.096003
21.185024,5.364769
21.555753,3.597070
21.778591,1.804628
21.853541,-0.000000
10.385237,17.428689
11.177276,18.758093
10.421028,18.307482
10.024922,17.643289
11.107941,17.822731
10.614380,17.854559
10.745613,17.213872
12.688387,17.771184
10.938854,18.309987
11.565389,18.526930
11.895359,17.388362
11.390930,17.402661
11.644572,17.866286
11.344705,18.172257
10.789227,18.989110
9.589991,19.616825
11.788858,16.511786
11.447600,16.755355
12.543694,16.847938
12.052352,16.919539
12.130204,16.268102
14.112355,16.662719
12.411296,17.346221
13.056017,17.508658
13.290432,16.346828
12.788398,16.403958
12.320849,18.033614
9.676310,18.764466
8.851378,19.135031
13.112243,15.481653
12.792058,15.752948
13.893162,15.754688
13.408967,15.866419
13.432599,15.210374
15.440087,15.440292
13.801106,16.262062
14.456931,16.370821
14.595222,15.193024
14.099585,15.291595
13.767789,16.954528
13.080830,16.843652
10.189374,18.763910
9.995748,19.418399
9.904339,18.302563
9.184266,19.815159
7.937353,20.341793
8.910503,18.226677
9.287464,18.042423
9.148502,18.691835
8.533758,18.410978
9.362203,19.169879
14.345811,14.346043
14.049472,14.642445
15.145470,14.553364
14.672743,14.704803
14.642287,14.049618
16.662455,14.112538
15.097096,15.066586
15.759591,15.120807
15.799663,13.936105
15.313909,14.075163
15.120613,15.759741
14.427838,15.705285
8.106276,19.531312
8.601245,19.561135
8.358263,20.177533
7.246351,19.794720
8.336981,19.069417
7.743609,19.885718
7.516617,20.505890
15.481413,13.112453
15.210184,13.432707
16.296165,13.253004
15.837269,13.442921
15.752766,12.792186
17.770886,12.688550
16.289489,13.768587
16.954361,13.767975
16.896778,12.583887
16.424105,12.762417
16.370612,14.457069
15.674669,14.460656
7.374931,18.900381
7.765749,18.747756
7.591621,19.380723
6.984241,19.052929
7.922127,19.123966
6.230388,20.927938
16.511447,11.789008
16.267874,12.130353
17.334968,11.862055
16.893250,12.089221
16.755163,11.447718
18.757764,11.177450
17.370992,12.376376
18.033397,12.320936
17.877916,11.145236
17.421710,11.362498
17.508408,13.056132
16.815669,13.116798
6.463460,20.126914
6.957564,20.200428
6.663444,20.798947
5.586446,20.326240
6.738940,19.690748
6.076275,20.455868
5.797554,21.056814
17.428312,10.385343
17.213658,10.745752
18.254776,10.389884
17.833557,10.652735
17.643087,10.025012
19.616487,9.590109
18.333447,10.899405
18.988877,10.789310
18.737059,9.630991
18.300325,9.884959
18.526686,11.565555
17.841472,11.683135
5.788974,19.445114
6.191087,19.325184
5.386989,19.564911
4.480883,21.371233
18.226367,8.910620
18.042162,9.287515
19.050515,8.847052
18.652331,9.143734
18.410653,8.533820
20.341425,7.937496
19.170602,9.348349
19.814894,9.184380
19.468382,8.050895
19.054110,8.340068
19.418106,9.995818
18.744699,10.169934
5.961373,19.941724
6.317769,19.715819
4.779464,20.592858
5.265555,20.706637
4.923103,21.278478
3.888725,20.718309
5.089436,20.180443
4.366070,20.888115
4.038945,21.463887
18.899992,7.375064
18.747517,7.765905
19.716153,7.243705
19.343791,7.572225
19.052547,6.984338
20.927505,6.230512
19.877099,7.733418
20.505607,7.516707
20.066819,6.415737
19.677828,6.738126
20.177244,8.358259
19.520587,8.587358
4.163447,19.856867
4.574042,19.770659
3.752938,19.942895
2.700782,21.668099
19.444650,5.789061
19.324909,6.191194
20.247207,5.590829
19.903198,5.948944
19.564442,5.387069
21.370683,4.480954
20.447890,6.065600
21.056455,5.797601
20.528325,4.736781
20.167295,5.090173
20.798543,6.663411
20.163047,6.945985
4.294506,20.366138
4.667911,20.170202
3.062959,20.917630
3.537869,21.071068
3.149169,21.612420
2.165135,20.968441
3.405474,20.531769
2.626569,21.177324
2.252752,21.723883
19.856303,4.163536
19.770274,4.574163
20.639956,3.899510
20.326663,4.284970
19.942259,3.753016
21.667532,2.700804
20.879057,4.356250
21.463385,4.038942
20.849030,3.025023
20.518524,3.407300
21.277987,4.923022
20.668011,5.257274
2.509544,20.133095
2.925800,20.080879
2.093291,20.185030
0.902356,21.817106
20.132432,2.509660
20.080380,2.925886
20.890978,2.181976
20.610926,2.591679
20.184313,2.093387
21.816450,0.902417
21.167368,2.617160
21.723164,2.252651
21.028010,1.293673
20.730102,1.701448
21.611779,3.149115
21.031612,3.532043
2.598701,20.651305
2.986523,20.486453
1.324736,21.098016
1.785556,21.290525
1.353612,21.798462
0.000000,20.867531
0.838343,20.271738
0.507086,20.285195
1.699071,20.743200
1.257529,20.254313
0.624726,21.186452
1.008504,21.399278
0.451074,21.835847
-0.000000,21.360637
0.463186,20.748572
0.969962,20.747098
20.270966,0.838401
20.253508,1.257616
21.078660,0.000000
20.284483,0.507083
21.214058,0.653216
21.404199,1.059578
20.764100,0.864794
21.835074,0.450961
21.359709,0.000000
20.797832,0.000000
20.705098,0.429583
21.251159,1.783874
