26.252765,0.000000
26.159663,2.167902
25.890633,4.320034
25.445090,6.444205
24.825455,8.523712
24.036844,10.544809
23.083868,12.493689
21.973119,14.357306
20.712901,16.122574
19.310113,17.778759
17.777195,19.311569
16.120302,20.714943
14.355497,21.975145
12.493723,23.084637
10.543347,24.037235
8.522702,24.826363
6.443103,25.445624
4.320335,25.890963
2.167769,26.161244
-0.000000,26.254206
-0.000000,27.468884
2.270208,27.373576
4.522109,27.093881
6.743815,26.627891
8.919830,25.979891
11.034221,25.154748
13.074298,24.157694
15.024893,22.995904
16.872241,21.676214
18.603922,20.209330
20.209430,18.603279
21.676168,16.871685
22.995542,15.024262
24.157334,13.073469
25.154468,11.034282
25.979677,8.919307
26.627860,6.742941
27.093313,4.522447
27.373997,2.268711
27.467512,-0.000000
13.428124,22.535779
14.051441,23.582227
13.278975,23.327282
12.964830,22.810644
14.170623,22.736208
13.598162,22.874527
13.892174,22.257425
15.951124,22.341314
13.873419,23.221378
14.541054,23.288869
15.156246,22.155095
14.585753,22.283036
14.769033,22.659032
14.365496,23.007270
13.562559,23.873090
12.056499,24.661756
15.242625,21.349876
14.804168,21.662500
16.001438,21.491143
15.439220,21.675842
15.682728,21.035263
17.741327,20.947875
15.740891,21.998427
16.415487,22.009356
16.934347,20.827608
16.374343,21.003647
15.487914,22.671900
12.319761,23.889136
11.275665,24.373562
16.953533,20.017333
16.542578,20.366407
17.721826,20.096454
17.176851,20.326352
17.367528,19.667895
19.410481,19.410794
17.503662,20.623718
18.176620,20.578952
18.596780,19.358139
18.053393,19.579583
17.305888,21.315721
16.589384,21.361975
12.916766,23.787291
12.569372,24.410596
12.679382,23.430680
11.543914,24.911437
9.978212,25.573190
11.521192,23.566458
12.008263,23.329387
11.711759,23.928511
11.037514,23.804966
11.872612,24.309741
18.548549,18.549329
18.167971,18.930728
19.319558,18.564504
18.796082,18.838406
18.931322,18.167128
20.946871,17.741878
19.146919,19.107351
19.814107,19.007603
20.131228,17.756667
19.608206,18.022107
19.007016,19.814119
18.297759,19.918363
10.313862,24.850213
10.900144,24.789797
10.511665,25.364331
9.231526,25.215657
10.671382,24.411430
9.819808,25.214633
9.447038,25.779279
20.016815,16.954436
19.668458,17.366447
20.787073,16.905746
20.287872,17.221941
20.367135,16.541537
22.340385,15.951798
20.659104,17.461252
21.316005,17.306728
21.529107,16.033685
21.029583,16.341086
20.578718,18.176815
19.878990,18.340046
9.535747,24.438008
10.039195,24.239854
9.718670,24.808905
9.033647,24.634923
10.163125,24.532720
7.831572,26.309922
21.348561,15.243010
21.035830,15.682646
22.112183,15.131583
21.640479,15.487708
21.663563,14.803651
23.581087,14.052590
22.030494,15.695775
22.672175,15.487647
22.779326,14.201066
22.307035,14.548701
22.009100,16.415835
21.325859,16.635757
8.224986,25.611325
8.816796,25.601952
8.380852,26.146139
7.116689,25.892333
8.626070,25.207055
7.705954,25.937889
7.286068,26.471310
22.534316,13.428129
22.258646,13.892543
23.285778,13.254153
22.845403,13.647652
22.811890,12.964519
24.660948,12.056970
23.251282,13.822839
23.873441,13.562438
23.874165,12.271812
23.432354,12.656939
23.289336,14.542381
22.626936,14.817781
7.485245,25.142174
8.003782,24.985682
6.968325,25.296962
5.631827,26.867111
23.566454,11.521450
23.329779,12.007390
24.300867,11.286098
23.894619,11.714664
23.804237,11.036670
25.572472,9.979426
24.313126,11.855814
24.911812,11.544601
24.806032,10.258557
24.397481,10.678738
24.410620,12.569261
23.772798,12.899009
7.632090,25.527617
8.103941,25.289892
6.081892,26.204014
6.672009,26.243012
6.193064,26.749145
4.954070,26.391913
6.514419,25.833415
5.537330,26.485726
5.075561,26.982798
24.437462,9.536063
24.241530,10.039972
25.149765,9.240894
24.780595,9.701411
24.634322,9.033560
26.309230,7.833495
25.209194,9.807805
25.779995,9.447905
25.568355,8.175178
25.196093,8.627376
25.365122,10.510651
24.756869,10.891860
5.383354,25.674653
5.912741,25.561393
4.855208,25.785706
3.393399,27.239682
25.141573,7.484898
24.987894,8.004122
25.827399,7.132587
25.497016,7.621603
25.296309,6.968180
26.866235,5.633350
25.932833,7.692455
26.472122,7.286818
26.156001,6.035506
25.822799,6.517365
26.146297,8.379776
25.571785,8.810205
5.498253,26.070590
5.987722,25.872782
3.897529,26.616700
4.481957,26.704722
3.963084,27.169648
2.757872,26.710083
4.359135,26.283473
3.331855,26.852271
2.831049,27.310391
25.674119,5.383458
25.563299,5.913350
26.328002,4.974487
26.040154,5.489515
25.783990,4.855472
27.240417,3.394845
26.479608,5.525070
26.983191,5.075697
26.565701,3.854260
26.272222,4.363230
26.749370,6.191860
26.212308,6.668086
3.245535,26.032183
3.781366,25.962344
2.709414,26.097782
1.134468,27.426797
26.031664,3.246393
25.964123,3.781690
26.647706,2.783993
26.405378,3.320049
26.097050,2.710046
27.428207,1.135974
26.845995,3.320176
27.309266,2.829884
26.792083,1.648950
26.543814,2.179219
27.169316,3.962636
26.672914,4.479332
3.326982,26.436592
3.830593,26.278165
1.685584,26.847708
2.261590,26.983167
1.703590,27.404859
0.000000,26.685032
1.083606,26.211230
0.654758,26.226444
2.175063,26.554787
1.623889,26.187338
0.792611,26.933730
1.278910,27.094098
0.564580,27.450451
0.000000,27.072756
0.597652,26.590274
1.242174,26.580371
26.210723,1.084236
26.185999,1.624861
26.849786,0.000000
26.226837,0.654649
26.956749,0.830279
27.096561,1.343673
26.595946,1.107591
27.449879,0.562709
27.070574,0.000000
26.631497,0.000000
26.557051,0.555416
26.952292,2.261405
