26.828730,-0.000000
26.733520,2.215481
26.458585,4.414784
26.003247,6.585608
25.370010,8.710750
24.564105,10.776177
23.590219,12.767811
22.455092,14.672307
21.167223,16.476297
19.733685,18.168793
18.167140,19.735216
16.473871,21.169380
14.670375,22.457218
12.767864,23.590996
10.774601,24.564504
8.709654,25.370937
6.584405,26.003769
4.415104,26.458888
2.215358,26.735137
0.000000,26.830178
-0.000000,28.019791
2.315837,27.922663
4.612825,27.637380
6.879110,27.162051
9.098791,26.501059
11.255586,25.659362
13.336638,24.642300
15.326371,23.457170
17.210747,22.111009
18.977157,20.614718
20.614859,18.976434
22.110991,17.210136
23.456835,15.325669
24.641945,13.335743
25.659069,11.255665
26.500843,9.098268
27.162046,6.878216
27.636788,4.613260
27.923179,2.314290
28.018483,-0.000000
13.722918,23.030471
14.333528,24.055633
13.557692,23.816847
13.249648,23.311205
14.469165,23.215120
13.888439,23.362829
14.196946,22.746034
16.271345,22.789790
14.160224,23.701373
14.833117,23.756172
15.474304,22.620007
14.896663,22.757943
15.074437,23.127470
14.660961,23.480187
13.834677,24.352411
12.298574,25.156817
15.577226,21.818541
15.129375,22.137847
16.338505,21.943758
15.768736,22.138525
16.026835,21.497096
18.097488,21.368394
16.066307,22.453111
16.745192,22.451025
17.289740,21.264658
16.723326,21.451276
15.798673,23.127117
12.577672,24.389142
11.512130,24.884569
17.325679,20.456745
16.905951,20.813301
18.095058,20.519695
17.543453,20.760234
17.748656,20.099746
19.800149,19.800432
17.865536,21.050001
18.541680,20.991907
18.987065,19.764387
18.438180,19.996866
17.653098,21.743766
16.932359,21.803608
13.183448,24.278359
12.821958,24.900485
12.949497,23.929723
11.775456,25.411586
10.178555,26.086553
11.774123,24.083716
12.271753,23.841583
11.961243,24.438087
11.280083,24.327462
12.117991,24.812072
18.955712,18.956525
18.566976,19.346122
19.726470,18.955498
19.197248,19.240544
19.346761,18.566044
21.367350,18.098047
19.542734,19.502271
20.212013,19.389024
20.553698,18.129306
20.026123,18.406210
19.388404,20.212052
18.676051,20.330160
10.529337,25.369260
11.124945,25.301054
10.722993,25.873321
9.425175,25.744428
10.898588,24.931332
10.022736,25.735471
9.636462,26.296820
20.456202,17.326643
20.100378,17.747487
21.224858,17.261817
20.720877,17.589589
20.814094,16.904784
22.788840,16.272036
21.086172,17.822160
21.744059,17.653980
21.980913,16.370171
21.477779,16.689358
20.991682,18.541904
20.289968,18.719233
9.745126,24.974438
10.259375,24.771915
9.925691,25.337155
9.232206,25.175632
10.380979,25.058583
7.988759,26.838078
21.817172,15.577642
21.497746,16.026728
22.577878,15.450288
22.102338,15.818346
22.138999,15.128793
24.054436,14.334736
22.485890,16.020203
23.127418,15.798389
23.257362,14.499122
22.782458,14.858784
22.450783,16.745587
21.766730,16.979717
8.396909,26.146506
8.998619,26.130078
8.549415,26.670847
7.265958,26.435271
8.809736,25.743900
7.865235,26.473696
7.432138,27.002699
23.028960,13.722925
22.747382,14.197341
23.776196,13.533350
23.332989,13.939020
23.312543,13.249319
25.155989,12.299048
23.731911,14.108563
24.352787,13.834548
24.375177,12.529385
23.931767,12.926706
23.756723,14.834547
23.094709,15.124175
7.649613,25.694047
8.179320,25.534071
7.121544,25.852227
5.744830,27.406459
24.083767,11.774396
23.842008,12.270819
24.812655,11.523839
24.404616,11.964782
24.326663,11.279161
26.085818,10.179812
24.815709,12.100880
25.411991,11.776183
25.326610,10.473885
24.917459,10.906336
24.900553,12.821841
24.264269,13.165751
7.794707,26.071197
8.277582,25.831872
6.209025,26.751567
6.809561,26.784345
6.317721,27.285975
5.057993,26.945342
6.653110,26.383581
5.651794,27.032846
5.177278,27.524436
24.973905,9.745433
24.773752,10.260196
25.679426,9.435557
25.309512,9.908564
25.174990,9.232098
26.837366,7.990816
25.730302,10.010545
26.297593,9.637392
26.104919,8.346783
25.733100,8.811246
25.874231,10.721912
25.268678,11.117106
5.501571,26.238218
6.042383,26.122411
4.962033,26.351707
3.461393,27.786491
25.693454,7.649203
25.536493,8.179684
26.371360,7.282871
26.041205,7.784335
25.851548,7.121385
27.405568,5.746460
26.468888,7.851466
27.003589,7.432934
26.704888,6.162200
26.373155,6.656261
26.671105,8.548243
26.100460,8.992427
5.615418,26.625719
6.116026,26.427268
3.978992,27.172853
4.574296,27.255561
4.043012,27.714955
2.815721,27.270170
4.451960,26.843228
3.400778,27.406967
2.887786,27.858628
26.237717,5.501656
26.124511,6.043013
26.882478,5.079273
26.595986,5.606714
26.349901,4.962321
27.787327,3.462993
27.026985,5.639300
27.524903,5.177393
27.123254,3.935138
26.832136,4.456256
27.286305,6.316423
26.754239,6.805986
3.316855,26.603630
3.864198,26.532147
2.769136,26.670576
1.157237,27.977316
26.603138,3.317755
26.534124,3.864533
27.208928,2.842680
26.969051,3.390941
26.669886,2.769796
27.978935,1.158869
27.400986,3.388888
27.857498,2.886517
27.354286,1.683618
27.109543,2.225730
27.714713,4.042502
27.224325,4.571957
3.397885,26.999563
3.912661,26.841321
1.720876,27.408766
2.308142,27.539777
1.737957,27.954984
0.000000,27.251482
1.107433,26.786559
0.669166,26.802051
2.221428,27.120342
1.659323,26.762147
0.808992,27.494780
1.305352,27.651080
0.575693,28.001468
-0.000000,27.631250
0.610712,27.158461
1.268629,27.147840
26.786127,1.108100
26.760816,1.660376
27.412814,0.000000
26.802562,0.669050
27.517505,0.847549
27.653411,1.371476
27.163390,1.131160
28.000949,0.573671
27.629066,0.000000
27.199154,0.000000
27.126065,0.567626
27.509561,2.308099
