21.297734,-0.000000
21.224043,1.758786
21.005868,3.505293
20.644784,5.228180
20.142205,6.915240
19.502314,8.555000
18.729193,10.136201
17.828165,11.648278
16.805789,13.080473
15.667489,14.424287
14.423762,15.668009
13.079808,16.806482
11.647753,17.828892
10.136114,18.729610
8.554563,19.502580
6.914922,20.142707
5.227857,20.645282
3.505268,21.006431
1.758648,21.225101
0.000000,21.298854
-0.000000,22.779727
1.881561,22.700949
3.749627,22.468665
5.592101,22.082130
7.396563,21.544631
9.150263,20.860329
10.841603,20.033446
12.459312,19.070204
13.991498,17.975926
15.427625,16.759346
16.759203,15.427622
17.975733,13.991472
19.069864,12.459277
20.033159,10.841489
20.860115,9.150338
21.544399,7.396406
22.081835,5.591813
22.468151,3.749530
22.700424,1.881032
22.778494,0.000000
10.892766,18.280629
11.650845,19.553027
10.894714,19.139472
10.515260,18.505254
11.615799,18.637546
11.110072,18.688623
11.270512,18.055114
13.225974,18.524242
11.424259,19.122407
12.055651,19.311611
12.435754,18.178346
11.921522,18.213227
12.161330,18.659013
11.843995,18.971437
11.246286,19.793847
9.996398,20.448173
12.364890,17.318795
12.007368,17.573899
13.117011,17.617821
12.614956,17.709726
12.722780,17.063216
14.710264,17.368795
12.962031,18.115702
13.609543,18.250269
13.894320,17.089342
13.383906,17.167819
12.842775,18.797830
10.114262,19.613506
9.253117,20.003100
13.752897,16.238123
13.417517,16.522481
14.527961,16.474555
14.034813,16.607292
14.088995,15.953796
16.094249,16.094524
14.413502,16.983475
15.069785,17.064208
15.258360,15.883238
14.756168,16.003701
14.350775,17.673024
13.661047,17.590926
10.640326,19.594657
10.419793,20.241062
10.365131,19.154254
9.573125,20.654903
8.273550,21.203850
9.345941,19.117389
9.741418,18.924250
9.574139,19.561586
8.951350,19.310747
9.777399,20.020081
15.046762,15.047083
14.736348,15.357730
15.837536,15.218438
15.357671,15.391459
15.357741,14.736320
17.368369,14.710549
15.766929,15.734929
16.427631,15.761247
16.517496,14.569233
16.027055,14.730615
15.760983,16.427684
15.067822,16.402067
8.471877,20.412369
8.981315,20.425633
8.713066,21.032249
7.575296,20.693047
8.724629,19.956557
8.087009,20.767126
7.834731,21.374774
16.237862,13.753215
15.953739,14.088864
17.040782,13.858635
16.576571,14.070667
16.522494,13.417484
18.523795,13.226266
17.012225,14.379340
17.673005,14.351098
17.664473,13.155563
17.188949,13.356703
17.063985,15.069885
16.369961,15.102242
7.735281,19.824078
8.145037,19.663797
7.944825,20.282205
7.326030,19.984047
8.294689,20.023037
6.494146,21.814773
17.318249,12.365047
17.063111,12.722897
18.127088,12.404173
17.681851,12.653748
17.573976,12.007392
19.552556,11.651246
18.141702,12.925405
18.797737,12.842779
18.690261,11.651650
18.233070,11.891618
18.249997,13.609644
17.561565,13.698780
6.755207,21.035401
7.264915,21.093555
6.946377,21.680118
5.840004,21.248597
7.052325,20.606863
6.345823,21.362581
6.042837,21.948937
18.280026,10.892814
18.055166,11.270676
19.089041,10.864834
18.666184,11.150256
18.505385,10.515250
20.447773,9.996641
19.146951,11.382971
19.793785,11.246336
19.588526,10.068658
19.152725,10.345320
19.311475,12.056022
18.632932,12.201576
6.071853,20.395400
6.493531,20.269273
5.650688,20.521012
4.670457,22.276813
19.117163,9.346076
18.924188,9.741270
19.921195,9.251517
19.523284,9.570845
19.310468,8.951259
21.203471,8.273985
20.021315,9.763129
20.654834,9.573380
20.353081,8.416776
19.941633,8.728483
20.240829,10.419833
19.576359,10.621334
6.238780,20.869420
6.614694,20.642285
4.995143,21.522331
5.498044,21.622015
5.132302,22.179981
4.065241,21.658481
5.326069,21.119213
4.559814,21.813922
4.209785,22.373212
19.823692,7.735505
19.663978,8.145346
20.617205,7.574912
20.247064,7.925941
19.983724,7.326125
21.814358,6.494636
20.759178,8.076561
21.374786,7.834990
20.978665,6.707338
20.594366,7.051896
21.032173,8.712883
20.386720,8.968539
4.366863,20.827302
4.797383,20.736451
3.936699,20.917468
2.814888,22.586133
20.394941,6.071930
20.269523,6.493698
21.172513,5.846479
20.832546,6.226835
20.520581,5.650758
22.276221,4.670815
21.355216,6.334693
21.948892,6.043035
21.461015,4.951989
21.106613,5.327211
21.679792,6.946181
21.057678,7.254322
4.494370,21.313507
4.887310,21.118004
3.201150,21.861651
3.693913,22.002548
3.283207,22.528229
2.263285,21.919871
3.563832,21.486977
2.743237,22.115925
2.348085,22.644427
20.826724,4.367014
20.736526,4.797649
21.583122,4.077755
21.275850,4.485078
20.916648,3.936830
22.585793,2.815101
21.805433,4.549586
22.372897,4.209844
21.796453,3.162447
21.474120,3.566083
22.179582,5.132014
21.585028,5.490621
2.632268,21.117109
3.068566,21.061836
2.195978,21.171266
0.940627,22.741520
21.116414,2.632589
21.061739,3.068748
21.845394,2.281777
21.573590,2.712649
21.170425,2.196235
22.741079,0.940932
22.106652,2.733434
22.643542,2.347769
21.983209,1.352539
21.695643,1.780780
22.527537,3.283087
21.964652,3.688669
2.719586,21.612166
3.126813,21.449089
1.384376,22.050530
1.864257,22.231778
1.411279,22.722413
0.000000,21.833291
0.879124,21.262576
0.531535,21.276159
1.778059,21.708418
1.318677,21.243871
0.652547,22.138215
1.053198,22.340688
0.469845,22.761042
0.000000,22.305216
0.485553,21.719320
1.015226,21.716238
21.261664,0.879313
21.242787,1.318953
22.034831,0.000000
21.275502,0.531502
22.164697,0.682554
22.344909,1.106479
21.732702,0.905220
22.760138,0.469402
22.303748,0.000000
21.766758,0.000000
21.677715,0.450537
22.194023,1.862834
