20.881407,-0.000000
20.809506,1.724417
20.595586,3.436864
20.241609,5.126047
19.748860,6.780148
19.121455,8.387875
18.363444,9.938207
17.480048,11.420769
16.477661,12.824989
15.361581,14.142562
14.142143,15.362003
12.824481,16.478213
11.420366,17.480631
9.938108,18.363817
8.387535,19.121728
6.779892,19.749322
5.125792,20.242102
3.436815,20.596167
1.724301,20.810475
-0.000000,20.882439
-0.000000,22.390824
1.849299,22.313544
3.685534,22.085189
5.496584,21.705240
7.270242,21.176894
8.994055,20.504258
10.656467,19.691474
12.246595,18.744690
13.752653,17.669127
15.164279,16.473305
16.473148,15.164328
17.668927,13.752677
18.744376,12.246610
19.691194,10.656423
20.504027,8.994134
21.176633,7.270144
21.704900,5.496380
22.084655,3.685444
22.312946,1.848912
22.389707,0.000000
10.679811,17.923173
11.451796,19.218905
10.695780,18.790063
10.309517,18.143592
11.402527,18.295374
10.901964,18.338465
11.050271,17.702141
13.000015,18.207714
11.220345,18.781119
11.849583,18.981797
12.208798,17.846569
11.698752,17.872913
11.944241,18.325993
11.634225,18.635675
11.054182,19.455602
9.825579,20.098750
12.123186,16.980184
11.772485,17.230450
12.876244,17.294505
12.378751,17.377979
12.474137,16.729591
14.458945,17.072010
12.730669,17.792443
13.376883,17.938552
13.640695,16.777492
13.133875,16.847103
12.623404,18.476610
9.930324,19.256917
9.084394,19.638529
13.484076,15.920707
13.155068,16.199590
14.261371,16.172237
13.772050,16.296239
13.813576,15.641853
15.819283,15.819530
14.156232,16.680404
14.812183,16.772756
14.979849,15.593351
14.480492,15.704713
14.105732,17.371013
13.417291,17.276990
10.450875,19.245661
10.241559,19.895290
10.171663,18.796677
9.409684,20.301948
8.132236,20.841518
9.163237,18.743663
9.550952,18.554249
9.395432,19.196427
8.776132,18.933221
9.602976,19.662923
14.752643,14.752922
14.448132,15.057597
15.546897,14.939133
15.070105,15.103166
15.057543,14.448175
17.071653,14.459189
15.485529,15.454153
16.146833,15.492051
16.216016,14.303324
15.727634,14.455412
15.491817,16.146920
14.798956,16.109340
8.318318,20.042323
8.821640,20.062446
8.563933,20.673004
7.437143,20.315768
8.561873,19.584092
7.942748,20.396853
7.701023,21.009567
15.920461,13.484347
15.641745,13.813541
16.728079,13.604294
16.266180,13.807108
16.199528,13.155104
18.207332,13.000256
16.708603,14.122759
17.370939,14.105999
17.342058,12.915465
16.867828,13.107183
16.772541,14.812296
16.077861,14.832703
7.584080,19.436510
7.985897,19.279439
7.796529,19.903718
7.182617,19.593366
8.138292,19.645613
6.383279,21.442024
16.979729,12.123338
16.729439,12.474268
17.794444,12.176510
17.350771,12.416734
17.230424,11.772550
19.218501,11.452110
17.817933,12.694759
18.476472,12.623444
18.349106,11.438968
17.892429,11.669464
17.938291,13.376987
17.248211,13.454285
6.632669,20.653834
7.135789,20.718343
6.827451,21.309754
5.733511,20.861224
6.920749,20.222233
6.232586,20.981676
5.939740,21.573960
17.922673,10.679881
17.702091,11.050424
18.738711,10.665385
18.316632,10.941381
18.143598,10.309549
20.098391,9.825780
18.805218,11.179833
19.455482,11.054252
19.230952,9.884854
18.794865,10.152041
18.981621,11.849873
18.300446,11.983781
5.953157,19.996675
6.366634,19.873143
5.540038,20.119845
4.590773,21.896184
18.743420,9.163367
18.554122,9.550887
19.555582,9.081672
19.157652,9.391536
18.932945,8.776110
20.841164,8.132560
19.663961,9.588892
20.301816,9.409890
19.981554,8.263122
19.569033,8.565415
19.895043,10.241618
19.226999,10.431710
6.122306,20.479928
6.490045,20.253354
4.904552,21.131950
5.400368,21.237452
5.044368,21.801071
3.991105,21.263629
5.226716,20.725069
4.478424,21.424996
4.137982,21.991007
19.436142,7.584275
19.279465,7.986151
20.238836,7.435831
19.867864,7.777447
19.593040,7.182722
21.441619,6.383622
20.388649,7.932417
21.009479,7.701219
20.595733,6.584879
20.209580,6.920167
20.672856,8.563833
20.022886,8.808415
4.281508,20.420126
4.703672,20.331214
3.859587,20.508554
2.766929,22.200274
19.996229,5.953250
19.873193,6.366784
20.783950,5.739124
20.442395,6.110175
20.119413,5.540123
21.895616,4.591011
20.974076,6.221654
21.573804,5.939879
21.069318,4.861609
20.712256,5.227697
21.309409,6.827328
20.681868,7.124796
4.410452,20.915756
4.795206,20.720115
3.143105,21.465162
3.628353,21.611224
3.226867,22.143313
2.222058,21.520295
3.497343,21.085938
2.694227,21.721630
2.308020,22.257517
20.419556,4.281644
20.331106,4.703890
21.187050,4.002903
20.877359,4.401071
20.507811,3.859705
22.199831,2.767054
21.416277,4.468368
21.990618,4.138014
21.398558,3.104733
21.072919,3.499423
21.800639,5.044166
21.199806,5.392596
2.580771,20.704242
3.008663,20.650243
2.152884,20.757463
0.924544,22.352994
20.703546,2.581018
20.649971,3.008817
21.444579,2.239865
21.169434,2.661862
20.756653,2.153085
22.352431,0.924745
21.712064,2.684588
22.256683,2.307786
21.582036,1.327817
21.290255,1.747473
22.142631,3.226768
21.572690,3.622869
2.668827,21.208760
3.067917,21.044980
1.359319,21.650489
1.831193,21.836356
1.387045,22.334083
0.000000,21.427813
0.862002,20.846857
0.521264,20.860378
1.744892,21.303186
1.293017,20.828674
0.640863,21.738471
1.034420,21.945193
0.461961,22.372186
-0.000000,21.908411
0.476164,21.311804
0.996225,21.309381
20.845969,0.862141
20.827675,1.293222
21.633238,0.000000
20.859666,0.521244
21.765379,0.670232
21.949666,1.086769
21.326028,0.888255
22.371304,0.461653
21.907123,0.000000
21.359954,0.000000
21.269400,0.441744
21.797919,1.829662
