24.193923,0.000000
24.108558,1.997875
23.860659,3.981415
23.450166,5.938825
22.879162,7.855229
22.152358,9.717864
21.274121,11.513932
20.250509,13.231443
19.089121,14.858300
17.796243,16.384684
16.383509,17.797353
14.856646,19.090660
13.230130,20.252068
11.513917,21.274779
9.716820,22.152672
7.854519,22.879921
5.938066,23.450680
3.981610,23.861049
1.997713,24.109942
-0.000000,24.195269
0.000000,25.508490
2.107790,25.419829
4.199236,25.159987
6.262343,24.727225
8.282998,24.125443
10.246538,23.359202
12.140819,22.433324
13.952185,21.354570
15.667769,20.129092
17.275877,18.766854
18.766844,17.275498
20.128983,15.667414
21.354179,13.951796
22.432998,12.140247
23.358998,10.246568
24.125273,8.282542
24.727138,6.261617
25.159521,4.199296
25.419920,2.106568
25.507038,-0.000000
12.374489,20.767542
13.047731,21.897669
12.285046,21.581463
11.946838,21.021484
13.105832,21.028027
12.562142,21.131634
12.802778,20.511031
14.811724,20.745452
12.851409,21.510925
13.501861,21.626028
14.022081,20.497221
13.476221,20.588177
13.680801,20.989809
13.312910,21.322524
12.594225,22.167538
11.195158,22.900128
14.046705,19.674709
13.641837,19.963442
14.799252,19.876800
14.263183,20.024420
14.452739,19.384564
16.474029,19.451508
14.581300,20.378180
15.242319,20.437729
15.667012,19.269110
15.128946,19.406173
14.382083,21.052120
11.400163,22.106352
10.432455,22.551414
15.623422,18.446766
15.243832,18.769037
16.390661,18.586886
15.868463,18.777752
16.005191,18.124372
18.023959,18.024309
16.214161,19.104670
16.877649,19.109489
17.205035,17.909463
16.680225,18.090390
16.070398,19.792644
15.367304,19.788273
11.966625,22.037537
11.670619,22.667383
11.715505,21.649727
10.719989,23.131772
9.265411,23.746434
10.617193,21.717594
11.066376,21.498690
10.821471,22.109920
10.170536,21.937360
10.998254,22.519699
17.093289,17.093889
16.741856,17.445950
17.868284,17.169933
17.364317,17.403112
17.446359,16.741329
19.450706,16.474506
17.736475,17.700068
18.398242,17.650351
18.624709,16.427840
18.116806,16.651337
17.649903,18.398190
16.949830,18.450978
9.545686,22.999639
10.099235,22.968253
9.759680,23.553149
8.541011,23.330124
9.860595,22.556091
9.096707,23.358671
8.772983,23.937727
18.446375,15.624073
18.124698,16.004447
19.225670,15.635751
18.742474,15.909755
18.769521,15.243223
20.744678,14.812282
19.137293,16.175180
19.792880,16.071046
19.917987,14.833791
19.430122,15.098199
19.109257,16.877751
18.414594,16.988870
8.787447,22.520623
9.252138,22.338138
8.979899,22.923712
8.323971,22.702214
9.385395,22.655444
7.272319,24.430540
19.673667,14.046966
19.384858,14.452736
20.451249,13.994847
19.992099,14.307632
19.964167,13.641544
21.896791,13.048618
20.407738,14.539703
21.052298,14.381888
21.074664,13.138212
20.610411,13.442112
20.437460,15.242510
19.754942,15.410115
7.612057,23.703199
8.169023,23.720267
7.781069,24.278995
6.584417,23.956287
7.970647,23.291231
7.138375,24.028587
6.766299,24.580475
20.766369,12.374479
20.511804,12.803048
21.536658,12.258332
21.105194,12.607732
21.022362,11.946611
22.899470,11.195577
21.538607,12.804689
22.167791,12.594146
22.087571,11.353320
21.650107,11.694229
21.626238,13.502793
20.960164,13.725999
6.897815,23.169586
7.376279,23.025614
6.420705,23.312243
5.229798,24.947922
21.717480,10.617386
21.498962,11.065749
22.475521,10.438134
22.074425,10.821974
21.936891,10.169981
23.745852,9.266394
22.522224,10.982545
23.132033,10.720511
22.949675,9.490715
22.541850,9.866523
22.667295,11.670538
22.021575,11.948515
7.051788,23.587689
7.484039,23.355127
5.628665,24.251780
6.181969,24.314291
5.749516,24.838869
4.583497,24.418462
6.019501,23.870074
5.129436,24.536129
4.713611,25.055493
22.520121,8.787759
22.339256,9.252740
23.260683,8.546567
22.892869,8.962082
22.701786,8.323955
24.429982,7.273709
23.352279,9.085364
23.938237,8.773609
23.654994,7.563239
23.279696,7.971227
23.553575,9.758955
22.933171,10.089237
4.960870,23.660272
5.449306,23.556201
4.473429,23.762619
3.151490,25.293994
23.169036,6.897674
23.027088,7.376532
23.887317,6.596558
23.554777,7.040814
23.311724,6.420629
24.947173,5.230895
24.022658,7.125851
24.581018,6.766850
24.198714,5.583752
23.858751,6.021704
24.278899,7.780346
23.687998,8.160902
5.080143,24.089461
5.529675,23.893382
3.607104,24.633835
4.152997,24.742124
3.678741,25.229187
2.551614,24.712916
4.027900,24.285886
3.086239,24.875709
2.629153,25.359569
23.659706,4.961019
23.557424,5.449805
24.350418,4.600741
24.056346,5.071247
23.761293,4.473618
25.294367,3.152400
24.529108,5.118013
25.055647,4.713772
24.577485,3.565844
24.274064,4.031256
24.838801,5.748670
24.281288,6.176711
2.990647,23.989646
3.485233,23.925754
2.495984,24.050446
1.053439,25.467890
23.989079,2.991326
23.926833,3.485511
24.646104,2.574665
24.393537,3.067079
24.049642,2.496495
25.468564,1.054469
24.868336,3.075327
25.358533,2.628340
24.787305,1.525354
24.524848,2.013262
25.228648,3.678468
24.708109,4.149323
3.073978,24.427454
3.537625,24.267826
1.559848,24.847331
2.095742,25.000016
1.581342,25.447249
0.000000,24.663947
0.998518,24.154786
0.603376,24.169143
2.009660,24.536470
1.497142,24.132868
0.734211,24.933666
1.184692,25.109842
0.525021,25.489788
-0.000000,25.082902
0.551009,24.562217
1.147719,24.554979
24.154079,0.998991
24.131587,1.497833
24.842251,0.000000
24.169132,0.603288
24.957923,0.768692
25.112907,1.244622
24.570781,1.023410
25.489072,0.523713
25.080867,0.000000
24.605665,0.000000
24.525841,0.511793
24.966607,2.095050
