22.210671,-0.000000
22.133167,1.834147
21.905635,3.655352
21.528965,5.452153
21.004818,7.211494
20.337538,8.921502
19.531284,10.570415
18.591609,12.147231
17.525411,13.640780
16.338390,15.042141
15.041397,16.339109
13.639787,17.526392
12.146449,18.592624
10.570353,19.531787
8.920867,20.337804
7.211052,21.005407
5.451694,21.529466
3.655395,21.906136
1.833984,22.134352
0.000000,22.211897
-0.000000,23.635676
1.952547,23.553695
3.890681,23.312773
5.802341,22.911741
7.674609,22.354086
9.494109,21.644094
11.249110,20.786171
12.927542,19.786704
14.517251,18.651257
16.007318,17.388989
17.388884,16.007196
18.651089,14.517116
19.786331,12.927395
20.785871,11.248842
21.643903,9.494164
22.353897,7.674333
22.911533,5.801886
23.312301,3.890599
23.553372,1.951752
23.634304,0.000000
11.359776,19.064489
12.088979,20.288454
11.331821,19.907201
10.966458,19.298344
12.084339,19.389247
11.567011,19.457424
11.753482,18.829168
13.723347,19.220951
11.872580,19.872738
12.509245,20.037557
12.934454,18.907351
12.410698,18.960500
12.638633,19.391189
12.305298,19.709788
11.669107,20.538362
10.372393,21.217267
12.894958,18.061349
12.522494,18.327058
13.645976,18.328136
13.133606,18.438126
13.268050,17.794853
15.263470,18.022060
13.470704,18.826421
14.121667,18.936392
14.451619,17.774593
13.932962,17.872087
13.325618,19.504887
10.518469,20.397100
9.623862,20.804191
14.342441,16.934230
13.993106,17.230570
15.113666,17.138750
14.611796,17.290282
14.692979,16.637902
16.699505,16.699823
14.979150,17.649815
15.636822,17.705733
15.870351,16.520225
15.361546,16.660258
14.890153,18.337824
14.197004,18.281165
11.056898,20.361991
10.812115,21.002118
10.789986,19.939437
9.932865,21.431787
8.584625,22.001366
9.746611,19.936942
10.159070,19.735654
9.966579,20.363413
9.335605,20.138629
10.160897,20.805307
15.691781,15.692189
15.368429,16.015914
16.476079,15.832071
15.989104,16.024476
16.016066,15.368241
18.021500,15.263829
16.385631,16.352250
17.045722,16.353786
17.179956,15.153530
16.684571,15.334946
16.353463,17.045715
15.658990,17.045679
8.809364,21.225586
9.332426,21.224223
9.041337,21.822966
7.878877,21.522054
9.082035,20.774455
8.404186,21.581207
8.129034,22.178646
16.933936,14.342861
16.637967,14.692640
17.727797,14.417428
17.258118,14.649379
17.230746,13.992903
19.220384,13.723737
17.679782,14.943471
18.337911,14.890587
18.372927,13.683147
17.894111,13.904637
17.705503,15.636905
17.012214,15.694874
8.066880,20.673991
8.494006,20.506688
8.270484,21.113323
7.640546,20.840783
8.638011,20.851589
6.738198,22.635233
18.060628,12.895136
17.794868,13.268132
18.857900,12.904346
18.408822,13.174175
18.327357,12.522422
20.287848,12.089552
18.853545,13.432507
19.504893,13.325548
19.439876,12.118982
18.981082,12.379456
18.936112,14.121775
18.250544,14.236348
7.024515,21.873936
7.548863,21.918577
7.208166,22.495304
6.074016,22.099796
7.341260,21.451465
6.594789,22.200048
6.269762,22.774318
19.063684,11.359789
18.829454,11.753674
19.858685,11.303011
19.433688,11.608886
19.298736,10.966366
21.216782,10.372708
19.898270,11.829582
20.538422,11.669110
20.374193,10.472524
19.938521,10.769737
20.037523,12.509793
19.363963,12.680431
6.332162,21.269784
6.771793,21.137996
5.893362,21.400760
4.845870,23.114621
19.936751,9.746757
19.735720,10.158752
20.724403,9.624646
20.326082,9.964546
20.138318,9.335361
22.000927,8.585266
20.806961,10.146194
21.431844,9.933213
21.169411,8.754394
20.759789,9.086556
21.001925,10.812108
20.344467,11.038239
6.494565,21.724699
6.888331,21.496125
5.194246,22.380240
5.712835,22.467613
5.325874,23.013985
4.228155,22.526115
5.544244,21.984721
4.738757,22.669033
4.367824,23.214505
20.673566,8.067146
20.507188,8.494419
21.448440,7.880451
21.079651,8.251985
20.840450,7.640608
22.634784,6.738994
21.573786,8.393465
22.178848,8.129415
21.820061,6.976413
21.439295,7.341151
21.823047,9.040971
21.186638,9.320581
4.554064,21.720215
5.002879,21.625150
4.105835,21.814206
2.920454,23.435454
21.269297,6.332184
21.138662,6.771984
22.026164,6.082333
21.689184,6.482976
21.400320,5.893386
23.113984,4.846481
22.193171,6.583220
22.774492,6.270082
22.321691,5.150588
21.972565,5.545727
22.495033,7.207804
21.883933,7.539098
4.678662,22.186929
5.089503,21.991516
3.328729,22.732981
3.838085,22.863004
3.407238,23.375439
2.353899,22.797885
3.709840,22.367614
2.850989,22.982833
2.436257,23.496049
21.719636,4.554225
21.625615,5.003232
22.453280,4.242200
22.150817,4.669528
21.813232,4.105981
23.435360,2.920877
22.661035,4.728150
23.214355,4.367933
22.670757,3.289263
22.355113,3.712451
23.013677,5.325404
22.431992,5.706139
2.745212,22.022493
3.199918,21.964462
2.290508,22.078723
0.976018,23.596675
22.021837,2.745667
21.964758,3.200141
22.726020,2.373865
22.460992,2.824167
22.077872,2.290863
23.596572,0.976556
22.974203,2.840832
23.495103,2.435778
22.864743,1.406863
22.585847,1.853922
23.374770,3.407077
22.826444,3.833354
2.831071,22.497981
3.256114,22.336250
1.439480,22.929628
1.936960,23.101236
1.464616,23.577118
-0.000000,22.723763
0.916711,22.174184
0.554113,22.187948
1.850907,22.598240
1.374945,22.154394
0.678219,23.016756
1.094491,23.210353
0.487175,23.616930
-0.000000,23.177672
0.506161,22.614000
1.056935,22.609537
22.173303,0.916998
22.153211,1.375361
22.917339,0.000000
22.187483,0.554056
23.042442,0.709632
23.214139,1.149843
22.625717,0.942444
23.616061,0.486448
23.175942,0.000000
22.660039,0.000000
22.574138,0.469829
23.064950,1.935772
