27.737191,-0.000000
27.638697,2.290544
27.354454,4.564254
26.883675,6.808663
26.228986,9.005792
25.395804,11.141144
24.388935,13.200217
23.215356,15.169196
21.883872,17.034265
20.401832,18.784037
18.782244,20.403480
17.031599,21.886212
15.167076,23.217640
13.200296,24.389733
11.139385,25.396234
9.004557,26.229959
6.807297,26.884200
4.564591,27.354744
2.290438,27.640392
0.000000,27.738673
-0.000000,28.890720
2.387961,28.790748
4.756219,28.496622
7.092986,28.006528
9.381703,27.324995
11.605538,26.457124
13.751366,25.408427
15.802982,24.186394
17.745891,22.798386
19.567207,21.255605
21.255804,19.566366
22.798400,17.745205
24.186093,15.802176
25.408065,13.750381
26.456789,11.605659
27.324751,9.381196
28.006536,7.092081
28.495963,4.756821
28.791378,2.386354
28.889504,0.000000
14.187929,23.810789
14.779484,24.804045
13.997832,24.589973
13.698916,24.100793
14.940577,23.971343
14.346643,24.133615
14.677669,23.516781
16.777587,23.498787
14.613306,24.459659
15.294848,24.494934
15.976582,23.354205
15.387467,23.507631
15.556912,23.867506
15.127783,24.227400
14.264853,25.110186
12.681276,25.939460
16.105023,22.557812
15.642354,22.887657
16.870747,22.658465
16.288883,22.868874
16.569605,22.225599
18.660545,22.033195
16.580385,23.171411
17.266420,23.149264
17.850968,21.954859
17.274229,22.157910
16.289934,23.846787
12.984984,25.178815
11.885556,25.691587
17.912699,21.149880
17.479129,21.518225
18.684411,21.188021
18.122144,21.445126
18.349814,20.780958
20.416176,20.416413
18.437206,21.723432
19.118800,21.644749
19.603395,20.405938
19.045603,20.655591
18.201996,22.420480
17.474192,22.501300
13.604774,25.054172
13.221272,25.674956
13.375915,24.717525
12.141492,26.202289
10.495295,26.898132
12.173100,24.899638
12.687352,24.649535
12.355087,25.242504
11.662708,25.151642
12.505634,25.605647
19.597967,19.598834
19.196361,20.001356
20.369004,19.572896
19.830493,19.875326
20.002043,19.195305
22.032082,18.661120
20.168023,20.126155
20.841058,19.992011
21.220855,18.717784
20.685842,19.012557
19.991329,20.841159
19.273674,20.980716
10.869656,26.189027
11.480108,26.108796
11.057073,26.677988
9.730992,26.579490
11.257265,25.752074
10.343317,26.558291
9.935915,27.115020
21.149287,17.913767
20.781679,18.348529
21.916140,17.824073
21.404382,18.169930
21.519097,17.477777
23.497800,16.778302
21.760832,18.392316
22.420765,18.202945
22.694396,16.901556
22.185298,17.239144
21.644528,19.119084
20.939226,19.318271
10.075412,25.820603
10.606664,25.611201
10.252496,26.171059
9.545412,26.028542
10.724820,25.888587
8.237272,27.673049
22.556353,16.105496
22.226363,16.569472
23.313231,15.953539
22.831386,16.340268
22.888921,15.641681
24.802749,14.780783
23.205300,16.532730
23.847103,16.289636
24.012264,14.969818
23.532955,15.348287
23.149031,17.266903
22.463212,17.523104
8.668439,26.991752
9.285886,26.964462
8.815894,27.500359
7.501686,27.292709
9.099676,26.591385
8.116860,27.320162
7.663059,27.842791
23.809201,14.187942
23.518301,14.678115
24.550585,13.974214
24.102645,14.398953
24.102241,13.698571
25.938593,12.681750
24.491181,14.559945
25.110574,14.264719
25.166362,12.936149
24.720131,13.352566
24.495607,15.296441
23.833690,15.608216
7.908900,26.564571
8.456189,26.399114
7.363230,26.728097
5.923492,28.259127
24.899765,12.173400
24.649983,12.686336
25.620786,11.899242
25.209647,12.359602
25.150704,11.661671
26.897360,10.496604
25.609660,12.488032
26.202711,12.142282
26.148695,10.813934
25.738286,11.265628
25.675076,13.221156
25.040684,13.587148
8.051419,26.929298
8.551640,26.687326
6.409817,27.616353
7.026884,27.639602
6.514792,28.134651
5.222109,27.819349
6.872052,27.252098
5.832614,27.897190
5.338079,28.380733
25.820080,10.075704
25.613263,10.607558
26.515781,9.742932
26.144406,10.235567
26.027806,9.545276
27.672286,8.239530
26.553516,10.330830
27.115850,9.936943
26.952247,8.617785
26.580807,9.101513
26.679071,11.055901
26.077221,11.472949
5.688058,27.127187
6.246862,27.007376
5.130542,27.244518
3.568890,28.650966
26.563976,7.908387
26.401836,8.456595
27.230294,7.520174
26.900205,8.041216
26.727356,7.363060
28.258192,5.925282
27.315717,8.102671
27.843773,7.663921
27.571679,6.362283
27.241933,6.875527
27.500763,8.814579
26.935646,9.280300
5.800377,27.502054
6.318528,27.302462
4.107651,28.051228
4.720186,28.125837
4.169381,28.577029
2.907081,28.154697
4.598500,27.726880
3.509657,28.283287
2.977478,28.725348
27.126721,5.688109
27.009752,6.247521
27.758014,5.244732
27.473361,5.791722
27.242546,5.130871
28.651925,3.570741
27.891700,5.819753
28.381285,5.338152
28.003724,4.062860
27.716001,4.603110
28.135132,6.513351
27.610367,7.023841
3.429361,27.505034
3.994840,27.430971
2.863344,27.574108
1.193230,28.847655
27.504558,3.430324
27.433228,3.995194
28.095125,2.935347
27.858790,3.502860
27.573463,2.864044
28.849565,1.195053
28.277723,3.497438
28.724188,2.976044
28.242104,1.738375
28.002576,2.299160
28.576917,4.168764
28.095429,4.718295
3.509818,27.888277
4.042190,27.730207
1.776633,28.294883
2.381690,28.419172
1.792298,28.824675
0.000000,28.145791
1.145034,27.694082
0.691915,27.710040
2.294632,28.013142
1.715192,27.668874
0.834864,28.380946
1.347125,28.531113
0.593262,28.872592
0.000000,28.513626
0.631317,28.055342
1.310382,28.043606
27.693743,1.145751
27.667532,1.716377
28.301975,0.000000
27.710703,0.691787
28.403211,0.874822
28.533226,1.415401
28.059110,1.168353
28.872132,0.591003
28.511427,0.000000
28.095235,0.000000
28.024168,0.586890
28.389916,2.381874
