25.797545,0.000000
25.706125,2.130301
25.441764,4.245151
25.003965,6.332449
24.395081,8.375888
23.620137,10.361946
22.683687,12.277035
21.592204,14.108343
20.353840,15.843005
18.975354,17.470489
17.469011,18.976733
15.840869,20.355769
14.106642,21.594127
12.277061,22.684426
10.360578,23.620499
8.374947,24.395948
6.331426,25.004483
4.245435,25.442090
2.130160,25.707649
0.000000,25.798952
-0.000000,27.034171
2.234199,26.940313
4.450524,26.665025
6.637056,26.206404
8.778618,25.568655
10.859554,24.756575
12.867302,23.775308
14.787018,22.631934
16.605149,21.333134
18.309427,19.889455
19.889536,18.308838
21.333081,16.604631
22.631571,14.786436
23.774965,12.866522
24.756327,10.859601
25.568467,8.778099
26.206378,6.636203
26.664500,4.450790
26.940683,2.232750
27.032785,-0.000000
13.195139,22.144783
13.828867,23.208676
13.058877,22.940671
12.739727,22.415014
13.934857,22.357982
13.368866,22.488784
13.651294,21.871244
15.698461,21.987433
13.646996,22.842427
14.310609,22.920134
14.905087,21.787956
14.340168,21.907893
14.527932,22.289209
14.132260,22.633946
13.347842,23.494876
11.865495,24.271116
14.978179,20.979454
14.547146,21.286797
15.735250,21.133689
15.178931,21.310341
15.410760,20.670246
17.460305,20.616057
15.483988,21.639459
16.155339,21.660848
16.653703,20.482473
16.098686,20.650056
15.242709,22.312705
12.116104,23.494302
11.088936,23.970029
16.659414,19.670036
16.255393,20.013192
17.427078,19.762199
16.887268,19.983604
17.066300,19.326576
19.103022,19.103342
17.217978,20.287173
17.888576,20.253101
18.288585,19.037328
17.749456,19.249962
17.031925,20.977969
16.318626,21.013314
12.706244,23.399610
12.370073,24.024038
12.466027,23.036475
11.361215,24.516788
9.820139,25.168107
11.321293,23.157628
11.800006,22.924564
11.514697,23.525982
10.845803,23.391994
11.678897,23.913155
18.226757,18.227494
17.852623,18.602411
18.998215,18.255716
18.479196,18.520736
18.602977,17.851840
20.615100,17.460838
18.834441,18.795568
19.500144,18.706635
19.797617,17.462397
19.278100,17.718697
18.706085,19.500128
17.999120,19.593257
10.143724,24.440351
10.722685,24.386189
10.344916,24.962701
9.078609,24.798092
10.491917,24.000752
9.659605,24.803437
9.297572,25.370905
19.669554,16.660256
19.327097,17.065281
20.441347,16.624540
19.945836,16.931518
20.013881,16.254441
21.986541,15.699111
20.321954,17.176322
20.978257,17.032720
21.172333,15.767966
20.675560,16.065981
20.252873,17.888740
19.554549,18.040687
9.370272,24.014025
9.865170,23.819328
9.555147,24.391628
8.876719,24.207555
9.991022,24.117280
7.707549,25.893167
20.978203,14.978530
20.670762,15.410689
21.744419,14.879885
21.275652,15.226523
21.287803,14.546673
23.207601,13.829960
21.670981,15.439646
22.312974,15.242449
22.401839,13.965695
21.931507,14.303763
21.660596,16.155643
20.977818,16.364211
8.089235,25.188719
8.673264,25.185024
8.247849,25.732102
6.998816,25.463581
8.480995,24.782992
7.580208,25.514875
7.170812,26.052008
22.143385,13.195136
21.872382,13.651637
22.898490,13.033657
22.460253,13.417488
22.416200,12.739427
24.270348,11.865957
22.871849,13.597266
23.495223,13.347725
23.478536,12.068410
23.037876,12.443848
22.920553,14.311847
22.257659,14.575891
7.355342,24.705985
7.865040,24.552252
6.847230,24.858091
5.542668,26.441526
23.157606,11.321533
22.924947,11.799179
23.896702,11.098341
23.491767,11.517086
23.391340,10.845018
25.167428,9.821311
23.916362,11.662340
24.517156,11.361866
24.394953,10.088517
23.986761,10.498958
24.024048,12.369963
23.384813,12.688423
7.503641,25.098227
7.966764,24.861722
5.981509,25.771639
6.563426,25.815658
6.094705,26.325543
4.872006,25.954876
6.404871,25.398832
5.446965,26.053781
4.995301,26.555408
24.013496,9.370588
23.820899,9.865907
24.731486,9.087158
24.362798,9.537773
24.207010,8.876644
25.892516,7.709360
24.797807,9.647748
25.371595,9.298385
25.144654,8.039663
24.771923,8.482138
24.963421,10.343957
24.352829,10.714036
5.289926,25.229222
5.810274,25.117982
4.770782,25.338349
3.339752,26.808214
24.705405,7.355042
24.554320,7.865357
25.397828,7.013899
25.067156,7.493056
24.857483,6.847096
26.440691,5.544103
25.509645,7.566922
26.052780,7.171521
25.722570,5.935460
25.388084,6.407652
25.732211,8.246848
25.154432,8.666348
5.405706,25.632079
5.886362,25.434732
3.833206,26.177536
4.409066,26.269862
3.900022,26.739355
2.712191,26.267789
4.285816,25.841312
3.277441,26.414348
2.786281,26.877791
25.228691,5.290041
25.119757,5.810861
25.890128,4.891732
25.601096,5.396937
25.336733,4.771026
26.808892,3.341076
26.047485,5.434888
26.555767,4.995449
26.125425,3.790390
25.829957,4.289749
26.325713,6.093577
25.784490,6.559219
3.189170,25.580524
3.715894,25.511990
2.662215,25.645059
1.116502,26.992399
25.580011,3.189991
25.513636,3.716207
26.204508,2.737643
25.960122,3.264053
25.644323,2.662823
26.993668,1.117906
26.407859,3.265930
26.876699,2.785195
26.348137,1.621576
26.096951,2.142483
26.738984,3.899619
26.237612,4.406211
3.270978,25.991883
3.765761,25.833266
1.657724,26.404669
2.224842,26.543752
1.676476,26.970763
0.000000,26.237614
1.064781,25.756499
0.643380,25.771505
2.138445,26.108041
1.595876,25.733027
0.779677,26.490721
1.258034,26.654407
0.555810,27.015663
0.000000,26.631855
0.587334,26.141421
1.221273,26.132093
25.755962,1.065379
25.731713,1.596784
26.405204,0.000000
25.771830,0.643275
26.514010,0.816641
26.657008,1.321724
26.147722,1.088967
27.015075,0.554062
26.629709,0.000000
26.183114,0.000000
26.107552,0.545767
26.512365,2.224544
