28.440647,-0.000000
28.339639,2.348683
28.048194,4.680010
27.565465,6.981397
26.894166,9.234272
26.039860,11.423769
25.007452,13.535065
23.804097,15.553978
22.438837,17.466345
20.919240,19.260466
19.258577,20.920966
17.463504,22.441307
15.551724,23.806487
13.535166,25.008256
11.421870,26.040311
9.232928,26.895168
6.979902,27.565988
4.680351,28.048474
2.348589,28.341390
0.000000,28.442150
-0.000000,29.566647
2.443927,29.464493
4.867494,29.163499
7.258969,28.661944
9.601268,27.964468
11.877139,27.076282
14.073241,26.003030
16.172890,24.752352
18.161226,23.331869
20.025157,21.753009
21.753256,20.024221
23.331911,18.160485
24.752085,16.172005
26.002666,14.072192
27.075915,11.877299
27.964203,9.600786
28.661963,7.258068
29.162785,4.868236
29.465207,2.442291
29.565520,-0.000000
14.548029,24.415035
15.125602,25.384894
14.339052,25.189349
14.046819,24.712232
15.306014,24.557554
14.701719,24.730907
15.049917,24.113635
17.170495,24.049041
14.964691,25.047745
15.653212,25.068292
16.365985,23.923407
15.767829,24.088610
15.931103,24.441444
15.489871,24.806984
14.598708,25.698310
12.978303,26.546873
16.513742,23.130281
16.039596,23.468288
17.283339,23.212499
16.691967,23.434834
16.989900,22.789738
19.097546,22.549152
16.979077,23.728486
17.670954,23.691174
18.286067,22.489954
17.701167,22.705529
16.671198,24.405337
13.300777,25.791067
12.175063,26.317262
18.367279,21.686629
17.922987,22.064095
19.141279,21.706103
18.570597,21.975865
18.815319,21.308477
20.894288,20.894480
18.880563,22.245710
19.566712,22.151421
20.081216,20.903312
19.516342,21.166079
18.628000,22.945692
17.894422,23.042399
13.931559,25.655877
13.531187,26.276029
13.706392,25.328049
12.425573,26.815970
10.741137,27.528002
12.482066,25.531462
13.009162,25.275201
12.660312,25.865895
11.959005,25.789856
12.806273,26.221102
20.095323,20.096219
19.683744,20.508747
20.867099,20.051495
20.321220,20.367234
20.509461,19.682596
22.547992,19.098127
20.652967,20.610008
21.329267,20.459991
21.738080,19.174014
21.197110,19.482455
20.459262,21.329423
19.737172,21.485257
11.133527,26.824629
11.755579,26.735290
11.316349,27.302496
9.968087,27.226901
11.535237,26.388136
10.591945,27.196431
10.168319,27.750042
21.686002,18.368423
21.309264,18.813953
22.452022,18.259928
21.934056,18.619651
22.065020,17.921493
24.048038,17.171221
22.284065,18.834499
22.945966,18.628995
23.247536,17.313523
22.733607,17.665211
22.151208,19.567045
21.442770,19.782859
10.331189,26.475848
10.875581,26.261128
10.505763,26.817310
9.787952,26.689004
10.991241,26.531711
8.430158,28.321075
23.128764,16.514256
22.790589,16.989749
23.883279,16.343652
23.396351,16.744722
23.469628,16.038855
25.383528,15.126966
23.763237,16.930221
24.405660,16.670892
24.597514,15.334735
24.114571,15.727639
23.690950,17.671507
23.003380,17.944532
8.878972,27.647103
9.508699,27.611614
9.022710,28.144145
7.684440,27.957467
9.324378,27.248170
8.312009,27.976640
7.842279,28.494802
24.413406,14.548044
24.115283,15.050403
25.150891,14.315965
24.699079,14.755369
24.713750,14.046467
26.545985,12.978770
25.080032,14.910016
25.698702,14.598574
25.779741,13.251502
25.331092,13.682596
25.069063,15.654926
24.406821,15.983618
8.109698,27.238678
8.670573,27.068987
7.550386,27.406341
6.062166,28.920892
25.531660,12.482385
25.275661,13.008090
26.247248,12.190247
25.833494,12.665560
25.788809,11.957882
27.527210,10.742472
26.225409,12.788289
26.816398,12.426408
26.786030,11.077566
26.374404,11.544073
26.276192,13.531073
25.642845,13.913965
8.250368,27.594296
8.763988,27.350177
6.565506,28.286854
7.195448,28.302947
6.667741,28.793310
5.349343,28.496954
7.041732,27.925185
5.972846,28.567536
5.462879,29.045320
26.475343,10.331465
26.263361,10.876531
27.164125,9.981201
26.791393,10.488976
26.688195,9.787794
28.320281,8.432562
27.191959,10.579229
27.750910,10.169421
27.609154,8.827883
27.237757,9.326468
27.303719,11.315117
26.704299,11.748926
5.832479,27.815577
6.405194,27.692679
5.261035,27.935881
3.652325,29.321905
27.238091,8.109103
27.071939,8.671011
27.896139,7.704125
27.565871,8.240285
27.405553,7.550212
28.919931,6.064073
27.972475,8.297496
28.495852,7.843184
28.243677,6.517407
27.915211,7.045456
28.144673,9.021288
27.583387,9.503564
5.943717,28.181186
6.475432,27.980612
4.207405,28.732272
4.833344,28.800828
4.267466,29.246083
2.977912,28.840461
4.712071,28.411692
3.594095,28.962929
3.047088,29.398017
27.815148,5.832501
27.695265,6.405869
28.436730,5.372991
28.153263,5.935097
27.933787,5.261397
29.322953,3.654375
28.562331,5.959700
29.045935,5.462910
28.686323,4.161877
28.400971,4.716920
28.793917,6.666193
28.274351,7.192801
3.516488,28.203057
4.095994,28.127007
2.936297,28.273778
1.221161,29.523143
28.202595,3.517497
28.129476,4.096361
28.782112,3.007178
28.548267,3.589601
28.273176,2.937024
29.525271,1.223128
28.957674,3.581623
29.396840,3.045521
28.930401,1.780832
28.694642,2.356072
29.246086,4.266756
28.771028,4.831798
3.596568,28.576999
4.142556,28.418969
1.819876,28.981925
2.438737,29.101237
1.834481,29.499640
0.000000,28.838932
1.174164,28.396837
0.709550,28.413178
2.351376,28.705038
1.758435,28.371031
0.854926,29.068075
1.379519,29.213715
0.606899,29.548689
-0.000000,29.198009
0.647278,28.750342
1.342732,28.737756
28.396574,1.174915
28.369686,1.759725
28.991348,0.000000
28.413955,0.709410
29.090009,0.895966
29.215672,1.449467
28.753240,1.197165
29.548275,0.604459
29.195811,0.000000
28.789667,0.000000
28.720073,0.601808
29.072686,2.439098
