22.824952,0.000000
22.744959,1.884856
22.511120,3.756334
22.123968,5.602877
21.585308,7.410861
20.899594,9.168141
20.071046,10.862627
19.105372,12.483016
18.009691,14.017853
16.789886,15.457937
15.457048,16.790740
14.016642,18.010863
12.482060,19.106578
10.862577,20.071615
9.167375,20.899884
7.410336,21.585968
5.602327,22.124489
3.756426,22.511599
1.884688,22.746228
0.000000,22.826240
-0.000000,24.213920
2.000488,24.129833
3.985958,23.883073
5.944369,23.472246
7.862449,22.900970
9.726411,22.173614
11.524416,21.294714
13.243882,20.270770
14.872453,19.107521
16.398962,17.814387
17.814303,16.398767
19.107362,14.872251
20.270375,13.243662
21.294395,11.524050
22.173413,9.726456
22.900780,7.862105
23.472068,5.943817
23.882599,3.985906
24.129629,1.999541
24.212481,0.000000
11.674043,19.591965
12.384980,20.785296
11.626566,20.424900
11.270089,19.832036
12.400231,19.896047
11.874898,19.975435
12.078474,19.350065
14.059368,19.691638
12.175085,20.379026
12.815696,20.527993
13.270747,19.398948
12.740339,19.464066
12.960703,19.885239
12.616638,20.208113
11.954741,21.041355
10.626411,21.736850
13.251664,18.561038
12.869156,18.833880
14.002617,18.807054
13.483084,18.928928
13.634972,18.287207
15.637213,18.463397
13.813930,19.305992
14.467654,19.399926
14.827423,18.236698
14.302960,18.346688
13.651804,19.982579
10.791067,20.925565
9.873875,21.344423
14.739171,17.402680
14.380458,17.707066
15.508564,17.586578
15.000588,17.750499
15.099403,17.098277
17.108412,17.108754
15.360825,18.099439
16.019910,18.139138
16.283037,16.949781
15.769500,17.102702
15.254545,18.786977
14.558664,18.746927
11.338016,20.879792
11.077165,21.516268
11.076299,20.468555
10.175890,21.956646
8.794798,22.540154
10.016237,20.488446
10.440095,20.281689
10.231046,20.903743
9.594188,20.695735
10.419673,21.335144
16.125840,16.126316
15.793788,16.458827
16.906603,16.245802
16.414578,16.451019
16.459058,15.793500
18.462749,15.637619
16.803104,16.768795
17.463298,16.754096
17.626674,15.547550
17.127657,15.742199
16.753729,17.463271
16.057903,17.479978
9.036995,21.774062
9.569376,21.763157
9.263117,22.357159
8.083602,22.081107
9.322890,21.325636
8.618205,22.130528
8.327853,22.721746
17.402351,14.739667
17.098417,15.098937
18.190998,14.794187
17.717359,15.039332
17.707335,14.380139
19.690990,14.059820
18.130219,15.324129
18.787114,15.255053
18.850660,14.038926
18.369302,14.273888
18.138900,16.019996
17.445597,16.094774
8.290036,21.245929
8.728823,21.073914
8.489948,21.673407
7.852204,21.417309
8.869289,21.409780
6.903091,23.189528
18.560200,13.251868
18.287299,13.635033
19.350627,13.241578
18.898668,13.524856
18.834310,12.869020
20.784592,12.385660
19.333862,13.774684
19.982636,13.651692
19.945355,12.434128
19.485143,12.708207
19.399638,14.467782
18.715454,14.599091
7.206154,22.439486
7.740494,22.475338
7.385038,23.046023
6.231827,22.673819
7.535969,22.020636
6.762782,22.765153
6.423067,23.331952
19.591025,11.674046
19.350494,12.078692
20.377585,11.598440
19.950835,11.917921
19.832579,11.269952
21.736296,10.626766
20.405212,12.130937
21.041475,11.954717
20.903976,10.744867
20.468034,11.055746
20.528023,12.816365
19.857245,13.003555
6.507343,21.858190
6.959026,21.722613
6.056678,21.992782
4.964392,23.680643
20.488264,10.016397
20.281815,10.439675
21.265924,9.876215
20.867003,10.229828
20.695374,9.593847
22.539657,8.795560
21.337060,10.404667
21.956763,10.176296
21.719872,8.982064
21.311105,9.327853
21.516094,11.077133
20.862757,11.319554
6.666944,22.301061
7.072671,22.071369
5.328543,22.958859
5.857796,23.038271
5.456661,23.577420
4.338022,23.111223
5.691271,22.567990
4.859497,23.246050
4.474587,23.782892
21.245463,8.290324
21.074600,8.729300
22.008860,8.086447
21.640644,8.471681
21.416940,7.852243
23.189034,6.904080
22.123427,8.607295
22.722042,8.328313
22.387425,7.157860
22.008656,7.536074
22.357332,9.262633
21.726385,9.558128
4.680048,22.321090
5.141153,22.223216
4.219671,22.417664
2.991779,24.009262
21.857668,6.507320
21.723526,6.959235
22.601706,6.241353
22.266383,6.655567
21.992309,6.056669
23.679957,4.965162
22.758568,6.750917
23.332238,6.423463
22.902065,5.284517
22.556093,5.692979
23.045782,7.384563
22.441456,7.731259
4.802861,22.775521
5.225714,22.580021
3.414785,23.320657
3.935390,23.443688
3.491048,23.947791
2.415021,23.390000
3.808235,22.961071
2.923694,23.567813
2.495816,24.071401
22.320497,4.680210
22.223912,5.141557
23.039950,4.353076
22.740371,4.793815
22.416567,4.219828
24.009307,2.992350
23.238351,4.848637
23.782828,4.474721
23.260319,3.374781
22.948778,3.811081
23.577165,5.456072
23.003492,5.851565
2.821222,22.631759
3.288296,22.571896
2.354136,22.689396
0.999923,24.174405
22.631116,2.821754
22.572429,3.288540
23.319773,2.435958
23.058915,2.899315
22.688537,2.354546
24.174526,1.000617
23.559577,2.913301
24.070408,2.495233
23.459194,1.443498
23.185719,1.903214
23.947135,3.490857
23.407949,3.930993
2.906210,23.094915
3.343224,22.933948
1.476672,23.522524
1.986024,23.687994
1.500650,24.154529
-0.000000,23.323927
0.942030,22.787623
0.569343,22.801544
1.900010,23.197877
1.412802,22.767145
0.695531,23.609348
1.122362,23.797292
0.498869,24.195162
0.000000,23.766432
0.520042,23.216806
1.085030,23.211455
22.786772,0.942378
22.765905,1.413306
23.512484,0.000000
22.801204,0.569274
23.634540,0.727893
23.800814,1.179121
23.227475,0.967508
24.194319,0.497957
23.764562,0.000000
23.261969,0.000000
23.178055,0.482820
23.652629,1.984992
