20.642005,-0.000000
20.571149,1.704653
20.359670,3.397515
20.009777,5.067320
19.522678,6.702471
18.902451,8.291782
18.153131,9.824369
17.279880,11.289964
16.288993,12.678102
15.185691,13.980588
13.980221,15.186070
12.677679,16.289476
11.289626,17.280397
9.824259,18.153502
8.291497,18.902759
6.702253,19.523146
5.067108,20.010296
3.397459,20.360286
1.704555,20.572081
0.000000,20.642997
-0.000000,22.167648
1.830780,22.091240
3.648750,21.865143
5.441770,21.488974
7.197751,20.965879
8.904414,20.299935
10.550223,19.495238
12.124526,18.557900
13.615590,17.493080
15.013157,16.309170
16.308994,15.013244
17.492862,13.615649
18.557585,12.124571
19.494941,10.550220
20.299663,8.904493
20.965567,7.197686
21.488576,5.441616
21.864569,3.648670
22.090584,1.830483
22.166592,0.000000
10.557364,17.717647
11.337568,19.027172
10.581512,18.589372
10.191218,17.935647
11.280014,18.098824
10.782382,18.137265
10.923633,17.499195
12.870344,18.026080
11.103253,18.585156
11.731329,18.792536
12.078436,17.656010
11.570751,17.677382
11.819586,18.134778
11.513786,18.442907
10.943936,19.261505
9.727551,19.898235
11.984211,16.785496
11.637435,17.032979
12.737939,17.108793
12.243025,17.187362
12.331171,16.537773
14.314723,16.901706
12.597818,17.606836
13.243368,17.759678
13.495016,16.598382
12.990212,16.662838
12.497511,18.292285
9.824677,19.052116
8.987482,19.429137
13.329509,15.738210
13.004168,16.013941
14.108233,15.998588
13.621067,16.117517
13.655211,15.462504
15.661492,15.661730
14.008505,16.506390
14.664356,16.605512
14.819876,15.426856
14.322094,15.532931
13.965109,17.197714
13.277328,17.096739
10.342096,19.045278
10.139277,19.696869
10.060502,18.591227
9.315889,20.099409
8.051144,20.633598
9.058183,18.528785
9.441430,18.341513
9.292751,18.986621
8.675385,18.716158
9.502821,19.457847
14.583529,14.583797
14.282414,14.885035
15.379944,14.778700
14.904869,14.937522
14.884929,14.282508
16.901378,14.314949
15.323946,15.292939
15.985694,15.337577
16.042848,14.150599
15.555590,14.297296
15.337352,15.985814
14.644574,15.941267
8.230125,19.829800
8.729960,19.853924
8.478353,20.466854
7.357792,20.099079
8.468357,19.370092
7.859913,20.184252
7.624293,20.800001
15.737957,13.329763
15.462352,13.655243
16.548448,13.458200
16.087826,13.655675
16.013821,13.004251
18.025721,12.870560
16.534259,13.975436
17.197593,13.965350
17.156862,12.777564
16.683312,12.963822
16.605290,14.664485
15.910137,14.677943
7.497142,19.213675
7.894390,19.058451
7.711322,19.686259
7.100157,19.368741
8.048414,19.428732
6.319660,21.228129
16.785077,11.984368
16.537578,12.331316
17.603354,12.045737
17.160524,12.280551
17.032874,11.637529
19.026788,11.337831
17.632016,12.562325
18.292104,12.497576
18.153139,11.316809
17.696692,11.541824
17.759411,13.243481
17.068280,13.313902
6.562291,20.434696
7.061650,20.502916
6.759207,21.097225
5.672346,20.638740
6.845148,20.001245
6.167566,20.762972
5.880577,21.358791
17.717186,10.557453
17.499067,10.923786
18.537455,10.550815
18.115764,10.821363
17.935557,10.191279
19.897875,9.727725
18.608978,11.063190
19.261328,10.944018
19.025548,9.779279
18.589228,10.040988
18.792321,11.731573
18.109524,11.858725
5.884911,19.767427
6.293666,19.645389
5.476418,19.889195
4.545048,21.677770
18.528504,9.058314
18.341322,9.441418
19.345540,8.984105
18.947538,9.288503
18.715853,8.675404
20.633227,8.051399
19.458745,9.488841
20.099212,9.316063
19.768132,8.174863
19.354922,8.471717
19.696592,10.139347
19.026379,10.322825
6.055385,20.256146
6.418414,20.029866
4.852525,20.907751
5.344288,21.016660
4.993909,21.583639
3.948524,21.036848
5.169631,20.498617
4.431689,21.201687
4.096775,21.771690
19.213286,7.497320
19.058357,7.894611
20.021467,7.355936
19.649952,7.692119
19.368380,7.100266
21.227698,6.319915
20.175867,7.849646
20.799822,7.624449
20.375761,6.514538
19.988469,6.844476
20.466637,8.478298
19.813950,8.716468
4.232432,20.186018
4.649789,20.098227
3.815253,20.273448
2.739407,21.978857
19.766957,5.885009
19.645291,6.293806
20.560729,5.677455
20.218191,6.043138
19.888730,5.476509
21.677186,4.545216
20.755202,6.156744
21.358536,5.880679
20.844317,4.809695
20.485647,5.170516
21.096840,6.759124
20.466058,7.050421
4.362238,20.687230
4.742278,20.491482
3.109770,21.237456
3.590713,21.386550
3.194537,21.922431
2.198382,21.290800
3.459142,20.855522
2.666084,21.495237
2.285026,22.035494
20.185426,4.232555
20.097983,4.649974
20.959518,3.959906
20.648368,4.352798
20.272723,3.815361
21.978330,2.739485
21.192806,4.421732
21.771229,4.096791
21.170001,3.071583
20.842382,3.461119
21.583161,4.993756
20.978594,5.336309
2.551163,20.466859
2.974220,20.413597
2.128110,20.519544
0.915313,22.130038
20.466142,2.551361
20.413201,2.974351
21.214332,2.215790
20.937189,2.632680
20.518735,2.128273
22.129394,0.915454
21.485478,2.656540
22.034672,2.284843
21.351602,1.313617
21.057317,1.728336
21.921735,3.194454
21.347610,3.585088
2.639665,20.976980
3.034074,20.812769
1.344933,21.420734
1.812210,21.609325
1.373135,22.111239
0.000000,21.194855
0.852164,20.607828
0.515366,20.621320
1.725837,21.070356
1.278265,20.589955
0.634152,21.508899
1.023640,21.718125
0.457433,22.149042
0.000000,21.680578
0.470768,21.077638
0.985305,21.075604
20.606945,0.852272
20.588993,1.278424
21.402570,0.000000
20.620565,0.515354
21.536048,0.663155
21.722738,1.075456
21.092352,0.878502
22.148161,0.457205
21.679390,0.000000
21.126199,0.000000
21.034752,0.436689
21.570469,1.810616
