23.868147,0.000000
23.784040,1.970978
23.539487,3.927846
23.134546,5.858872
22.571239,7.749472
21.854214,9.587035
20.987802,11.358926
19.977977,13.053323
18.832226,14.658280
17.556739,16.164127
16.163019,17.557789
14.656730,18.833680
13.052093,19.979454
11.358904,20.988438
9.586057,21.854518
7.748807,22.571973
5.858164,23.135060
3.928019,23.539894
1.970812,23.785396
0.000000,23.869478
0.000000,25.199714
2.082201,25.112128
4.148370,24.855409
6.186503,24.427879
8.182691,23.833374
10.122477,23.076410
11.993794,22.161739
13.783237,21.096060
15.478067,19.885423
17.066712,18.539667
18.539640,17.066376
19.885303,15.477747
21.095667,13.782888
22.161416,11.993268
23.076211,10.122508
23.833205,8.182256
24.427777,6.185813
24.854949,4.148399
25.112157,2.081037
25.198260,0.000000
12.207792,20.487774
12.889650,21.632346
12.128156,21.305894
11.785780,20.738413
12.937729,20.758344
12.398468,20.856277
12.630409,20.234733
14.632270,20.494097
12.690207,21.241136
13.338193,21.364125
13.843063,20.235538
13.300953,20.320444
13.509162,20.726530
13.146930,21.056866
12.441700,21.898917
11.059499,22.622664
13.857496,19.409671
13.457946,19.694623
14.609460,19.621940
14.077392,19.763519
14.258127,19.123405
16.274431,19.215825
14.398397,20.122621
15.057545,20.190193
15.466969,19.023118
14.932217,19.153829
14.207902,20.797008
11.255028,21.824991
10.299363,22.263820
15.412982,18.198285
15.038358,18.516304
16.180508,18.348568
15.661766,18.533100
15.789633,17.880172
17.805582,17.805932
16.010768,18.865072
16.673060,18.878042
16.985356,17.680801
16.463314,17.855148
15.875803,19.552766
15.174558,19.540063
11.816784,21.761575
11.529067,22.392820
11.563258,21.368401
10.590213,22.851478
9.153155,23.458713
10.474172,21.425074
10.917338,21.209056
10.680844,21.822641
10.033372,21.641872
10.860346,22.237358
16.863049,16.863618
16.516227,17.211031
17.639170,16.949765
17.138125,17.176360
17.211402,16.515755
19.215059,16.274892
17.514006,17.478098
18.175240,17.436577
18.386913,16.218096
17.881216,16.434803
17.436150,18.175188
16.737233,18.219535
9.424467,22.707596
9.972932,22.680992
9.641239,23.267882
8.432023,23.032519
9.732525,22.263023
8.982654,23.065938
8.666813,23.647687
18.197911,15.413594
17.880456,15.788952
18.979166,15.435253
18.498330,15.702453
18.516742,15.037817
20.493352,14.632805
18.897257,15.972330
19.552985,15.876418
19.663681,14.644399
19.177463,14.901868
18.877809,16.673154
18.183628,16.775757
8.669065,22.217264
9.127602,22.037266
8.863203,22.625919
8.211695,22.396426
9.262495,22.358805
7.184246,24.134533
19.408677,13.857740
19.123653,14.258138
20.189034,13.815386
19.731686,14.121203
19.695284,13.457690
21.631511,12.890490
20.151780,14.357359
20.797163,14.207724
20.805591,12.970451
20.342403,13.267313
20.189920,15.057717
19.507174,15.216803
7.515333,23.402071
8.066872,23.423514
7.686605,23.984909
6.500405,23.650711
7.867117,22.988604
7.048852,23.727442
6.684432,24.282672
20.486654,12.207782
20.235429,12.630665
21.260519,12.101118
20.830272,12.443445
20.739218,11.785571
22.622032,11.059905
21.268464,12.644099
21.899145,12.441632
21.805565,11.208345
21.368571,11.542158
21.364294,13.339062
20.697277,13.553800
6.804884,22.857492
7.276985,22.715512
6.334069,22.998229
5.166488,24.645648
21.424945,10.474356
21.209300,10.916757
22.187346,10.304261
21.786865,10.680947
21.641436,10.032866
23.458153,9.154091
22.239742,10.844807
22.851711,10.590709
22.656658,9.369520
22.248722,9.738225
22.392714,11.528995
21.745366,11.798599
6.960125,23.281246
7.386079,23.049412
5.557146,23.943691
6.104693,24.010125
5.679661,24.537990
4.525007,24.106983
5.941324,23.559945
5.065097,24.228631
4.656600,24.751947
22.216771,8.669373
22.038287,9.128175
22.962446,8.436948
22.594640,8.845285
22.396018,8.211691
24.133994,7.185544
23.059385,8.971416
23.648153,8.667400
23.352979,7.466650
22.976970,7.867583
23.268250,9.640568
22.645530,9.962644
4.894035,23.341565
5.375974,23.238962
4.413033,23.442537
3.113393,24.987554
22.856951,6.804772
22.716860,7.277226
23.581030,6.511932
23.247934,6.949063
22.997726,6.334007
24.644917,5.167511
23.721364,7.036484
24.283162,6.684948
23.889769,5.512452
23.548496,5.943410
23.984778,7.685941
23.390880,8.058494
5.014100,23.776512
5.457293,23.580616
3.561274,24.320917
4.101123,24.432615
3.633967,24.923552
2.519064,24.397699
3.975581,23.970345
3.047497,24.563962
2.597351,25.052312
23.340995,4.894188
23.240067,5.376452
24.038209,4.541736
23.742935,5.005172
23.441269,4.413214
24.987857,3.114222
24.221457,5.053807
24.752055,4.656758
24.263653,3.520320
23.958419,3.978816
24.537879,5.678875
23.976720,6.099211
2.950325,23.666487
3.438370,23.603548
2.462222,23.726532
1.040675,25.159365
23.665906,2.950971
23.604504,3.438640
24.330111,2.541618
24.075689,3.027121
23.725716,2.462711
25.159913,1.041626
24.556396,3.036707
25.051290,2.596593
24.470863,1.505849
24.205909,1.987050
24.922984,3.633716
24.398211,4.097280
3.034018,24.110078
3.491331,23.950174
1.540021,24.531645
2.069588,24.687268
1.562093,25.138913
0.000000,24.344755
0.985068,23.829422
0.595267,23.843664
1.983540,24.217649
1.477076,23.807836
0.724994,24.618074
1.169833,24.796953
0.518786,25.180989
0.000000,24.769096
0.543636,24.241802
1.132792,24.235002
23.828683,0.985513
23.806566,1.477722
24.525401,0.000000
23.843580,0.595182
24.642545,0.758971
24.800122,1.229006
24.250851,1.010101
25.180246,0.517571
24.767094,0.000000
24.285640,0.000000
24.204883,0.504896
24.653415,2.068816
