25.683684,0.000000
25.592687,2.120897
25.329494,4.226423
24.893633,6.304499
24.287438,8.338917
23.515913,10.316213
22.583596,12.222850
21.496933,14.046079
20.264034,15.773086
18.891627,17.393392
17.391932,18.892992
15.770980,20.265941
14.044401,21.498836
12.222872,22.584336
10.314867,23.516277
8.337993,24.288304
6.303495,24.894157
4.226702,25.329830
2.120754,25.594208
-0.000000,25.685094
-0.000000,26.925556
2.225201,26.832062
4.432636,26.557875
6.610380,26.101095
8.743333,25.465906
10.815910,24.657090
12.815579,23.679767
14.727580,22.540994
16.538410,21.247413
18.235841,19.809532
19.809602,18.235269
21.247352,16.537905
22.540623,14.727013
23.679420,12.814814
24.656840,10.815955
25.465714,8.742817
26.101059,6.609534
26.557348,4.432886
26.832407,2.223765
26.924155,0.000000
13.136867,22.046996
13.773252,23.115342
13.003856,22.844030
12.683427,22.316069
13.875916,22.263432
13.311534,22.392341
13.591047,21.774664
15.635328,21.899013
13.590402,22.747714
14.253028,22.828003
14.842300,21.696182
14.278766,21.814103
14.467670,22.196778
14.073967,22.540646
13.294190,23.400377
11.817769,24.173512
14.912038,20.886814
14.482862,21.192835
15.668703,21.044332
15.113851,21.218959
15.342737,20.578957
17.390085,20.533149
15.419775,21.549741
16.090335,21.573770
16.583545,20.396199
16.029764,20.561653
15.181437,22.222958
12.065194,23.395608
11.042257,23.869159
16.585851,19.583179
16.183565,19.924854
17.353391,19.678640
16.814863,19.897911
16.990958,19.241215
19.026196,19.026522
17.146572,20.203058
17.816601,20.171683
18.211540,18.957134
17.673462,19.167552
16.963468,20.893579
16.250950,20.926172
12.653626,23.302718
12.320274,23.927454
12.412684,22.937919
11.315563,24.418183
9.780642,25.066895
11.271296,23.055382
11.747918,22.823321
11.465426,23.425345
10.797855,23.288712
11.630479,23.814035
18.146272,18.147004
17.773751,18.520300
18.917879,18.178523
18.399963,18.441312
18.520853,17.772989
20.532199,17.390618
18.756337,18.717642
19.421693,18.631435
19.714218,17.388837
19.195564,17.642840
18.630889,19.421675
17.924476,19.512003
10.101194,24.337902
10.678331,24.285318
10.303250,24.862351
9.040382,24.693714
10.447046,23.898079
9.619563,24.700666
9.260225,25.268872
19.582700,16.586682
19.241719,16.989960
20.354915,16.554242
19.860314,16.858906
19.925526,16.182640
21.898124,15.635974
20.237682,17.105108
20.893862,16.964256
21.083142,15.701543
20.587043,15.997200
20.171452,17.816763
19.473455,17.965867
9.328886,23.907990
9.821643,23.714158
9.514262,24.287304
8.837469,24.100673
9.947988,24.013408
7.676561,25.789038
20.885572,14.912385
20.579454,15.342673
21.652477,14.816964
21.184431,15.161221
21.193818,14.482404
23.114275,13.774333
21.581119,15.375630
22.223218,15.181184
22.307470,13.906858
21.837612,14.242525
21.573513,16.090632
20.890825,16.296342
8.055301,25.083085
8.637391,25.080823
8.214616,25.628653
6.969350,25.356407
8.444723,24.676973
7.548778,25.409151
7.142013,25.947244
22.045607,13.136865
21.775772,13.591386
22.801666,12.978536
22.363951,13.359942
22.317231,12.683133
24.172745,11.818230
22.777008,13.540887
23.400714,13.294075
23.379631,12.017565
22.939243,12.390572
22.828402,14.254245
22.165358,14.515434
7.322853,24.596897
7.830338,24.443854
6.816944,24.748332
5.520391,26.335192
23.055347,11.271535
22.823692,11.747105
23.795660,11.051404
23.391039,11.467687
23.288067,10.797086
25.066215,9.781804
23.817189,11.613984
24.418540,11.316206
24.292186,10.046011
23.884067,10.454010
23.927451,12.320166
23.287835,12.635790
7.471526,24.990875
7.932463,24.754669
5.956416,25.663563
6.536288,25.708853
6.070128,26.219704
4.851491,25.845632
6.377481,25.290182
5.424378,25.945826
4.975246,26.448623
23.907456,9.329203
23.715692,9.822373
24.626915,9.048725
24.258332,9.496860
24.100131,8.837400
25.788388,7.678344
24.694978,9.607743
25.269544,9.261025
25.038730,8.005788
24.665866,8.445826
24.863045,10.302307
24.251837,10.669590
5.266559,25.117823
5.784645,25.007090
4.749667,25.226468
3.326348,26.700410
24.596312,7.322566
24.445875,7.830651
25.290434,6.984229
24.959673,7.460917
24.747725,6.816813
26.334355,5.521803
25.403867,7.535546
25.947995,7.142712
25.614215,5.910452
25.279390,6.380222
25.628739,8.213634
25.050113,8.630393
5.382567,25.522447
5.861017,25.325209
3.817126,26.067764
4.390847,26.161181
3.884266,26.631844
2.700772,26.157232
4.267484,25.730768
3.263840,26.304899
2.775095,26.769704
25.117282,5.266678
25.008820,5.785228
25.780658,4.871044
25.491313,5.373790
25.224866,4.749907
26.701061,3.327642
25.939473,5.412348
26.448962,4.975397
26.015358,3.774425
25.719375,4.271378
26.219849,6.069020
25.677555,6.532009
3.175073,25.467567
3.699518,25.399361
2.650411,25.531837
1.112012,26.883864
25.467044,3.175885
25.400961,3.699829
26.093706,2.726056
25.848789,3.250053
25.531088,2.651012
26.885085,1.113390
26.298344,3.252371
26.768609,2.774028
26.237152,1.614733
25.985219,2.133298
26.631452,3.883873
26.128806,4.387936
3.256976,25.880702
3.749550,25.722030
1.650761,26.293928
2.215658,26.433932
1.669702,26.862302
0.000000,26.125761
1.060073,25.642775
0.640535,25.657730
2.129290,25.996351
1.588868,25.619408
0.776444,26.379991
1.252817,26.544522
0.553619,26.907030
0.000000,26.521664
0.584753,26.029200
1.216047,26.020017
25.642218,1.060664
25.618090,1.589761
26.294063,0.000000
25.658025,0.640432
26.403337,0.813231
26.547146,1.316238
26.035648,1.084310
26.906426,0.551901
26.519517,0.000000
26.071002,0.000000
25.995154,0.543354
26.402403,2.215332
