28.936732,-0.000000
28.833964,2.389691
28.537444,4.761651
28.046290,7.103219
27.363280,9.395409
26.494076,11.623090
25.443657,13.771214
24.219303,15.825344
22.830224,17.771066
21.284141,19.596463
19.594509,21.285918
17.768106,22.832782
15.822999,24.221763
13.771331,25.444464
11.621092,26.494544
9.393986,27.364301
7.101631,28.046815
4.761990,28.537723
2.389606,28.835757
0.000000,28.938252
-0.000000,30.044077
2.483453,29.940392
4.946084,29.634542
7.376204,29.124894
9.756352,28.416154
12.068979,27.513618
14.300591,26.423022
16.434171,25.152110
18.454592,23.708689
20.348623,22.104345
22.104625,20.347623
23.708749,18.453817
25.151867,16.433231
26.422654,14.299501
27.513226,12.069170
28.415871,9.755893
29.124916,7.375313
29.633785,4.946931
29.941158,2.481805
30.043014,-0.000000
14.801989,24.841169
15.370080,25.795167
14.579882,25.612390
14.292173,25.143444
15.563924,24.971272
14.952257,25.152343
15.312434,24.534565
17.448023,24.437704
15.212760,25.462921
15.906341,25.473274
16.640826,24.325152
16.036220,24.498554
16.195277,24.846635
15.745518,25.216200
14.834517,26.113727
13.188106,26.975909
16.801988,23.534008
16.319746,23.877770
17.574528,23.603511
16.976381,23.834165
17.286300,23.187593
19.406217,22.913591
17.260544,24.121770
17.956691,24.073943
18.593159,22.867627
18.002421,23.091937
16.940492,24.799865
13.523671,26.223218
12.379397,26.758876
18.687869,22.065167
18.236012,22.449061
19.463717,22.071742
18.887022,22.350347
19.143602,21.680507
21.231998,21.232156
19.193563,22.614428
19.883088,22.509300
20.418461,21.254360
19.848502,21.526286
18.928901,23.316673
18.191101,23.424406
14.162275,26.080681
13.750092,26.700590
13.939588,25.758845
12.626227,27.249440
10.914790,27.972900
12.699965,25.977048
13.236104,25.716449
12.875686,26.305766
12.167965,26.239946
13.018519,26.655601
20.446081,20.446993
20.027465,20.866576
21.218634,20.389266
20.667473,20.714317
20.867303,20.026257
22.912399,19.406802
20.995326,20.951598
21.674105,20.790540
22.103135,19.496022
21.557867,19.814020
20.789778,21.674305
20.064397,21.841456
11.319783,27.273269
11.950067,27.177607
11.499481,27.743608
10.135431,27.683852
11.731382,26.836958
10.767472,27.646948
10.332472,28.198585
22.064516,18.689065
21.681337,19.142184
22.830223,18.567535
22.307790,18.936969
22.450018,18.234422
24.436692,17.448754
22.653455,19.146673
23.316934,18.929926
23.637942,17.604291
23.120502,17.965850
22.509092,19.883459
21.798266,20.110850
10.511578,26.937951
11.065224,26.719485
10.684473,27.273314
9.959000,27.154785
11.179209,26.985459
8.566405,28.778799
23.532453,16.802531
23.188503,17.286140
24.285595,16.618973
23.794985,17.030100
23.879157,16.318961
25.793753,15.371487
24.157128,17.210843
24.800188,16.940184
25.010582,15.592295
24.524967,15.995317
24.073724,17.957295
23.384732,18.242054
9.027577,28.109681
9.666011,28.068513
9.168790,28.598872
7.813429,28.426663
9.482933,27.711613
8.449780,28.440103
7.968869,28.955344
24.839516,14.802004
24.536297,15.312951
25.574561,14.557156
25.119917,15.006852
25.145002,14.291820
26.975009,13.188566
25.495747,15.157160
26.114116,14.834384
26.212663,13.474080
25.762193,13.915472
25.474114,15.908138
24.811444,16.248647
8.251314,27.714083
8.821756,27.541411
7.682375,27.884663
6.160122,29.388321
25.977298,12.700296
25.716911,13.234997
26.689377,12.395623
26.273673,12.881442
26.238817,12.166784
27.972096,10.916139
26.660113,13.000266
27.249864,12.627092
27.235860,11.263638
26.823257,11.740549
26.700780,13.749981
26.067962,14.144692
8.390751,28.063527
8.913804,27.817848
6.675400,28.760126
7.314459,28.771280
6.775773,29.258543
5.439145,28.975217
7.161464,28.400133
6.071846,29.040792
5.551029,29.514746
26.937461,10.511842
26.721834,11.066214
27.621697,10.149357
27.247899,10.667781
27.153918,9.958828
28.777982,8.568909
27.642684,10.754595
28.199473,10.333625
28.072798,8.976171
27.701309,9.485204
27.744929,11.498212
27.147008,11.943761
5.934336,28.301055
6.516850,28.175985
5.353064,28.423456
3.711260,29.795819
27.713503,8.250661
27.544519,8.822218
28.366062,7.833946
28.035557,8.380748
27.883839,7.682201
29.387342,6.162109
28.436130,8.435040
28.956436,7.969801
28.717973,6.626896
28.390284,7.165363
28.599489,9.167296
28.040683,9.661186
6.044859,28.660390
6.586132,28.459076
4.277816,29.212988
4.913237,29.277383
4.336751,29.718657
3.027905,29.324484
4.792213,28.894911
3.653704,29.442749
3.096256,29.873148
28.300653,5.934335
28.178714,6.517532
28.915737,5.463508
28.632991,6.036263
28.421274,5.353449
29.796921,3.713454
29.035782,6.058499
29.515399,5.551026
29.168100,4.231762
28.884294,4.797228
29.259237,6.774153
28.743114,7.312085
3.577936,28.695331
4.167325,28.617884
2.987746,28.767214
1.240889,30.000270
28.694875,3.578976
28.620496,4.167702
29.266958,3.057870
29.034747,3.650811
28.766640,2.988491
30.002542,1.242954
29.437701,3.641055
29.871958,3.094594
29.416200,1.810803
29.182966,2.396234
29.718742,4.335971
29.247991,4.911932
3.657782,29.062970
4.213366,28.904922
1.850406,29.466874
2.479014,29.582787
1.864281,29.976387
-0.000000,29.328062
1.194714,28.892445
0.721994,28.909068
2.391421,29.193252
1.788921,28.866226
0.869088,29.553109
1.402388,29.695664
0.616533,30.026246
0.000000,29.681198
0.658535,29.240719
1.365555,29.227540
28.892233,1.195486
28.864878,1.790287
29.477922,0.000000
28.909918,0.721844
29.574817,0.910890
29.697514,1.473515
29.243011,1.217490
30.025859,0.613965
29.679003,0.000000
29.279663,0.000000
29.211064,0.612329
29.554712,2.479502
