21.325557,-0.000000
21.251747,1.761084
21.033287,3.509868
20.671729,5.235008
20.168493,6.924271
19.527767,8.566173
18.753637,10.149438
17.851432,11.663488
16.827720,13.097554
15.687936,14.443124
14.442585,15.688469
13.096874,16.828431
11.662952,17.852178
10.149349,18.754068
8.565728,19.528046
6.923948,20.169012
5.234679,20.672241
3.509844,21.033864
1.760944,21.252826
-0.000000,21.326697
-0.000000,22.805764
1.883720,22.726888
3.753917,22.494341
5.598494,22.107364
7.405018,21.569252
9.160719,20.884168
10.853994,20.056341
12.473549,19.091996
14.007484,17.996466
15.445250,16.778495
16.778347,15.445249
17.996266,14.007458
19.091646,12.473513
20.056042,10.853877
20.883944,9.160794
21.569008,7.404858
22.107058,5.598201
22.493813,3.753820
22.726352,1.883182
22.804510,0.000000
10.907000,18.304529
11.664167,19.575396
10.908021,19.162851
10.529012,18.529436
11.630063,18.660439
11.123988,18.712046
11.285233,18.078714
13.241097,18.545432
11.437901,19.145246
12.069443,19.333691
12.450935,18.200544
11.936419,18.235992
12.175853,18.681300
11.858030,18.993908
11.259143,19.816492
10.007831,20.471566
12.381045,17.341435
12.023068,17.596863
13.133114,17.639452
12.630751,17.731916
12.739399,17.085523
14.727085,17.388664
12.977509,18.137335
13.625115,18.271137
13.911284,17.110207
13.400626,17.189272
12.857457,18.819335
10.126566,19.637366
9.264403,20.027494
13.770865,16.259346
13.435060,16.544070
14.545791,16.494780
14.052384,16.628098
14.107404,15.974653
16.112651,16.112933
14.430714,17.003757
15.087026,17.083719
15.276989,15.902633
14.774603,16.023701
14.367175,17.693243
13.677355,17.611935
10.653001,19.618014
10.431723,20.264211
10.378069,19.178174
9.584064,20.678533
8.283009,21.228109
9.358154,19.142378
9.754149,18.948990
9.586090,19.586013
8.963062,19.335990
9.789069,20.043983
15.066420,15.066750
14.755612,15.377797
15.856974,15.237124
15.376900,15.410742
15.377805,14.755585
17.388226,14.727376
15.785755,15.753718
16.446423,15.779268
16.537660,14.587023
16.047077,14.749023
15.778997,16.446480
15.085809,16.421656
8.482150,20.437131
8.991999,20.449940
8.723048,21.056301
7.584538,20.718291
8.735514,19.981474
8.096661,20.791906
7.843681,21.399226
16.259076,13.771192
15.974592,14.107271
17.061696,13.875651
16.597325,14.088296
16.544080,13.435027
18.544973,13.241395
17.032537,14.396510
17.693220,14.367506
17.686037,13.171626
17.210422,13.373393
17.083490,15.087130
16.389502,15.120279
7.745388,19.849993
8.155674,19.689497
7.954743,20.307525
7.335616,20.010170
8.305147,20.048283
6.501567,21.839730
17.340874,12.381207
17.085412,12.739520
18.149335,12.419403
17.703989,12.669601
17.596937,12.023093
19.574911,11.664575
18.163360,12.940838
18.819237,12.857461
18.713078,11.665878
18.255847,11.906478
18.270857,13.625219
17.582527,13.715141
6.763405,21.060934
7.273555,21.118667
6.954337,21.704915
5.847128,21.274518
7.061125,20.632593
6.353399,21.388074
6.049737,21.974043
18.303909,10.907050
18.078764,11.285401
19.112469,10.878176
18.689555,11.164226
18.529564,10.529002
20.471152,10.008078
19.169810,11.396563
19.816424,11.259194
19.612439,10.080954
19.176652,10.358248
19.333548,12.069822
18.655174,12.216149
6.079787,20.422061
6.502014,20.295761
5.658085,20.547837
4.675790,22.302297
19.142141,9.358291
18.948920,9.753997
19.945645,9.262878
19.547731,9.582837
19.335698,8.962968
21.227715,8.283451
20.045219,9.774788
20.678457,9.584323
20.377927,8.427055
19.966545,8.739390
20.263968,10.431762
19.599729,10.634022
6.246570,20.895476
6.623029,20.668301
5.001203,21.548454
5.504580,21.647754
5.138188,22.205351
4.070200,21.684902
5.332714,21.145580
4.565259,21.839952
4.214591,22.398802
19.849593,7.745615
19.689675,8.155988
20.642507,7.584215
20.272417,7.935872
20.009834,7.335712
21.839300,6.502067
20.783962,8.086206
21.399231,7.843944
21.004274,6.715530
20.620094,7.060706
21.056217,8.722860
20.411058,8.979252
4.372569,20.854528
4.803647,20.763548
3.941854,20.944811
2.818098,22.611968
20.421587,6.079864
20.296010,6.502182
21.198496,5.853661
20.858631,6.234637
20.547391,5.658154
22.301689,4.676157
21.380710,6.342257
21.973991,6.049940
21.487210,4.958035
21.132980,5.333867
21.704576,6.954137
21.082816,7.262988
4.499982,21.340116
4.893469,21.144619
3.205033,21.888182
3.698300,22.028739
3.286978,22.554001
2.266043,21.946608
3.568279,21.513806
2.746516,22.142314
2.350766,22.670332
20.853935,4.372721
20.763620,4.803917
21.609608,4.082761
21.302492,4.490696
20.943971,3.941986
22.611620,2.818317
21.831463,4.555020
22.398477,4.214652
21.823062,3.166307
21.500945,3.570541
22.204939,5.137894
21.610796,5.497180
2.635711,21.144716
3.072570,21.089358
2.198859,21.198936
0.941703,22.767533
21.144006,2.636036
21.089257,3.072754
21.872198,2.284580
21.600611,2.716046
21.198078,2.199120
22.767085,0.942016
22.133045,2.736703
22.669429,2.350445
22.010037,1.354193
21.722748,1.783008
22.553293,3.286857
21.990870,3.693072
2.722981,21.639153
3.130752,21.476121
1.386052,22.077299
1.866469,22.258243
1.412901,22.748413
0.000000,21.860418
0.880269,21.290373
0.532222,21.303961
1.780277,21.735527
1.320392,21.271634
0.653328,22.164965
1.054454,22.367158
0.470372,22.787077
0.000000,22.331773
0.486181,21.746581
1.016497,21.743455
21.289445,0.880461
21.270530,1.320673
22.061688,0.000000
21.303293,0.532189
22.191405,0.683378
22.371348,1.107798
21.759892,0.906355
22.786157,0.469921
22.330279,0.000000
21.793956,0.000000
21.705013,0.451125
22.220518,1.865054
