21.389770,-0.000000
21.315687,1.766385
21.096570,3.520422
20.733916,5.250761
20.229163,6.945108
19.586511,8.591951
18.810050,10.179979
17.905127,11.698582
16.878332,13.136963
15.735121,14.486580
14.486025,15.735671
13.136258,16.879067
11.698027,17.905897
10.179891,18.810491
8.591491,19.586793
6.944776,20.229691
5.250423,20.734432
3.520402,21.097147
1.766242,21.316781
-0.000000,21.390924
-0.000000,22.865843
1.888703,22.786738
3.763818,22.553585
5.613250,22.165590
7.424533,21.626063
9.184851,20.939177
10.882594,20.109172
12.506410,19.142284
14.044382,18.043863
15.485934,16.822686
16.822538,15.485925
18.043663,14.044349
19.141928,12.506367
20.108869,10.882467
20.938951,9.184925
21.625820,7.424363
22.165287,5.612944
22.553056,3.763720
22.786211,1.888145
22.864571,-0.000000
10.939847,18.359665
11.694916,19.627013
10.938730,19.216790
10.560747,18.585221
11.662984,18.713257
11.156104,18.766084
11.319203,18.133160
13.276004,18.594332
11.469387,19.197945
12.101277,19.384643
12.485970,18.251762
11.970799,18.288513
12.209374,18.732723
11.890424,19.045759
11.288819,19.868746
10.034219,20.525547
12.418327,17.393665
12.059298,17.649839
13.170280,17.689361
12.667204,17.783114
12.777751,17.136984
14.765910,17.434513
13.013234,18.187251
13.661057,18.319294
13.950436,17.158350
13.439214,17.238770
12.891345,18.868960
10.154962,19.692416
9.290449,20.083775
13.812329,16.308307
13.475542,16.593875
14.586943,16.541448
14.092935,16.676103
14.149886,16.022770
16.155129,16.155416
14.470439,17.050555
15.126821,17.128745
15.319983,15.947385
14.817148,16.069845
14.405031,17.739901
13.714994,17.660411
10.682255,19.671904
10.459257,20.317627
10.407928,19.233360
9.609312,20.733060
8.304840,21.284084
9.386335,19.200024
9.783526,19.006062
9.613671,19.642369
8.990088,19.394222
9.816001,20.099133
15.111787,15.112125
14.800068,15.424092
15.901838,15.280240
15.421279,15.455234
15.424109,14.800032
17.434064,14.766208
15.829206,15.797074
16.489802,15.820856
16.584200,14.628073
16.093287,14.791497
15.820579,16.489856
15.127325,16.466858
8.505857,20.494260
9.016656,20.506023
8.746087,21.111799
7.605865,20.776534
8.760632,20.038958
8.118936,20.849082
7.864336,21.455646
16.308033,13.812665
16.022716,14.149739
17.109965,13.914912
16.645226,14.128971
16.593895,13.475499
18.593861,13.276310
17.079419,14.436130
17.739884,14.405370
17.735808,13.208692
17.259980,13.411902
17.128513,15.126925
16.434606,15.161900
7.768711,19.909774
8.180220,19.748784
7.977630,20.365939
7.357737,20.070431
8.329280,20.106526
6.518694,21.897315
17.393089,12.418491
17.136879,12.777871
18.200681,12.454547
17.755083,12.706179
17.649926,12.059318
19.626515,11.695338
18.213352,12.976453
18.868866,12.891345
18.765741,11.698711
18.308418,11.940764
18.319010,13.661161
17.630913,13.752894
6.782323,21.119843
7.293495,21.176608
6.972710,21.762131
5.863568,21.334320
7.081431,20.691955
6.370884,21.446891
6.065664,22.031973
18.359028,10.939895
18.133223,11.319374
19.166545,10.908964
18.743498,11.196462
18.585365,10.560732
20.525124,10.034473
19.222576,11.427930
19.868685,11.288867
19.667636,10.109328
19.231878,10.388077
19.384504,12.101669
18.706513,12.249780
6.098095,20.483564
6.521586,20.356865
5.675153,20.609716
4.688101,22.361100
19.199787,9.386473
19.005999,9.783363
20.002079,9.289095
19.604155,9.610509
19.393925,8.989984
21.283683,8.305298
20.100395,9.801691
20.732990,9.609579
20.435278,8.450775
20.024046,8.764556
20.317384,10.459293
19.653672,10.663302
6.264546,20.955588
6.642264,20.728321
5.015189,21.608724
5.519663,21.707139
5.151772,22.263887
4.081645,21.745859
5.348047,21.206411
4.577827,21.900009
4.225683,22.457849
19.909368,7.768942
19.748982,8.180542
20.700910,7.605683
20.330934,7.958789
20.070092,7.357831
21.896880,6.519217
20.841172,8.108463
21.455662,7.864609
21.063385,6.734435
20.679475,7.081036
21.111723,8.745886
20.467235,9.003977
4.385735,20.917335
4.818101,20.826056
3.953749,21.007886
2.825507,22.671578
20.483084,6.098169
20.357140,6.521756
21.258474,5.870232
20.918839,6.252640
20.609267,5.675220
22.360485,4.688485
21.439560,6.359711
22.031934,6.065875
21.547675,4.971987
21.193839,5.349225
21.761792,6.972498
21.140842,7.282988
4.512934,21.401503
4.907682,21.206022
3.213995,21.949394
3.708424,22.089168
3.295683,22.613465
2.272408,22.008294
3.578540,21.575700
2.754084,22.203199
2.356955,22.730104
20.916737,4.385888
20.826153,4.818378
21.670744,4.094316
21.363988,4.503661
21.007031,3.953883
22.671243,2.825740
21.891551,4.567561
22.457532,4.225748
21.884484,3.175217
21.562861,3.580828
22.263477,5.151466
21.670276,5.512316
2.643654,21.208400
3.081809,21.152846
2.205507,21.262765
0.944187,22.827554
21.207687,2.643990
21.152769,3.081997
21.934068,2.291050
21.662980,2.723883
21.261900,2.205776
22.827124,0.944516
22.193972,2.744245
22.729192,2.356622
22.071967,1.358010
21.785310,1.788148
22.612753,3.295558
22.051392,3.703232
2.730816,21.701412
3.139840,21.538483
1.389922,22.139058
1.871575,22.319304
1.416645,22.808403
0.000000,21.922999
0.882911,21.354496
0.533808,21.368095
1.785396,21.798068
1.324350,21.335678
0.655132,22.226681
1.057354,22.428232
0.471589,22.847149
0.000000,22.393046
0.487630,21.809469
1.019429,21.806243
21.353563,0.883110
21.334560,1.324641
22.123684,0.000000
21.367434,0.533773
22.253057,0.685280
22.432383,1.110843
21.822653,0.908972
22.846226,0.471117
22.391525,0.000000
21.856737,0.000000
21.768022,0.452481
22.281680,1.870176
