23.751134,-0.000000
23.667482,1.961318
23.424131,3.908608
23.021185,5.830157
22.460642,7.711490
21.747130,9.540048
20.884965,11.303257
19.880093,12.989352
18.739959,14.586445
17.470717,16.084915
16.083827,17.471751
14.584928,18.741387
12.988150,19.881548
11.303230,20.885602
9.539092,21.747440
7.710840,22.461378
5.829466,23.021709
3.908771,23.424555
1.961151,23.668839
0.000000,23.752471
-0.000000,25.088922
2.073018,25.001724
4.130118,24.746125
6.159289,24.320473
8.146697,23.728578
10.077960,22.974942
11.941037,22.064292
13.722614,21.003303
15.409996,19.797991
16.991657,18.458150
18.458112,16.991340
19.797862,15.409692
21.002904,13.722281
22.063962,11.940530
22.974735,10.077992
23.728399,8.146272
24.320353,6.158613
24.745655,4.130135
25.001718,2.071876
25.087457,0.000000
12.147920,20.387298
12.832925,21.537145
12.071833,21.206974
11.727934,20.636750
12.877379,20.661532
12.339700,20.757414
12.568499,20.135504
14.567877,20.403908
12.632345,21.144304
13.279465,21.270151
13.778797,20.141603
13.238024,20.224321
13.447555,20.632035
13.087358,20.961522
12.386969,21.802533
11.010820,22.523107
13.789538,19.314485
13.391899,19.598079
14.541323,19.530448
14.010684,19.669846
14.188228,19.029612
16.202808,19.131258
14.332747,20.030897
14.991242,20.101373
15.395154,18.934814
14.861582,19.063231
14.145400,20.705472
11.202927,21.723995
10.251584,22.160584
15.337399,18.109045
14.964559,18.425537
16.105061,18.263015
15.587551,18.445261
15.712211,17.792469
17.727220,17.727574
15.937762,18.779076
16.599647,18.794995
16.906492,17.598719
16.385432,17.770690
15.805975,19.466696
15.105375,19.450976
11.763003,21.662530
11.478274,22.294304
11.508595,21.267398
10.543645,22.750905
9.112875,23.355476
10.422805,21.320019
10.863808,21.105037
10.630352,21.719501
9.984108,21.535750
10.810846,22.136022
16.780355,16.780918
16.435189,17.126660
17.556916,16.870728
17.056909,17.094947
17.127012,16.434741
19.130499,16.203267
17.434153,17.398429
18.095218,17.359872
18.301545,16.142803
17.796628,16.357061
17.359448,18.095172
16.660924,18.136466
9.380953,22.602767
9.927598,22.577893
9.598739,23.165525
8.392899,22.925689
9.686543,22.157805
8.941717,22.960872
8.628716,23.543618
18.108671,15.338002
17.792732,15.711557
18.890670,15.363277
18.410668,15.628023
18.425951,14.964047
20.403167,14.568405
18.811098,15.899523
19.466901,15.806581
19.572386,14.576413
19.086745,14.831379
18.794757,16.599742
18.100725,16.699267
8.626548,22.108315
9.082872,21.929211
8.821304,22.519005
8.171370,22.286605
9.218365,22.252298
7.152644,24.028323
19.313501,13.789781
19.029836,14.188248
20.094895,13.750961
19.638181,14.054268
19.598708,13.391659
21.536317,12.833750
20.059906,14.291911
20.705610,14.145230
20.708994,12.910229
20.246173,13.204555
20.101093,14.991410
19.418240,15.147419
7.480612,23.293980
8.030208,23.317009
7.652709,23.879388
6.470246,23.541020
7.829945,22.879955
7.016719,23.619357
6.655056,24.175819
20.386189,12.147914
20.136163,12.568753
21.161381,12.044679
20.731557,12.384459
20.637520,11.727735
22.522475,11.011223
21.171497,12.586459
21.802743,12.386907
21.704324,11.156303
21.267483,11.487559
21.270297,13.280313
20.602916,13.491994
6.771508,22.745407
7.241321,22.604143
6.302953,22.885454
5.143772,24.537190
21.319875,10.422987
21.105261,10.863246
22.083886,10.256202
21.683613,10.630312
21.535315,9.983621
23.354914,9.113794
22.138346,10.795369
22.751119,10.544132
22.551464,9.326013
22.143472,9.692161
22.294182,11.478207
21.646222,11.744791
6.927215,23.171227
7.350905,22.939647
5.531473,23.833102
6.076958,23.900960
5.654596,24.430032
4.504010,23.995174
5.913255,23.448603
5.042003,24.118267
4.636143,24.643033
22.107816,8.626855
21.930187,9.083437
22.855375,8.397595
22.487556,8.803351
22.286194,8.171372
24.027780,7.153909
22.954251,8.930517
23.544058,8.629289
23.244555,7.431977
22.868274,7.830372
23.165863,9.598089
22.542282,9.917207
4.870031,23.227105
5.349636,23.125030
4.391342,23.327583
3.099723,24.877602
22.744858,6.771407
22.605434,7.241560
23.471069,6.481552
23.137757,6.916120
22.884946,6.302897
24.536455,5.144768
23.613215,7.004408
24.176277,6.655559
23.778857,5.486857
23.437095,5.915299
23.879234,7.652066
23.284231,8.021737
4.990388,23.664157
5.431302,23.468320
3.544823,24.208595
4.082505,24.321532
3.617902,24.813887
2.507380,24.284548
3.956796,23.857059
3.033591,24.452073
2.585939,24.942067
23.226522,4.870186
23.126081,5.350107
23.926122,4.520554
23.630399,4.981448
23.326325,4.391520
24.877867,3.100523
24.111025,5.030762
24.643113,4.636300
24.150987,3.503978
23.845084,3.959988
24.429894,5.653832
23.867396,6.071394
2.935843,23.550429
3.421537,23.487832
2.450097,23.610202
1.036095,25.048664
23.549831,2.936477
23.488732,3.421806
24.216666,2.529755
23.961560,3.012775
23.609371,2.450578
25.049154,1.037018
24.444425,3.022846
24.941037,2.585201
24.357260,1.498847
24.091391,1.977639
24.813298,3.617658
24.286975,4.078601
3.019670,23.996133
3.474708,23.836123
1.532904,24.418330
2.060201,24.575022
1.555187,25.028279
0.000000,24.230163
0.980239,23.712571
0.592355,23.726774
1.974163,24.103186
1.469868,23.691106
0.721686,24.504796
1.164500,24.684659
0.516548,25.070190
-0.000000,24.656470
0.540988,24.126762
1.127432,24.120121
23.711808,0.980673
23.689828,1.470499
24.411654,0.000000
23.726651,0.592273
24.529333,0.755481
24.687855,1.223401
24.135976,1.005322
25.069425,0.515366
24.654470,0.000000
24.170731,0.000000
24.089633,0.502419
24.540996,2.059400
