24.207773,-0.000000
24.122354,1.999019
23.874313,3.983694
23.463584,5.942226
22.892253,7.859728
22.165034,9.723430
21.286295,11.520526
20.262097,13.239021
19.100044,14.866809
17.806428,16.394068
16.392885,17.807546
14.865147,19.101594
13.237701,20.263668
11.520510,21.286963
9.722381,22.165359
7.859015,22.893026
5.941464,23.464111
3.983889,23.874715
1.998857,24.123753
0.000000,24.209133
-0.000000,25.521639
2.108879,25.432932
4.201401,25.172957
6.265571,24.739973
8.287267,24.137880
10.251818,23.371244
12.147076,22.444889
13.959375,21.365577
15.675842,20.139467
17.284778,18.776527
18.776512,17.284401
20.139352,15.675489
21.365179,13.958987
22.444553,12.146504
23.371029,10.251849
24.137699,8.286811
24.739874,6.264844
25.172478,4.201463
25.433013,2.107655
25.520174,-0.000000
12.381578,20.779447
13.054459,21.908967
12.291720,21.593193
11.953687,21.033529
13.112983,21.039506
12.569104,21.143353
12.810108,20.522787
14.819361,20.756155
12.858267,21.522410
13.508826,21.637179
14.029696,20.508359
13.483676,20.599572
13.688104,21.001017
13.319972,21.333834
12.600716,22.178976
11.200931,22.911943
14.054751,19.685986
13.649657,19.974880
14.807326,19.887648
14.271085,20.035524
14.461015,19.395676
16.482523,19.461543
14.589082,20.389059
15.250183,20.448269
15.675522,19.279581
15.137314,19.416912
14.389496,21.062982
11.406338,22.118329
10.438117,22.563656
15.632370,18.457339
15.252570,18.779790
16.399601,18.597030
15.877255,18.788164
16.014357,18.134763
18.033252,18.033606
16.222814,19.114870
16.886355,19.119343
17.214380,17.919195
16.689451,18.100402
16.078679,19.802857
15.375504,19.798839
11.973001,22.049286
11.676643,22.679074
11.721982,21.661701
10.725512,23.143708
9.270189,23.758686
10.623275,21.730041
11.072714,21.511015
10.827453,22.122148
10.176370,21.949933
11.004121,22.531719
17.103080,17.103686
16.751450,17.455945
17.878030,17.179303
17.373937,17.412761
17.456349,16.750927
19.460733,16.483005
17.745940,17.709517
18.407732,17.659452
18.634824,16.436767
18.126826,16.660552
17.658999,18.407685
16.958875,18.460829
9.550844,23.012071
10.104609,22.980483
9.764721,23.565297
8.545648,23.342792
9.866043,22.568565
9.101560,23.371133
8.777502,23.950078
18.456940,15.633028
18.135084,16.013616
19.236155,15.644284
18.752857,15.918576
18.780270,15.251962
20.755372,14.819923
19.147504,16.183815
19.803087,16.079332
19.928804,14.841851
19.440868,15.106554
19.119105,16.886462
18.424420,16.997941
8.792481,22.533532
9.257434,22.350941
8.984863,22.936387
8.328746,22.715226
9.390623,22.668069
7.276068,24.443145
19.684934,14.055017
19.395964,14.461015
20.462402,14.002485
20.003174,14.315565
19.975599,13.649366
21.908078,13.055350
20.418627,14.547464
21.063153,14.389303
21.086109,13.145352
20.621809,13.449550
20.447992,15.250377
19.765482,15.418343
7.616172,23.716018
8.173370,23.732901
7.785089,24.291518
6.587992,23.969296
7.975052,23.304111
7.142185,24.041408
6.769783,24.593157
20.778262,12.381571
20.523556,12.810382
21.548403,12.265023
21.116886,12.614723
21.034401,11.953462
22.911274,11.201353
21.550098,12.811524
22.179222,12.600639
22.099565,11.359490
21.662080,11.700700
21.637383,13.509763
20.971347,13.733328
6.901767,23.182867
7.380501,23.038810
6.424390,23.325605
5.232492,24.960794
21.729918,10.623470
21.511278,11.072087
22.487777,10.443831
22.086654,10.827975
21.949453,10.175815
23.758092,9.271175
22.534240,10.988407
23.143960,10.726037
22.962137,9.495873
22.554316,9.871983
22.678978,11.676564
22.033324,11.954895
7.055687,23.600732
7.488206,23.368139
5.631708,24.264896
6.185257,24.327241
5.752490,24.851681
4.585985,24.431722
6.022826,23.883275
5.132174,24.549221
4.716037,25.068420
22.533018,8.792795
22.352052,9.258039
23.273367,8.551232
22.905551,8.967052
22.714786,8.328731
24.442575,7.277462
23.364738,9.090214
23.950578,8.778130
23.667838,7.567349
23.292570,7.975637
23.565715,9.763994
22.945407,10.094625
4.963712,23.673834
5.452425,23.569700
4.475997,23.776240
3.153111,25.307044
23.182305,6.901626
23.040278,7.380756
23.900343,6.600159
23.567825,7.044718
23.325074,6.424314
24.960032,5.233593
24.035474,7.129654
24.593689,6.770337
24.211854,5.586786
23.871945,6.025036
24.291412,7.784365
23.700636,8.165261
5.082953,24.102782
5.532754,23.906694
3.609054,24.647156
4.155204,24.755301
3.680647,25.242203
2.552999,24.726335
4.030126,24.299317
3.087888,24.888981
2.630506,25.372653
23.673255,4.963862
23.570917,5.452925
24.363695,4.603252
24.069674,5.074058
23.774898,4.476188
25.307407,3.154025
24.542194,5.120745
25.068563,4.716199
24.590832,3.567781
24.287486,4.033487
24.851604,5.751641
24.294242,6.180009
2.992362,24.003398
3.487226,23.939465
2.497420,24.064230
1.053982,25.481029
24.002818,2.993043
23.940536,3.487505
24.659542,2.576071
24.407053,3.068779
24.063413,2.497932
25.481695,1.055016
24.881604,3.076970
25.371604,2.629691
24.800763,1.526184
24.538411,2.014377
25.241651,3.680373
24.721290,4.151538
3.075678,24.440963
3.539594,24.281346
1.560692,24.860771
2.096855,25.013332
1.582161,25.460380
-0.000000,24.677534
0.999090,24.168632
0.603722,24.182993
2.010771,24.550040
1.497996,24.146699
0.734603,24.947101
1.185324,25.123164
0.525286,25.502939
-0.000000,25.096263
0.551323,24.575855
1.148354,24.568598
24.167913,0.999565
24.145405,1.498688
24.855726,0.000000
24.182972,0.603633
24.971336,0.769106
25.126212,1.245287
24.584385,1.023976
25.502210,0.523975
25.094213,0.000000
24.619273,0.000000
24.539489,0.512087
24.979928,2.096166
