25.143207,0.000000
25.054231,2.076261
24.796586,4.137529
24.369924,6.171827
23.776496,8.163428
23.021196,10.099125
22.108500,11.965647
21.044712,13.750519
19.837758,15.441192
18.494205,17.027424
17.026060,18.495485
15.439243,19.839541
13.748969,21.046501
11.965653,22.109219
10.097887,23.021548
8.162582,23.777332
6.170913,24.370452
4.137780,24.796946
2.076110,25.055711
0.000000,25.144603
-0.000000,26.410547
2.182535,26.318791
4.347816,26.049820
6.483894,25.601770
8.576032,24.978724
10.608976,24.185382
12.570343,23.226758
14.445765,22.109800
16.221979,20.840968
17.886946,19.430578
19.430615,17.886447
20.840885,16.221529
22.109414,14.445264
23.226413,12.569645
24.185145,10.609013
24.978536,8.575530
25.601712,6.483084
26.049314,4.347991
26.319042,2.181167
26.409111,-0.000000
12.860268,21.582809
13.509564,22.672794
12.742832,22.385550
12.416185,21.846388
13.596291,21.814852
13.039495,21.934698
13.305063,21.316207
15.335992,21.479767
13.321971,22.298468
13.980017,22.391160
14.544446,21.260796
13.987418,21.369063
14.181843,21.758359
13.797492,22.098132
13.039799,22.952311
11.591483,23.710718
14.598086,20.447057
14.177727,20.746808
15.352996,20.620392
14.805044,20.785332
15.019845,20.145622
17.057149,20.140040
15.115208,21.124187
15.782129,21.160890
16.250719,19.986911
15.702740,20.142183
14.890925,21.797425
11.823686,22.927410
10.820813,23.390628
16.236672,19.170880
15.842618,19.505521
17.003812,19.282215
16.471302,19.491282
16.633323,18.836014
18.661938,18.662281
16.807884,19.804084
17.475345,19.785643
17.846041,18.576687
17.312887,18.776515
16.638891,20.493450
15.929967,20.512841
12.404065,22.843143
12.084160,23.469498
12.159580,22.470271
11.099110,23.950648
9.593378,24.586991
11.033979,22.570028
11.500660,22.342733
11.231647,22.947815
10.570256,22.798439
11.400827,23.343885
17.764239,17.764928
17.399368,18.130524
18.536757,17.812297
18.024007,18.064434
18.131026,17.398692
20.139137,17.057667
18.385883,18.348022
19.049728,18.274873
19.318576,17.039864
18.803942,17.282898
18.274360,19.049695
17.570438,19.126595
9.899448,23.851896
10.467966,23.806881
10.105695,24.386539
8.859038,24.198540
10.234143,23.410896
9.429640,24.213202
9.083144,24.785078
19.170429,16.237440
18.836452,16.632416
19.944872,16.220730
19.454520,16.514353
19.506125,15.841810
21.478911,15.336612
19.837978,16.767323
20.493718,16.639632
20.660030,15.386429
20.167046,15.670838
19.785407,17.475484
19.088827,17.610981
9.132440,23.404648
9.615030,23.214928
9.320270,23.792284
8.651166,23.593310
9.743780,23.520493
7.529636,25.295309
20.445880,14.598403
20.146042,15.019805
21.216295,14.518447
20.751595,14.851357
20.747698,14.177330
22.671789,13.510580
21.154901,15.071989
21.797655,14.890691
21.859792,13.627734
21.392101,13.951951
21.160624,15.782386
20.478219,15.974427
7.894328,24.581965
8.467247,24.586592
8.057045,25.138140
6.829564,24.847967
8.272617,24.173908
7.399704,24.907677
7.005464,25.450503
21.581487,12.860263
21.317192,13.305378
22.342326,12.717025
21.907003,13.086880
21.847450,12.415913
23.709982,11.591933
22.327173,13.273471
22.952618,13.039697
22.910436,11.776352
22.471249,12.137779
22.391485,13.981133
21.727575,14.228678
7.168640,24.079064
7.665610,23.929305
6.673182,24.227315
5.414770,25.831004
22.569956,11.034201
22.343068,11.499912
23.316302,10.828722
22.913087,11.233284
22.797857,10.569565
24.586339,9.594483
23.346807,11.384620
23.950969,11.099711
23.804669,9.844361
23.396803,10.240734
23.469458,12.084061
22.827871,12.386143
7.319146,24.481484
7.769695,24.246657
5.837385,25.150859
6.407574,25.202267
5.953602,25.717860
4.754171,25.327368
6.247522,24.774640
5.317245,25.433768
4.880159,25.942302
23.404116,9.132759
23.216308,9.615715
24.130819,8.866390
23.762649,9.302727
23.592806,8.651116
25.294685,7.531282
24.207257,9.417995
24.785691,9.083883
24.536243,7.845081
24.162645,8.273530
24.387128,10.104826
23.772838,10.458781
5.155647,24.589019
5.662988,24.480694
4.649441,24.695378
3.262794,26.189259
24.078483,7.168408
23.931126,7.665902
24.780944,6.843462
24.449675,7.308413
24.226735,6.673069
25.830191,5.416073
24.902157,7.386728
25.451177,7.006113
25.100191,5.791812
24.763657,6.250069
25.138149,8.056156
24.555330,8.459853
5.272776,25.002236
5.740748,24.805477
3.740852,25.547015
4.304442,25.645697
3.809563,26.122071
2.646603,25.632738
4.180506,25.206234
3.199330,25.785757
2.722055,26.257206
24.588460,5.155780
24.482238,5.663543
25.261319,4.772895
24.970400,5.263961
24.693869,4.649661
26.189808,3.263947
25.427171,5.305435
25.942570,4.880318
25.493212,3.698681
25.194685,4.184206
25.717918,5.952587
25.170366,6.402949
3.108159,24.931372
3.621780,24.864723
2.594380,24.994380
1.090725,26.369241
24.930827,3.108926
24.866132,3.622081
25.568058,2.671085
25.320518,3.183626
24.993602,2.594951
26.370261,1.091979
25.778909,3.188062
26.256125,2.721082
25.710656,1.582274
25.455067,2.089719
26.121613,3.809218
25.612744,4.301257
3.190540,25.353138
3.672625,25.194175
1.617735,25.768581
2.172096,25.913050
1.637584,26.348024
-0.000000,25.595040
1.037733,25.102929
0.627042,25.117653
2.085855,25.466375
1.555598,25.080076
0.761106,25.854714
1.228069,26.023340
0.543228,26.391944
-0.000000,25.999022
0.572507,25.496682
1.191247,25.488194
25.102310,1.038283
25.078761,1.556417
25.766835,0.000000
25.117834,0.626943
25.878370,0.797057
26.026110,1.290221
25.503871,1.062209
26.391294,0.541656
25.996899,0.000000
25.539046,0.000000
25.461810,0.531901
25.880857,2.171638
