20.416116,-0.000000
20.346257,1.685999
20.137072,3.360379
19.791026,5.011896
19.309252,6.629163
18.695796,8.201094
17.954677,9.716938
17.091003,11.166526
16.110971,12.539489
15.019730,13.827736
13.827439,15.020042
12.539162,16.111361
11.166263,17.091424
9.716829,17.955012
8.200874,18.696102
6.628991,19.309685
5.011733,19.791519
3.360323,20.137659
1.685924,20.347078
-0.000000,20.416987
-0.000000,21.957299
1.813326,21.881725
3.614084,21.657761
5.390117,21.285158
7.129442,20.767012
8.819947,20.107374
10.450110,19.310303
12.009503,18.381870
13.486444,17.327182
14.870768,16.154501
16.154328,14.870874
17.326972,13.486523
18.381586,12.009567
19.310021,10.450135
20.107098,8.820017
20.766691,7.129407
21.284752,5.390013
21.657208,3.614020
21.881086,1.813120
21.956384,0.000000
10.441822,17.523674
11.229933,18.846479
10.473765,18.400108
10.079589,17.739392
11.164488,17.913455
10.669595,17.947466
10.804134,17.307661
12.748160,17.854910
10.992872,18.400394
11.619900,18.614175
11.955520,17.476307
11.450029,17.492942
11.702077,17.954498
11.400258,18.261175
10.840049,19.078585
9.635180,19.709262
11.853077,16.601758
11.510004,16.846613
12.607527,16.933653
12.115018,17.007554
12.196269,16.356745
14.178832,16.741219
12.472582,17.431845
13.117562,17.591111
13.357660,16.429483
12.854724,16.489031
12.378883,18.118580
9.725064,18.858982
8.896103,19.231670
13.183666,15.565985
12.861785,15.838739
13.963839,15.834831
13.478674,15.948937
13.505780,15.293250
15.512818,15.513028
13.869251,16.342334
14.525070,16.447910
14.669046,15.269856
14.172713,15.370903
13.832609,17.034407
13.145393,16.926802
10.239553,18.856352
10.042897,19.509870
9.955662,18.397426
9.227504,19.908528
7.974733,20.437645
8.959051,18.325984
9.338080,18.140738
9.195909,18.788710
8.580316,18.511295
9.408406,19.264491
14.423958,14.424194
14.126049,14.722186
15.222524,14.627407
14.749033,14.781280
14.722054,14.126170
16.740942,14.179026
15.171633,15.140953
15.833866,15.192010
15.879577,14.006584
15.393339,14.148161
15.191812,15.833999
14.499051,15.782815
8.146973,19.629389
8.643536,19.657328
8.397712,20.272569
7.282971,19.894728
8.380157,19.168227
7.781823,19.983801
7.551989,20.602498
15.565751,13.183884
15.293083,13.505856
16.379073,13.320431
15.919618,13.512838
15.838588,12.861893
17.854603,12.748339
16.369915,13.836547
17.034264,13.832809
16.982248,12.647527
16.509297,12.828604
16.447705,14.525200
15.752038,14.532044
7.415106,19.003365
7.808038,18.849885
7.630960,19.481130
7.022346,19.156741
7.963634,19.224126
6.259713,21.026543
16.601405,11.853225
16.356540,12.196412
17.423170,11.922414
16.981096,12.152099
16.846464,11.510111
18.846146,11.230136
17.456762,12.437471
18.118387,12.378962
17.968364,11.201615
17.512090,11.421431
17.590866,13.117674
16.898673,13.181557
6.495935,20.228044
6.991763,20.299808
6.694902,20.896925
5.614673,20.428922
6.773845,19.792786
6.106270,20.556766
5.824827,21.156005
17.523285,10.441919
17.307490,10.804275
18.347679,10.442769
17.926315,10.708154
17.739243,10.079668
19.708934,9.635317
18.423987,10.953220
19.078386,10.840133
18.831870,9.679720
18.395284,9.936237
18.613954,11.620091
17.929552,11.740827
5.820512,19.551062
6.224809,19.430439
5.416387,19.671507
4.501961,21.471923
18.325702,8.959171
18.140518,9.338108
19.147478,8.892091
18.749364,9.191313
18.510996,8.580364
20.437295,7.974914
19.265289,9.394512
19.908304,9.227640
19.566896,8.091633
19.152984,8.383336
19.509599,10.042968
18.837261,10.220170
5.992270,20.045052
6.350848,19.819028
4.803471,20.696325
5.291424,20.808492
4.946362,21.378717
3.908375,20.822976
5.115792,20.285004
4.387630,20.991138
4.057943,21.564993
19.002995,7.415254
18.849713,7.808216
19.816498,7.280587
19.444425,7.611630
19.156385,7.022449
21.026131,6.259881
19.975278,7.771608
20.602270,7.552102
20.168353,6.448205
19.779933,6.773079
20.272322,8.397693
19.616990,8.629781
4.186124,19.965064
4.598943,19.878335
3.773422,20.051553
2.713471,21.770177
19.550616,5.820604
19.430242,6.224928
20.350248,5.619297
20.006735,5.979903
19.671058,5.416472
21.471379,4.502063
20.548876,6.095548
21.155701,5.824893
20.632173,4.760742
20.271933,5.116579
20.896546,6.694853
20.262620,6.980301
4.316765,20.471658
4.692353,20.275788
3.078341,21.022718
3.555231,21.174718
3.164072,21.714253
2.176060,21.074365
3.423112,20.638164
2.639552,21.281775
2.263354,21.826242
19.964508,4.186226
19.878014,4.599086
20.744980,3.919358
20.432404,4.307263
20.050903,3.773512
21.769637,2.713510
20.982157,4.377765
21.564521,4.057945
20.954512,3.040323
20.624969,3.424989
21.378248,4.946257
20.770071,5.283244
2.523225,20.242809
2.941717,20.190249
2.104736,20.294991
0.906613,21.919901
20.242142,2.523370
20.189798,2.941820
20.997245,2.193088
20.718163,2.605154
20.294256,2.104856
21.919258,0.906700
21.271898,2.630099
21.825501,2.263225
21.134352,1.300226
20.837649,1.710285
21.713609,3.164007
21.135449,3.549471
2.612163,20.758333
3.002151,20.593696
1.331372,21.204057
1.794313,21.395267
1.360026,21.901205
0.000000,20.975100
0.842885,20.382219
0.509807,20.395686
1.707868,20.850715
1.264345,20.364645
0.627824,21.292402
1.013477,21.504034
0.453164,21.938727
-0.000000,21.465755
0.465678,20.856719
0.975005,20.855059
20.381420,0.842961
20.363799,1.264457
21.185104,0.000000
20.394970,0.509801
21.319867,0.656482
21.508863,1.064794
20.871987,0.869300
21.937929,0.453012
21.464750,0.000000
20.905758,0.000000
20.813451,0.431919
21.356082,1.792660
