28.855580,0.000000
28.753100,2.382983
28.457410,4.748297
27.967634,7.083294
27.286540,9.369053
26.419774,11.590489
25.372301,13.732589
24.151383,15.780960
22.766200,17.721226
21.224450,19.541509
19.539557,21.226228
17.718279,22.768754
15.778624,24.153843
13.732700,25.373121
11.588504,26.420253
9.367641,27.287574
7.081719,27.968175
4.748636,28.457706
2.382896,28.754903
-0.000000,28.857115
-0.000000,29.965953
2.476985,29.862518
4.933223,29.557462
7.357017,29.049139
9.730971,28.342242
12.037582,27.442054
14.263383,26.354295
16.391409,25.086694
18.406579,23.647027
20.295684,22.046852
22.047118,20.294701
23.647074,18.405815
25.086436,16.390482
26.353915,14.262303
27.441652,12.037771
28.341947,9.730510
29.049144,7.356126
29.556696,4.934053
29.863258,2.475338
29.964862,-0.000000
14.760447,24.771473
15.330068,25.728031
14.540477,25.543182
14.252038,25.072918
15.521725,24.903591
14.911268,25.083405
15.269492,24.465720
17.402602,24.374104
15.172167,25.394994
15.864913,25.407003
16.595856,24.259428
15.992309,24.431494
16.152049,24.780341
15.703684,25.149245
14.795924,26.045748
13.153769,26.905703
16.754837,23.467977
16.273919,23.810798
17.526884,23.539543
16.929849,23.768842
17.237816,23.122522
19.355698,22.853954
17.214487,24.057424
17.909926,24.011307
18.542912,22.805840
17.953134,23.028727
16.896419,24.735305
13.487201,26.152518
12.345964,26.686629
18.635427,22.003255
18.184808,22.386098
19.410960,22.011925
18.835253,22.289088
19.089902,21.619659
21.176726,21.176898
19.142345,22.554101
19.831309,22.450736
20.363280,21.196928
19.794158,21.467362
18.879654,23.255965
18.142553,23.361905
14.124521,26.011178
13.714266,26.631116
13.901435,25.688374
12.593388,27.178508
10.886370,27.900099
12.664321,25.904171
13.198982,25.644281
12.840449,26.233812
12.133784,26.166332
12.983789,26.584513
20.388703,20.389622
19.971239,20.808051
21.161116,20.334008
20.610823,20.657541
20.808768,19.970049
22.852758,19.356290
20.939303,20.895709
21.617667,20.736449
22.043403,19.443341
21.498844,19.759781
20.735684,21.617868
20.010851,21.783177
11.289307,27.199872
11.918242,27.105239
11.469510,27.671426
10.108050,27.609097
11.699291,26.763539
10.738750,27.573239
10.305607,28.125187
22.002598,18.636622
21.620473,19.088500
22.768342,18.517211
22.246644,18.885060
22.387039,18.183240
24.373082,17.403338
22.593009,19.095597
23.256219,18.880681
23.574062,17.556721
23.057201,17.916669
22.450519,19.831680
21.740093,20.057186
10.482071,26.862373
11.034203,26.644520
10.655235,27.198720
9.931020,27.078605
11.148458,26.911237
8.544107,28.703900
23.466416,16.755381
23.123411,17.237664
24.219767,16.573931
23.729765,16.983416
23.812166,16.273147
25.726613,15.331473
24.092672,17.164929
24.735617,16.896116
24.942994,15.550157
24.457822,15.951528
24.011077,17.910527
23.322328,18.193375
9.003262,28.034004
9.640269,27.993759
9.144882,28.524462
7.792324,28.349904
9.456992,27.635803
8.427236,28.364277
7.948152,28.879983
24.769811,14.760466
24.467427,15.270009
25.505239,14.517697
25.051063,14.965712
25.074456,14.251690
26.904791,13.154234
25.427719,15.116723
26.046126,14.795795
26.141825,13.437665
25.691660,13.877376
25.407820,15.866701
24.745231,16.205284
8.228149,27.636330
8.797027,27.464145
7.660785,27.806433
6.144091,29.311833
25.904399,12.664654
25.644730,13.197884
26.617034,12.362023
26.201655,12.846127
26.165204,12.132616
27.899282,10.887719
26.588978,12.965583
27.178919,12.594252
27.162256,11.233195
26.749819,11.708407
26.631288,13.714158
25.998395,14.106941
8.367783,27.986770
8.889295,27.741348
6.657419,28.682700
7.294985,28.694655
6.758092,29.182415
5.424452,28.896975
7.141875,28.322441
6.055647,28.963363
5.536603,29.437932
26.861865,10.482339
26.646835,11.035190
27.546827,10.121847
27.173209,10.638531
27.077734,9.930853
28.703070,8.546597
27.568927,10.725902
28.126057,10.306754
27.996933,8.951910
27.625465,9.459236
27.672716,11.468249
27.074562,11.911882
5.917675,28.221655
6.498586,28.096940
5.338011,28.343713
3.701615,29.718270
27.635733,8.227507
27.467212,8.797487
28.289171,7.812708
27.958710,8.357770
27.805599,7.660613
29.310840,6.146065
28.360256,8.412535
28.881052,7.949080
28.640364,6.608983
28.312555,7.145747
28.525049,9.143402
27.965850,9.635396
6.028312,28.582002
6.568022,28.380812
4.266295,29.134344
4.900164,29.199414
4.325412,29.641327
3.019725,29.245300
4.779101,28.815865
3.643951,29.364247
3.088209,29.795400
28.221231,5.917679
28.099629,6.499269
28.837359,5.448699
28.554502,6.019713
28.341528,5.338393
29.719346,3.703786
28.958305,6.042334
29.438561,5.536606
29.089267,4.220328
28.805215,4.784091
29.183078,6.756486
28.666404,7.292568
3.567884,28.614819
4.155657,28.537601
2.979330,28.686512
1.237660,29.922195
28.614345,3.568920
28.540172,4.156034
29.187624,3.049577
28.955153,3.640798
28.685916,2.980073
29.924427,1.239710
29.359148,3.631331
29.794194,3.086563
29.336709,1.805899
29.103069,2.389664
29.641382,4.324644
29.169939,4.898820
3.647767,28.983475
4.201782,28.825432
1.845410,29.387538
2.472423,29.504001
1.859404,29.898375
0.000000,29.248048
1.191353,28.811388
0.719958,28.827965
2.384869,29.113390
1.783935,28.785236
0.866770,29.473757
1.398646,29.616811
0.614956,29.948101
0.000000,29.602143
0.656694,29.160505
1.361821,29.147422
28.811150,1.192121
28.783871,1.785289
29.398303,0.000000
28.828785,0.719810
29.495484,0.908448
29.618661,1.469580
29.162878,1.214166
29.947692,0.612410
29.599930,0.000000
29.199492,0.000000
29.130733,0.610608
29.475831,2.472891
