20.238230,-0.000000
20.169162,1.671308
19.961777,3.331132
19.618754,4.968248
19.141168,6.571433
18.533042,8.129681
17.798386,9.632348
16.942261,11.069337
15.970786,12.430355
14.889048,13.707394
13.707141,14.889326
12.430098,15.971125
11.069129,16.942635
9.632238,17.798728
8.129517,18.533387
6.571304,19.141612
4.968132,19.619260
3.331084,19.962364
1.671256,20.169906
0.000000,20.239011
0.000000,21.791873
1.799596,21.716964
3.586819,21.494681
5.349497,21.124886
7.075724,20.610633
8.753522,19.955954
10.371379,19.164879
11.919049,18.243452
13.384885,17.196735
14.758796,16.032885
16.032701,14.758926
17.196513,13.384984
18.243168,11.919127
19.164577,10.371423
19.955635,8.753579
20.610263,7.075708
21.124437,5.349432
21.494119,3.586772
21.716326,1.799469
21.791066,0.000000
10.350842,17.370944
11.145286,18.704391
10.388981,18.251189
9.991692,17.584865
11.073578,17.767593
10.580824,17.798088
10.710040,17.156854
12.652074,17.720315
10.906032,18.255048
11.532272,18.473922
11.858801,17.334915
11.355014,17.347788
11.609631,17.812680
11.310951,18.118224
10.758350,18.934746
9.562538,19.560660
11.749823,16.457090
11.409667,16.699876
12.504905,16.795846
12.014268,16.866043
12.090047,16.214215
14.071970,16.615027
12.374058,17.294190
13.018628,17.458563
13.249581,16.296597
12.748090,16.352252
12.285592,17.981991
9.646683,18.707024
8.824200,19.076297
13.068829,15.430388
12.749676,15.700795
13.850214,15.705983
13.366605,15.816267
13.388117,15.159993
15.395903,15.396101
13.759701,16.213284
14.415537,16.323985
14.550363,15.146333
14.055144,15.243394
13.728411,16.905998
13.041601,16.793125
10.158884,18.707733
9.967103,19.362821
9.873148,18.244904
9.157997,19.758427
7.914644,20.283553
8.880992,18.166304
9.256697,17.982653
9.119691,18.632952
8.505457,18.349991
9.334128,19.112382
14.298309,14.298535
14.002926,14.593971
15.098647,14.508367
14.626380,14.658322
14.593801,14.003083
16.614774,14.072143
15.051807,15.021397
15.714470,15.077547
15.751102,13.893275
15.265638,14.030798
15.077360,15.714626
14.384569,15.658174
8.081546,19.471706
8.575548,19.502678
8.334296,20.119789
7.224097,19.733939
8.310740,19.009358
7.720388,19.826112
7.495128,20.447191
15.430148,13.069031
15.159794,13.388240
16.245784,13.212027
15.787222,13.400427
15.700599,12.749812
17.720027,12.652225
16.240622,13.727291
16.905819,13.728584
16.844840,12.545212
16.372331,12.722191
16.323778,14.415677
15.627660,14.417276
7.350510,18.837771
7.740043,18.685666
7.567713,19.319692
6.961078,18.989816
7.896900,19.063084
6.212571,20.868024
16.456765,11.749971
16.213978,12.090196
17.281367,11.825373
16.839862,12.051005
16.699663,11.409790
18.704070,11.145438
17.318876,12.339251
17.981765,12.285681
17.822951,11.110973
17.366782,11.326680
17.458315,13.018742
16.765236,13.077446
6.443725,20.065451
6.936784,20.140033
6.644332,20.739414
5.569292,20.263832
6.717727,19.628726
6.058048,20.394550
5.780984,20.996543
17.370580,10.350949
17.156620,10.710175
18.198318,10.357743
17.777182,10.619052
17.584635,9.991786
19.560322,9.562640
18.278431,10.866703
18.934497,10.758430
18.679442,9.601376
18.242613,9.853791
18.473669,11.532419
17.787952,11.648077
5.769804,19.380701
6.170588,19.261193
5.369119,19.500105
4.468077,21.310051
18.165982,8.881104
17.982372,9.256757
18.991588,8.819679
18.593356,9.114814
18.349655,8.505525
20.283179,7.914760
19.113065,9.320296
19.758143,9.158095
19.408515,8.026136
18.994017,8.313770
19.362520,9.967170
18.688454,10.139406
5.942596,19.878918
6.297664,19.653082
4.764876,20.529975
5.249837,20.644738
4.908971,21.217571
3.876784,20.654693
5.073418,20.116887
4.352968,20.825504
4.027403,21.402453
18.837376,7.350630
18.685392,7.740181
19.655171,7.221289
19.282627,7.548274
18.989424,6.961169
20.867587,6.212669
19.817439,7.710209
20.446881,7.495202
20.005116,6.396005
19.615772,6.716880
20.119480,8.334299
19.462008,8.561577
4.149663,19.791086
4.558906,19.705196
3.740486,19.876834
2.693073,21.606073
19.380236,5.769884
19.260879,6.170685
20.184589,5.573527
19.840272,5.930126
19.499632,5.369193
21.309508,4.468129
20.386526,6.047400
20.996161,5.781020
20.465218,4.722219
20.103702,5.074124
20.739003,6.644308
20.102541,6.925132
4.280978,20.301998
4.653056,20.106020
3.053612,20.853759
3.527319,21.008077
3.140114,21.550542
2.158497,20.904061
3.394755,20.467097
2.618679,21.113845
2.246309,21.661686
19.790530,4.149741
19.704783,4.559010
20.576134,3.887447
20.262400,4.271419
19.876218,3.740555
21.605503,2.693086
20.816412,4.343175
21.401943,4.027397
20.784932,3.015725
20.453834,3.396549
21.217077,4.908905
20.605997,5.241493
2.501228,20.066390
2.916124,20.014384
2.086334,20.118175
0.899769,21.754643
20.065744,2.501324
20.013870,2.916198
20.826403,2.175223
20.545755,2.583488
20.117485,2.086414
21.753996,0.899815
21.103855,2.609297
21.660995,2.246227
20.963392,1.289690
20.664745,1.696078
21.549918,3.140068
20.968519,3.521452
2.590520,20.586247
2.977025,20.421263
1.320704,21.033564
1.780234,21.226870
1.349715,21.736030
0.000000,20.802144
0.835582,20.204566
0.505433,20.218016
1.693726,20.677846
1.253386,20.187232
0.622844,21.122057
1.005482,21.335613
0.449804,21.773331
0.000000,21.296751
0.461671,20.682830
0.966897,20.681471
20.203827,0.835630
20.186469,1.253457
21.013980,0.000000
20.217325,0.505431
21.149768,0.651232
21.340609,1.056408
20.698537,0.862055
21.772592,0.449715
21.295889,0.000000
20.732245,0.000000
20.639249,0.428164
21.187409,1.778535
