20.579528,-0.000000
20.508947,1.699494
20.298103,3.387243
19.949274,5.051989
19.463648,6.682193
18.845294,8.266696
18.098241,9.794651
17.227638,11.255818
16.239752,12.639757
15.139786,13.938304
13.937961,15.140140
12.639364,16.240203
11.255503,17.228120
9.794543,18.098593
8.266430,18.845590
6.681988,19.464095
5.051790,19.949774
3.387186,20.298699
1.699401,20.509837
-0.000000,20.580476
-0.000000,22.109429
1.825950,22.033251
3.639156,21.807743
5.427475,21.432561
7.178846,20.910836
8.881037,20.246638
10.522517,19.444052
12.092693,18.509179
13.579849,17.447163
14.973751,16.266362
16.266191,14.973840
17.446954,13.579911
18.508880,12.092743
19.443769,10.522521
20.246376,8.881114
20.910534,7.178790
21.432174,5.427335
21.807187,3.639080
22.032610,1.825678
22.108421,-0.000000
10.525404,17.663987
11.307780,18.977160
10.551700,18.537001
10.160341,17.881356
11.248051,18.047532
10.751179,18.084751
10.890579,17.446210
12.836530,17.978704
11.072710,18.534026
11.700491,18.743170
12.044427,17.606285
11.537352,17.626350
11.787071,18.084889
11.482371,18.392614
10.915185,19.210877
9.701987,19.845932
11.947939,16.734668
11.602187,16.981424
12.701857,17.060331
12.207612,17.137612
12.293856,16.487694
14.277115,16.857287
12.563164,17.558410
13.208551,17.713023
13.457012,16.551646
12.952728,16.614748
12.464681,18.244207
9.797115,18.998673
8.962199,19.374495
13.289168,15.690566
12.964784,15.965474
14.068283,15.953276
13.581674,16.070874
13.613878,15.415682
15.620347,15.620573
13.969973,16.460990
14.625809,16.561892
14.778144,15.383413
14.280767,15.488100
13.928440,17.152514
13.240821,17.049712
10.313721,18.992996
10.112604,19.645112
10.031497,18.537605
9.291428,20.046577
8.029997,20.579362
9.030762,18.472683
9.412843,18.285972
9.265959,18.931862
8.649088,18.659486
9.476696,19.404339
14.539391,14.539645
14.239163,14.839985
15.336390,14.736837
14.861757,14.894293
14.839878,14.239260
16.856978,14.277330
15.281801,15.250879
15.943676,15.297288
15.997675,14.110749
15.510703,14.256033
15.297074,15.943795
14.604307,15.897418
8.207117,19.774343
8.706045,19.799518
8.456036,20.413080
7.337090,20.042532
8.443955,19.314238
7.838304,20.128780
7.604282,20.745336
15.690326,13.289408
15.415532,13.613917
16.501587,13.420079
16.041292,13.616155
15.965352,12.964870
17.978367,12.836734
16.488785,13.937002
17.152393,13.928667
17.108552,12.741582
16.635172,12.926410
16.561680,14.625935
15.866391,14.637568
7.474450,19.155496
7.870505,19.000754
7.689089,19.629502
7.078634,19.310094
8.024959,19.372122
6.303069,21.172334
16.734275,11.948090
16.487504,12.293998
17.553504,12.011614
17.110887,12.245012
16.981315,11.602282
18.976799,11.308026
17.583525,12.527775
18.244031,12.464749
18.102018,11.284935
17.645624,11.508514
17.712768,13.208662
17.021350,13.277279
6.543931,20.377511
7.042311,20.446708
6.741410,21.041786
5.656388,20.580680
6.825421,19.943567
6.150604,20.705907
5.865148,21.302663
17.663556,10.525494
17.446079,10.890726
18.484952,10.520920
18.063356,10.790041
17.881260,10.160405
19.845590,9.702151
18.557794,11.032760
19.210703,10.915267
18.971965,9.751732
18.535576,10.012007
18.742961,11.700719
18.059728,11.826101
5.867097,19.707573
6.274620,19.585926
5.459813,19.828974
4.533123,21.620795
18.472413,9.030889
18.285783,9.412841
19.290746,8.958646
18.892717,9.261614
18.659193,8.649114
20.579009,8.030232
19.405220,9.462740
20.046384,9.291592
19.712459,8.151834
19.299060,8.447265
19.644846,10.112674
18.974053,10.294419
6.037923,20.197739
6.399722,19.971531
4.838952,20.849245
5.329659,20.959051
4.980750,21.526921
3.937415,20.977666
5.154736,20.439513
4.419497,21.143420
4.086028,21.714480
19.155124,7.474619
19.000650,7.870713
19.964763,7.335089
19.593098,7.669851
19.309747,7.078741
21.171920,6.303301
20.120368,7.828052
20.745156,7.604427
20.318380,6.496185
19.930781,6.824723
20.412866,8.455990
19.759456,8.692481
4.219622,20.124894
4.635724,20.037396
3.803682,20.212063
2.732229,21.921099
19.707121,5.867194
19.585812,6.274754
20.502499,5.661364
20.159696,6.025644
19.828526,5.459902
21.620235,4.533273
20.698116,6.139810
21.302407,5.865241
20.785626,4.796151
20.426527,5.155594
21.041415,6.741337
20.409771,7.031018
4.349657,20.627583
4.728466,20.431804
3.101074,21.178034
3.580895,21.327927
3.186106,21.864812
2.192206,21.230909
3.449173,20.795382
2.658743,21.436164
2.279028,21.977578
20.124323,4.219740
20.037143,4.635898
20.900165,3.948687
20.588626,4.340201
20.211371,3.803785
21.920579,2.732296
21.134524,4.409566
21.714028,4.086040
21.110383,3.062934
20.782238,3.451124
21.526457,4.980610
20.920900,5.321625
2.543434,20.404879
2.965229,20.351811
2.121644,20.457425
0.912906,22.071877
20.404187,2.543619
20.351411,2.965353
21.154273,2.209509
20.876599,2.625065
20.456647,2.121796
22.071243,0.913031
21.426384,2.649223
21.976788,2.278860
21.291497,1.309912
20.996548,1.723342
21.864141,3.186027
21.288909,3.575232
2.632056,20.916483
3.025242,20.752156
1.341180,21.360776
1.807257,21.550087
1.369508,22.053106
0.000000,21.134051
0.849597,20.545418
0.513828,20.558902
1.720866,21.009584
1.274414,20.527626
0.632401,21.448990
1.020827,21.658878
0.456252,22.090832
0.000000,21.621129
0.469360,21.016515
0.982456,21.014583
20.544567,0.849696
20.526706,1.274561
21.342405,0.000000
20.558167,0.513817
21.476236,0.661308
21.663560,1.072505
21.031390,0.875957
22.089984,0.456045
21.620001,0.000000
21.065217,0.000000
20.973533,0.435369
21.511151,1.805647
