22.439760,-0.000000
22.361321,1.853058
22.131437,3.693010
21.750857,5.508360
21.221298,7.285841
20.547143,9.013478
19.732575,10.679385
18.783203,12.272449
17.706010,13.781395
16.506763,15.197196
15.196402,16.507528
13.780323,17.707057
12.271604,18.784284
10.679330,19.733096
9.012795,20.547409
7.285369,21.221904
5.507868,21.751356
3.693072,22.131920
1.852892,22.362528
0.000000,22.441000
-0.000000,23.851108
1.970410,23.768338
3.926180,23.525241
5.855257,23.120560
7.744593,22.557831
9.580657,21.841370
11.351681,20.975634
13.045400,19.967048
14.649588,18.821243
16.153232,17.547475
17.547382,16.153080
18.821083,14.649425
19.966672,13.045224
20.975334,11.351374
21.841185,9.580707
22.557652,7.744290
23.120374,5.854764
23.524780,3.926107
23.768070,1.969556
23.849719,0.000000
11.476973,19.261194
12.199260,20.473559
11.441684,20.100163
11.079689,19.497366
12.202089,19.578155
11.681793,19.650539
11.874680,19.023417
13.848538,19.396311
11.985318,20.061417
12.623419,20.220275
13.059803,19.090583
12.533588,19.148225
12.758661,19.575307
12.421322,19.895490
11.775527,20.725757
10.467032,21.410844
13.027982,18.247691
12.651771,18.516060
13.778915,18.506649
13.263894,18.621097
13.404885,17.978458
15.402715,18.186486
13.598618,19.005143
14.250572,19.109087
14.591696,17.946832
14.070897,18.049013
13.447147,19.682856
10.620074,20.594068
9.717051,21.005547
14.490391,17.108921
14.137558,17.408263
15.260866,17.305675
14.756740,17.461850
14.844547,16.809582
16.851852,16.852176
15.121393,17.817378
15.779549,17.867204
16.024175,16.680333
15.513631,16.825197
15.025915,18.505160
14.331786,18.454740
11.161662,20.554957
10.910864,21.193671
10.896721,20.136686
10.023410,21.627328
8.662927,22.202098
9.847161,20.142606
10.263874,19.939277
10.065170,20.564842
9.432036,20.346382
10.257337,21.002762
15.853652,15.854081
15.527056,16.181084
16.636559,15.986287
16.147724,16.183490
16.181270,15.526825
18.185897,15.403090
16.541216,16.507485
17.201299,16.502927
17.346466,15.300393
16.849754,15.486766
16.502591,17.201279
15.807656,17.207530
8.894206,21.430009
9.420730,21.425061
9.123965,22.021985
7.955185,21.730427
9.171825,20.979928
8.483946,21.785922
8.203108,22.380982
17.108620,14.490835
16.809680,14.844155
17.900457,14.557862
17.429327,14.794753
17.408480,14.137309
19.395719,13.848950
17.847653,15.085332
18.505272,15.026374
18.550998,13.815756
18.071263,14.042291
17.866976,15.779629
17.173727,15.843905
8.150099,20.887275
8.581576,20.718213
8.352299,21.322115
7.719478,21.055778
8.724238,21.059690
6.799631,22.841741
18.246932,13.028166
17.978508,13.404957
19.041566,13.030048
18.591441,13.304908
18.516415,12.651673
20.472922,12.199872
19.032552,13.560028
19.682888,13.447059
19.628289,12.236447
19.168997,12.502011
19.108810,14.250684
18.423807,14.371532
7.092215,22.084724
7.620277,22.126059
7.274062,22.700481
6.132837,22.313747
7.413846,21.663644
6.657396,22.410644
6.326879,22.982068
19.260344,11.476980
19.023764,11.874879
20.052109,11.413131
19.626486,11.724094
19.497823,11.079577
21.410341,10.467362
20.087200,11.941890
20.725847,11.775519
20.571667,10.574035
20.135926,10.876359
20.220271,12.624010
19.547800,12.800850
6.397490,21.489208
6.841618,21.356006
5.954265,21.621533
4.890026,23.325497
20.142426,9.847310
19.939374,10.263514
20.926260,9.718418
20.527744,10.063443
20.346062,9.431754
22.201646,8.663615
21.004523,10.242521
21.627417,10.023778
21.374592,8.839254
20.965323,9.176509
21.193493,10.910846
20.537625,11.143078
6.558827,21.939559
6.957057,21.710582
5.244300,22.595898
5.766857,22.680273
5.374600,23.223899
4.269106,22.744198
5.599055,22.202155
4.783754,22.884068
4.407601,23.426261
20.886843,8.150372
20.718792,8.582012
21.657341,7.957236
21.288796,8.333887
21.055441,7.719530
22.841285,6.800499
21.778631,8.473155
22.381230,8.203519
22.031543,7.044044
21.651555,7.413817
22.022110,9.123553
21.387794,9.409109
4.601046,21.944289
5.054445,21.848175
4.148286,22.039243
2.947027,23.649230
21.488718,6.397495
21.356774,6.841815
22.240702,6.141607
21.904371,6.547318
21.621091,5.954276
23.324852,4.890697
22.403887,6.645716
22.982296,6.327227
22.538021,5.200507
22.190107,5.600621
22.700229,7.273658
22.091714,7.610711
4.724962,22.406348
5.140286,22.210916
3.360803,22.952014
3.874347,23.079401
3.438462,23.588675
2.376680,23.018578
3.746521,22.588846
2.878084,23.200835
2.458447,23.710401
21.943715,4.601207
21.848737,5.054818
22.671966,4.283529
22.370611,4.715862
22.038233,4.148435
23.649200,2.947505
22.876193,4.773053
23.426155,4.407720
22.890513,3.321138
22.576435,3.749220
23.223620,5.374085
22.644981,5.760335
2.773557,22.249696
3.232877,22.190980
2.314235,22.306450
0.984924,23.811913
22.249056,2.774041
22.191376,3.233109
22.947345,2.397009
22.683907,2.852182
22.305606,2.314611
23.811904,0.985521
23.192365,2.867839
23.709448,2.457929
23.086321,1.420518
22.809483,1.872297
23.588021,3.438289
23.043163,3.869741
2.859081,22.720511
3.288590,22.559077
1.453340,23.150608
1.955244,23.319895
1.478041,23.792240
0.000000,22.947487
0.926151,22.402944
0.559789,22.416764
1.869212,22.821777
1.389064,22.382894
0.684672,23.237616
1.104877,23.429076
0.491533,23.832355
0.000000,23.397079
0.511337,22.838727
1.067410,22.833929
22.402083,0.926461
22.381699,1.389513
23.139171,0.000000
22.416356,0.559728
23.263124,0.716438
23.432771,1.160753
22.850058,0.951790
23.831505,0.490736
23.395304,0.000000
22.884444,0.000000
22.799295,0.474673
23.283969,1.954115
