20.230691,-0.000000
20.161658,1.670684
19.954348,3.329890
19.611453,4.966395
19.134044,6.568983
18.526143,8.126650
17.791760,9.628757
16.935956,11.065211
15.964843,12.425722
14.883508,13.702284
13.702040,14.883775
12.425473,15.965169
11.065009,16.936315
9.628651,17.792089
8.126490,18.526474
6.568857,19.134470
4.966282,19.611941
3.329843,19.954915
1.670634,20.162377
0.000000,20.231447
-0.000000,21.784846
1.799013,21.709965
3.585663,21.487755
5.347774,21.118079
7.073446,20.603992
8.750705,19.949524
10.368041,19.158704
11.915214,18.237576
13.380580,17.191199
14.754050,16.027724
16.027547,14.754175
17.190985,13.380676
18.237304,11.915290
19.158416,10.368083
19.949218,8.750761
20.603637,7.073431
21.117648,5.347711
21.487212,3.585617
21.709349,1.798890
21.784065,-0.000000
10.346984,17.364456
11.141698,18.698359
10.385386,18.244864
9.987964,17.578300
11.069723,17.761399
10.577059,17.791744
10.706049,17.150448
12.648001,17.714601
10.902350,18.248876
11.528557,18.467968
11.854700,17.328912
11.350986,17.341624
11.605712,17.806659
11.307165,18.112155
10.754886,18.928640
9.559457,19.554350
11.745444,16.450946
11.405412,16.693643
12.500554,16.789995
12.009996,16.860034
12.085542,16.208161
14.067441,16.609671
12.369881,17.288346
13.014435,17.452937
13.244999,16.290955
12.743569,16.346444
12.281637,17.976193
9.643359,18.700570
8.821150,19.069698
13.063959,15.424629
12.744922,15.694936
13.845397,15.700513
13.361853,15.810633
13.383128,15.154334
15.390948,15.391139
13.755057,16.207806
14.410895,16.318726
14.545332,15.141089
14.050160,15.237981
13.723994,16.900548
13.037201,16.787451
10.155463,18.701422
9.963889,19.356578
9.869649,18.238425
9.155049,19.752054
7.912096,20.277010
8.877681,18.159520
9.253245,17.975937
9.116458,18.626336
8.502282,18.343138
9.330979,19.105923
14.292982,14.293199
13.997705,14.588526
15.093396,14.503313
14.621180,14.653101
14.588363,13.997856
16.609427,14.067608
15.046728,15.016322
15.709410,15.072690
15.745656,13.888465
15.260225,14.025816
15.072510,15.709560
14.379717,15.652883
8.078771,19.465009
8.572665,19.496110
8.331607,20.113301
7.221600,19.727109
8.307796,19.002610
7.717783,19.819415
7.492716,20.440596
15.424399,13.064154
15.154143,13.383246
16.240134,13.207426
15.781610,13.395655
15.694748,12.745053
17.714325,12.648147
16.235142,13.722654
16.900377,13.724162
16.839017,12.540869
16.366525,12.717674
16.318527,14.411030
15.622388,14.412405
7.347770,18.830735
7.737158,18.678689
7.565030,19.312835
6.958479,18.982724
7.894069,19.056243
6.210572,20.861292
16.450633,11.745587
16.207934,12.085686
17.275357,11.821254
16.833876,12.046714
16.693440,11.405530
18.698050,11.141845
17.313033,12.335083
17.975976,12.281724
17.816788,11.107126
17.360623,11.322658
17.452699,13.014545
16.759581,13.073028
6.441510,20.058544
6.934453,20.133247
6.642188,20.732725
5.567367,20.256819
6.715347,19.621757
6.056003,20.387660
5.779124,20.989771
17.364106,10.347087
17.150224,10.706180
18.191988,10.354135
17.770861,10.615270
17.578080,9.988055
19.554026,9.559557
18.272263,10.863032
18.928401,10.754964
18.672983,9.598051
18.236142,9.850292
18.467726,11.528700
17.781951,11.644141
5.767653,19.373462
6.168288,19.254002
5.367114,19.492821
4.466640,21.303176
18.159212,8.877790
17.975669,9.253304
18.984982,8.816606
18.586744,9.111567
18.342816,8.502348
20.276651,7.912209
19.106615,9.317147
19.751782,9.155145
19.401804,8.023357
18.987280,8.310817
19.356289,9.963954
18.682149,10.135979
5.940489,19.871860
6.295408,19.646032
4.763239,20.522908
5.248073,20.637783
4.907385,21.210726
3.875444,20.647544
5.071620,20.109745
4.351498,20.818468
4.026108,21.395549
18.830356,7.347887
18.678427,7.737293
19.648335,7.218772
19.275771,7.545585
18.982347,6.958568
20.860871,6.210666
19.810752,7.707604
20.440299,7.492788
19.998200,6.393790
19.608816,6.714495
20.113005,8.331610
19.455441,8.558683
4.148116,19.783693
4.557208,19.697839
3.739089,19.869410
2.692207,21.599102
19.373015,5.767731
19.253700,6.168383
20.177570,5.571585
19.833219,5.928014
19.492366,5.367186
21.302652,4.466690
20.379648,6.045358
20.989403,5.779159
20.458144,4.720585
20.096573,5.072322
20.732330,6.642164
20.095760,6.922791
4.279460,20.294790
4.651389,20.098807
3.052563,20.846581
3.526135,21.000998
3.139098,21.543588
2.157752,20.896825
3.393552,20.459828
2.617793,21.106711
2.245586,21.654696
19.783156,4.148192
19.697441,4.557309
20.568981,3.886094
20.255197,4.269898
19.868815,3.739156
21.598553,2.692220
20.809391,4.341708
21.395058,4.026101
20.777748,3.014682
20.446583,3.395342
21.210251,4.907322
20.599046,5.239722
2.500295,20.058893
2.915039,20.006911
2.085554,20.110661
0.899479,21.747624
20.058269,2.500388
20.006414,2.915110
20.819166,2.174466
20.538451,2.582569
20.109994,2.085631
21.746997,0.899523
21.096738,2.608415
21.654028,2.245506
20.956151,1.289243
20.657420,1.695475
21.542986,3.139052
20.961448,3.520263
2.589602,20.578936
2.975959,20.413937
1.320251,21.026320
1.779637,21.219716
1.349277,21.729013
0.000000,20.794795
0.835273,20.197016
0.505247,20.210466
1.693126,20.670500
1.252921,20.179693
0.622632,21.114819
1.005142,21.328458
0.449661,21.766305
0.000000,21.289571
0.461501,20.675441
0.966553,20.674095
20.196302,0.835319
20.178955,1.252990
21.006731,0.000000
20.209797,0.505246
21.142563,0.651009
21.333483,1.056053
20.691188,0.861747
21.765591,0.449575
21.288737,0.000000
20.724894,0.000000
20.631869,0.428004
21.180265,1.777936
