20.432489,-0.000000
20.362558,1.687352
20.153207,3.363072
19.806883,5.015915
19.324723,6.634480
18.710776,8.207671
17.969063,9.724730
17.104695,11.175479
16.123876,12.549542
15.031761,13.838822
13.838515,15.032084
12.549205,16.124280
11.175207,17.105132
9.724618,17.969411
8.207445,18.711093
6.634303,19.325170
5.015748,19.807391
3.363015,20.153810
1.687275,20.363402
0.000000,20.433384
-0.000000,21.972551
1.814591,21.896916
3.616596,21.672796
5.393861,21.299935
7.134393,20.781430
8.826068,20.121334
10.457364,19.323709
12.017837,18.394630
13.495801,17.339207
14.881084,16.165712
16.165534,14.881193
17.338990,13.495882
18.394337,12.017902
19.323418,10.457389
20.121048,8.826140
20.781098,7.134355
21.299516,5.393752
21.672228,3.616531
21.896261,1.814378
21.971610,0.000000
10.450199,17.537745
11.237732,18.859577
10.481575,18.413832
10.087683,17.753628
11.172861,17.926897
10.677771,17.961231
10.812798,17.321555
12.757013,17.867318
11.000871,18.413790
11.627974,18.627105
11.964428,17.489338
11.458779,17.506318
11.710593,17.967569
11.408486,18.274351
10.847577,19.091846
9.641873,19.722962
11.862584,16.615085
11.519243,16.860132
12.616979,16.946352
12.124296,17.020594
12.206049,16.369877
14.188678,16.752852
12.481658,17.444532
13.126677,17.603330
13.367615,16.441730
12.864544,16.501635
12.387479,18.131172
9.732284,18.872987
8.902727,19.245989
13.194239,15.578477
12.872108,15.851447
13.974304,15.846705
13.488995,15.961162
13.516613,15.305526
15.523589,15.523806
13.879343,16.354228
14.535161,16.459333
14.679977,15.281239
14.183540,15.382652
13.842209,17.046244
13.154954,16.939122
10.246985,18.870051
10.049881,19.523427
9.963261,18.411481
9.233909,19.922366
7.980270,20.451851
8.966238,18.340696
9.345573,18.155302
9.202929,18.803064
8.587209,18.526157
9.415249,19.278511
14.435526,14.435770
14.137385,14.733998
15.233932,14.638377
14.760328,14.792610
14.733862,14.137509
16.752565,14.188877
15.182670,15.151971
15.844866,15.202561
15.891409,14.017026
15.405099,14.158975
15.202356,15.845002
14.509596,15.794302
8.153000,19.643922
8.649800,19.671583
8.403556,20.286654
7.288394,19.909547
8.386551,19.182867
7.787482,19.998336
7.557228,20.616817
15.578235,13.194465
15.305354,13.516691
16.391348,13.330419
15.931810,13.523195
15.851292,12.872218
17.867000,12.757197
16.381824,13.846616
17.046097,13.842416
16.994902,12.656955
16.521909,12.838409
16.459121,14.535295
15.763494,14.542621
7.421054,19.018622
7.814300,18.865015
7.636786,19.496007
7.027988,19.172120
7.969780,19.238966
6.264057,21.041158
16.614720,11.862736
16.369664,12.206196
17.436228,11.931355
16.994100,12.161413
16.859977,11.519353
18.859232,11.237941
17.469460,12.446522
18.130972,12.387559
17.981754,11.209967
17.525469,11.430160
17.603076,13.126792
16.910962,13.191151
6.500745,20.243030
6.996828,20.314535
6.699562,20.911446
5.618853,20.444138
6.779014,19.807905
6.110713,20.571719
5.828867,21.170707
17.537341,10.450298
17.321378,10.812943
18.361432,10.450602
17.940045,10.716363
17.753474,10.087762
19.722621,9.642014
18.437391,10.961192
19.091639,10.847662
18.845905,9.686938
18.409340,9.943832
18.626875,11.628171
17.942593,11.749374
5.825181,19.566759
6.229801,19.446033
5.420740,19.687300
4.505083,21.486847
18.340404,8.966362
18.155074,9.345600
19.161831,8.898762
18.763726,9.198360
18.525846,8.587256
20.451488,7.980457
19.279307,9.401350
19.922134,9.234048
19.581478,8.097667
19.167620,8.389744
19.523145,10.049953
18.850964,10.227612
5.996845,20.060362
6.355746,19.834320
4.807027,20.711657
5.295255,20.823587
4.949808,21.393574
3.911285,20.838487
5.119695,20.300497
4.390824,21.006406
4.060757,21.579979
19.018239,7.421206
18.864838,7.814482
19.831351,7.286050
19.459320,7.617466
19.171753,7.028093
21.040732,6.264232
19.989812,7.777265
20.616580,7.557345
20.183382,6.453014
19.795046,6.778256
20.286398,8.403534
19.631261,8.636065
4.189482,19.981093
4.602629,19.894287
3.776455,20.067651
2.715350,21.785307
19.566298,5.825275
19.445830,6.229924
20.365500,5.623513
20.022059,5.984488
19.686837,5.420826
21.486287,4.505190
20.563825,6.099984
21.170394,5.828936
20.647545,4.764291
20.287421,5.120490
20.911056,6.699511
20.277360,6.985384
4.320062,20.487293
4.695972,20.291433
3.080619,21.038291
3.557803,21.190078
3.166280,21.729346
2.177678,21.090062
3.425724,20.653929
2.641476,21.297255
2.264925,21.841413
19.980521,4.189586
19.893958,4.602777
20.760525,3.922297
20.448054,4.310564
20.066982,3.776547
21.784753,2.715392
20.997418,4.380952
21.579494,4.060760
20.970126,3.042589
20.640724,3.427608
21.393091,4.949699
20.785179,5.287090
2.525251,20.259064
2.944074,20.206452
2.106431,20.311282
0.907244,21.935137
20.258378,2.525400
20.205991,2.944179
21.012975,2.194734
20.734035,2.607150
20.310526,2.106554
21.934479,0.907334
21.287371,2.632015
21.840652,2.264792
21.150093,1.301197
20.853567,1.711594
21.728684,3.166214
21.150820,3.552053
2.614157,20.774192
3.004465,20.609586
1.332355,21.219771
1.795610,21.410789
1.360976,21.916433
0.000000,20.991039
0.843558,20.398587
0.510210,20.412056
1.709170,20.866646
1.265354,20.380991
0.628282,21.308103
1.014213,21.519560
0.453473,21.953976
-0.000000,21.481334
0.466047,20.872744
0.975751,20.871056
20.397766,0.843636
20.380121,1.265470
21.200861,0.000000
20.411322,0.510203
21.335529,0.656966
21.524357,1.065567
20.887955,0.869967
21.953156,0.453316
21.480300,0.000000
20.921732,0.000000
20.829487,0.432265
21.371613,1.793962
