22.562934,-0.000000
22.483996,1.863226
22.252848,3.713258
21.870166,5.538583
21.337696,7.325817
20.659845,9.062934
19.840807,10.737978
18.886222,12.339781
17.803117,13.857006
16.597295,15.280571
15.279747,16.598088
13.855889,17.804203
12.338900,18.887342
10.737926,19.841341
9.062224,20.660117
7.325329,21.338318
5.538072,21.870670
3.713330,22.253327
1.863059,22.485221
-0.000000,22.564188
-0.000000,23.967049
1.980022,23.883856
3.945283,23.639589
5.883734,23.232944
7.782255,22.667484
9.627235,21.947542
11.406881,21.077599
13.108827,20.064105
14.720807,18.912726
16.231758,17.632769
17.632680,16.231591
18.912567,14.720631
20.063724,13.108637
21.077294,11.406554
21.947353,9.627283
22.667304,7.781939
23.232763,5.883222
23.639127,3.945216
23.883611,1.979138
23.965645,0.000000
11.539990,19.366963
12.258609,20.573178
11.500784,20.203968
11.140573,19.604382
12.265429,19.679774
11.743529,19.754408
11.939847,19.127867
13.915912,19.490686
12.045973,20.162933
12.684864,20.318610
13.127233,19.189154
12.599685,19.249197
12.823239,19.674369
12.483748,19.995408
11.832798,20.826609
10.517963,21.515023
13.099508,18.347888
12.721283,18.617687
13.850425,18.602678
13.333969,18.719510
13.478460,18.077185
15.477652,18.274976
13.667438,19.101302
14.319943,19.202028
14.667048,18.039489
14.145086,18.144177
13.512549,19.778635
10.674733,20.700031
9.767181,21.113870
14.569943,17.202854
14.215229,17.503809
15.340047,17.395470
14.834698,17.554130
14.926042,16.901896
16.933839,16.934169
15.197922,17.907531
15.856360,17.954104
16.106923,16.766464
15.595431,16.913913
15.098977,18.595217
14.404302,18.548130
11.218029,20.658781
10.964008,21.296761
10.954131,20.242782
10.072137,21.732565
8.705068,22.310127
9.901226,20.253193
10.320224,20.048768
10.118199,20.673186
9.483887,20.458093
10.309223,21.108999
15.940689,15.941132
15.612348,16.269897
16.722883,16.069245
16.233037,16.269019
16.270099,15.612098
18.274369,15.478037
16.624923,16.591006
17.285025,16.583191
17.436037,15.379398
16.938598,15.568426
16.582846,17.285001
15.887642,17.294611
8.939848,21.539985
9.468240,21.533122
9.168432,22.129094
7.996234,21.842523
9.220119,21.090447
8.526859,21.896066
8.242972,22.489877
17.202545,14.570403
16.902009,14.925626
17.993334,14.633407
17.521411,14.872944
17.504045,14.214957
19.490077,13.916336
17.937969,15.161658
18.595338,15.099452
18.646788,13.887093
18.166544,14.116330
17.953873,15.856440
17.260624,15.924088
8.194846,21.001959
8.628661,20.831953
8.396304,21.434420
7.761919,21.171383
8.770613,21.171615
6.832693,22.952880
18.347105,13.099697
18.077249,13.478527
19.140363,13.097667
18.689662,13.375225
18.618068,12.721172
20.572521,12.259243
19.128859,13.628637
19.778677,13.512452
19.729643,12.299637
19.270068,12.567930
19.201748,14.320060
18.517025,14.444265
7.128636,22.198123
7.658701,22.237695
7.309525,22.810903
6.164480,22.428846
7.452888,21.777771
6.691080,22.523953
6.357617,23.093877
19.366085,11.539994
19.128241,11.940052
20.156154,11.472368
19.730181,11.786060
19.604868,11.140452
21.514505,10.518302
20.188846,12.002314
20.826711,11.832784
20.677893,10.628643
20.242100,10.933708
20.318618,12.685479
19.646707,12.865639
6.432617,21.607195
6.879162,21.473233
5.987013,21.740245
4.913790,23.438987
20.253014,9.901378
20.048876,10.319845
21.034840,9.768861
20.636206,10.116636
20.457762,9.483585
22.309662,8.705780
21.110812,10.294347
21.732665,10.072518
21.484965,8.884904
21.075869,9.224893
21.296585,10.963985
20.641546,11.199484
6.593391,22.055128
6.994020,21.825927
5.271228,22.711918
5.795923,22.794695
5.400823,23.336871
4.291135,22.861519
5.628536,22.319108
4.807964,22.999765
4.429007,23.540226
21.001518,8.195124
20.832568,8.629111
21.769712,7.998541
21.401283,8.377939
21.171038,7.761966
22.952414,6.833600
21.888838,8.516029
22.490142,8.243399
22.145305,7.080426
21.765719,7.452902
22.129235,9.167998
21.496017,9.456739
4.626308,22.064776
5.082172,21.968098
4.171112,22.160248
2.961328,23.764281
21.606696,6.432613
21.474050,6.879362
22.356104,6.173493
22.020107,6.581925
21.739795,5.987017
23.438331,4.914493
22.517254,6.679341
23.094126,6.357981
22.654392,5.227361
22.307112,5.630147
22.810656,7.309098
22.203501,7.649241
4.749866,22.524369
5.167598,22.328920
3.378058,23.069850
3.893857,23.195833
3.455266,23.703435
2.388935,23.137304
3.766250,22.707843
2.892662,23.318129
2.470389,23.825762
22.064198,4.626469
21.968706,5.082555
22.789600,4.305761
22.488824,4.740783
22.159212,4.171264
23.764278,2.961835
22.991949,4.797211
23.540135,4.429132
23.008726,3.338286
22.695472,3.768996
23.336601,5.400284
22.759571,5.789495
2.788799,22.371866
3.250599,22.312782
2.326993,22.428901
0.989718,23.927751
22.371227,2.789298
22.313225,3.250834
23.066399,2.409460
22.803798,2.867250
22.428055,2.327381
23.927786,0.990345
23.309737,2.882370
23.824798,2.469850
23.205514,1.427864
22.929765,1.882181
23.702782,3.455088
23.159759,3.889318
2.874148,22.840204
3.306057,22.678924
1.460797,23.269490
1.965082,23.437546
1.485266,23.908013
0.000000,23.067828
0.931227,22.525951
0.562843,22.539802
1.879057,22.942013
1.396655,22.505763
0.688143,23.356437
1.110465,23.546763
0.493877,23.948293
0.000000,23.515130
0.514120,22.959599
1.073043,22.954623
22.525095,0.931550
22.504555,1.397122
23.258503,0.000000
22.539417,0.562779
23.381845,0.720100
23.550403,1.166623
22.970718,0.956815
23.947448,0.493044
23.513326,0.000000
23.005138,0.000000
22.920388,0.477278
23.401803,1.963984
