23.253520,-0.000000
23.171821,1.920236
22.933581,3.826792
22.539118,5.708041
21.990332,7.549964
21.291756,9.340226
20.447654,11.066510
19.463841,12.717301
18.347591,14.280945
17.104911,15.748046
15.747062,17.105850
14.279591,18.348885
12.716230,19.465166
11.066471,20.448257
9.339371,21.292056
7.549382,21.991030
5.707426,22.539643
3.826918,22.934035
1.920067,23.173133
-0.000000,23.254834
-0.000000,24.618350
2.034014,24.532815
4.052592,24.281970
6.043707,23.864291
7.993829,23.283486
9.888896,22.543984
11.716977,21.650410
13.465148,20.609345
15.120902,19.426653
16.672902,18.111931
18.111867,16.672651
19.426507,15.120652
20.608945,13.464877
21.650084,11.716544
22.543780,9.888933
23.283301,7.993445
23.864140,6.043094
24.281499,4.052568
24.532702,2.032972
24.616891,0.000000
11.893312,19.959980
12.592018,21.132800
11.832478,20.786567
11.481939,20.204390
12.620896,20.250060
12.089889,20.337139
12.305218,19.713497
14.294398,20.020849
12.386504,20.732862
13.030047,20.871019
13.505690,19.742384
12.970534,19.815710
13.185802,20.230527
12.834265,20.556437
12.154519,21.393169
10.804083,22.100259
13.500545,18.909669
13.111033,19.187487
14.251749,19.141599
13.727121,19.271638
13.890973,18.630727
15.898628,18.772083
14.053811,19.641159
14.709654,19.724135
15.089967,18.559535
14.561340,18.678112
13.879946,20.316697
10.981523,21.294782
10.048543,21.721846
15.015978,17.729523
14.650726,18.039514
15.784422,17.899406
15.272082,18.071857
15.382962,17.419487
17.394423,17.394773
15.627578,18.413677
16.287862,18.442276
16.571349,17.249877
16.054387,17.411668
15.509415,19.101139
14.811437,19.072449
11.534506,21.241692
11.262556,21.875877
11.276246,20.838046
10.345868,22.323751
8.941809,22.916997
10.204360,20.873228
10.636158,20.662662
10.415735,21.281059
9.774608,21.084424
10.600534,21.705439
16.428691,16.429209
16.090571,16.767845
17.207349,16.534809
16.711683,16.748865
16.768133,16.090209
18.771381,15.899061
17.094876,17.059913
17.755370,17.034086
17.938763,15.822820
17.437076,16.026592
17.033692,17.755331
16.336712,17.783511
9.196045,22.157273
9.734997,22.139844
9.418240,22.730786
8.226632,22.471675
9.491089,21.710538
8.767784,22.514446
8.466913,23.101613
17.729173,15.016524
17.419684,15.382407
18.514571,15.057371
18.038044,15.311627
18.039852,14.650319
20.020155,14.294888
18.445031,15.590169
19.101309,15.509970
19.184417,14.287482
18.701141,14.531745
18.442036,16.287951
17.748498,16.374265
8.445741,21.644968
8.892650,21.469670
8.643209,22.064522
7.999884,21.819547
9.030763,21.799502
7.018431,23.577219
18.908761,13.500765
18.630879,13.891016
19.694824,13.477150
19.240724,13.769731
19.188011,13.110850
21.132037,12.592767
19.669556,14.013829
20.316792,13.879806
20.298495,12.654297
19.837143,12.937782
19.723849,14.709799
19.040390,14.852614
7.333068,22.834624
7.874439,22.864481
7.508753,23.431207
6.342081,23.074846
7.671941,22.418097
6.880192,23.160102
6.530292,23.721984
19.958957,11.893309
19.714032,12.305453
20.740063,11.804810
20.311953,12.133715
20.205040,11.481772
22.099666,10.804462
20.759513,12.341553
21.393332,12.154477
21.274092,10.935132
20.837805,11.255472
20.871101,13.030799
20.202009,13.229388
6.629573,22.268719
7.089652,22.130507
6.170630,22.405835
5.047298,24.076538
20.873061,10.204530
20.662834,10.635670
21.644203,10.051946
21.244721,10.415069
21.084030,9.774199
22.916467,8.942647
21.707544,10.585312
22.323913,10.346311
22.104436,9.141120
21.696102,9.496356
21.875725,11.262506
21.224997,11.516165
6.787325,22.703541
7.201374,22.473005
5.422380,23.363129
5.959122,23.437130
5.548144,23.971499
4.414781,23.519996
5.793945,22.975299
4.943882,23.649326
4.549259,24.180446
21.644484,8.446040
21.470491,8.893168
22.400343,8.230343
22.032378,8.625092
21.819158,7.999906
23.576701,7.019550
22.507568,8.756740
23.101977,8.467426
22.783799,7.284623
22.406256,7.672195
22.731034,9.417677
22.103621,9.724151
4.767954,22.740317
5.237623,22.640494
4.299103,22.838697
3.041669,24.410605
22.268182,6.629515
22.131595,7.089874
23.003754,6.352437
22.669432,6.776084
22.405345,6.170600
24.075827,5.048175
23.153723,6.868120
23.722352,6.530739
23.307530,5.378086
22.963585,5.795808
23.431002,7.508200
22.831118,7.865563
4.889597,23.186544
5.320814,22.990917
3.474915,23.731259
4.003406,23.849554
3.549676,24.348103
2.457729,23.803671
3.876948,23.375493
2.974506,23.976657
2.537472,24.473821
22.739726,4.768113
22.641356,5.238060
23.449773,4.430528
23.152048,4.880602
22.837524,4.299268
24.410754,3.042345
23.641840,4.932844
24.180448,4.549405
23.672202,3.434527
23.363348,3.879955
23.971295,5.547473
23.402923,5.953204
2.874257,23.056842
3.349952,22.995709
2.398536,23.115465
1.016642,24.578486
23.056218,2.874838
22.996413,3.350208
23.734550,2.479335
23.476430,2.951794
23.114616,2.398980
24.578777,1.017443
23.968697,2.963950
24.472809,2.536817
23.874497,1.469093
23.604623,1.937637
24.347474,3.549462
23.814372,3.999238
2.958687,23.511758
3.404044,23.351262
1.502670,23.936766
2.020319,24.098106
1.525856,24.558379
0.000000,23.743070
0.959705,23.215612
0.579984,23.229657
1.934306,23.616612
1.439210,23.194670
0.707626,24.023410
1.141844,24.207551
0.507042,24.599597
0.000000,24.177937
0.529732,23.637709
1.104644,23.631754
23.214798,0.960094
23.193408,1.439773
23.928289,0.000000
23.229416,0.579908
24.048289,0.740651
24.210915,1.199591
23.647691,0.985002
24.598788,0.506004
24.175999,0.000000
23.682304,0.000000
23.599719,0.491887
24.063371,2.019394
