24.375911,-0.000000
24.289847,2.012901
24.040079,4.011341
23.626485,5.983491
23.051182,7.914309
22.318916,9.790951
21.434072,11.600524
20.402758,13.330948
19.232635,14.970038
17.930042,16.507895
16.506686,17.931183
14.968328,19.234218
13.329590,20.404358
11.600515,21.434738
9.789870,22.319231
7.913574,23.051951
5.982703,23.626996
4.011548,24.040456
2.012741,24.291244
0.000000,24.377260
-0.000000,25.681157
2.122099,25.591898
4.227679,25.330310
6.304753,24.894622
8.339090,24.288770
10.315915,23.517342
12.223037,22.585197
14.046663,21.499131
15.773854,20.265354
17.392846,18.893899
18.893901,17.392441
20.265253,15.773478
21.498744,14.046252
22.584872,12.222439
23.517137,10.315944
24.288603,8.338624
24.894548,6.304009
25.329844,4.227759
25.592029,2.120846
25.679712,-0.000000
12.467613,20.923829
13.136133,22.046039
12.372738,21.735486
12.036812,21.179616
13.199787,21.178754
12.653607,21.285507
12.899069,20.665380
14.912077,20.886011
12.941525,21.661743
13.593387,21.772485
14.122141,20.643483
13.574167,20.737794
13.776753,21.136988
13.405703,21.471042
12.679517,22.317753
11.271021,23.055287
14.152405,19.822767
13.744567,20.113612
14.905331,20.019244
14.367008,20.170216
14.561456,19.530456
16.585648,19.583303
14.683548,20.521043
15.345648,20.576153
15.778824,19.406604
15.238886,19.547191
14.479486,21.194780
11.481287,22.263618
10.506846,22.712161
15.740983,18.585576
15.358620,18.910220
16.508120,18.720085
15.983972,18.914469
16.125608,18.260791
18.146080,18.146427
16.327864,19.238612
16.992059,19.238915
17.327823,18.037269
16.801445,18.221851
16.179219,19.926786
15.475056,19.927030
12.050394,22.191810
11.749778,22.820919
11.800589,21.806941
10.792560,23.288515
9.328187,23.907328
10.697091,21.881004
11.149632,21.660490
10.900060,22.270460
10.247163,22.102428
11.075349,22.677534
17.221911,17.222526
16.867902,17.577183
17.996341,17.292986
17.490719,17.529825
17.577614,16.867343
19.582484,16.586132
17.860843,17.824155
18.522949,17.769894
18.757622,16.545073
18.248463,16.772343
17.769437,18.522896
17.068680,18.580360
9.613445,23.162877
10.169846,23.128845
9.825913,23.712672
8.601929,23.496466
9.932166,22.719868
9.160466,23.522316
8.832354,24.099920
18.585177,15.741654
18.261143,16.124829
19.363445,15.747811
18.878908,16.025599
18.910733,15.357970
20.885224,14.912647
19.271480,16.288578
19.927033,16.179883
20.060129,14.939649
19.571319,15.207916
19.238685,16.992164
18.543714,17.108006
8.853581,22.690089
9.321707,22.506215
9.045114,23.090128
8.386694,22.873036
9.454071,22.821203
7.321572,24.596068
19.821702,14.152675
19.530778,14.561444
20.597806,14.095150
20.137626,14.411812
20.114374,13.744252
22.045141,13.137045
20.550827,14.641638
21.194973,14.479282
21.225060,13.231980
20.760186,13.539796
20.575887,15.345849
19.893454,15.518183
7.666123,23.871516
8.226131,23.886163
7.833895,24.443448
6.631375,24.127085
8.028505,23.460348
7.188422,24.196935
6.812080,24.747008
20.922629,12.467602
20.666199,12.899346
21.690998,12.346201
21.258829,12.699539
21.180536,12.036574
23.054617,11.271446
21.689625,12.894463
22.318023,12.679432
22.245196,11.434352
21.807441,11.779213
21.772721,13.594353
21.107128,13.822264
6.949731,23.343931
7.431746,23.198847
6.469105,23.487660
5.265203,25.116955
21.880902,10.697288
21.660780,11.148979
22.636587,10.512957
22.235121,10.900783
22.101944,10.246580
23.906738,9.329196
22.680140,11.059545
23.288794,10.793098
23.113454,9.558456
22.705663,9.938222
22.820845,11.749692
22.175986,12.032322
7.103013,23.758938
7.538778,23.525959
5.668642,24.423987
6.225171,24.484332
5.788581,25.007120
4.616189,24.592559
6.063189,24.043385
5.165403,24.708028
4.745491,25.225238
22.689585,8.853894
22.507390,9.322325
23.427372,8.607834
23.059528,9.027351
22.872600,8.386671
24.595504,7.323012
23.516017,9.149065
24.100457,8.833001
23.823802,7.617226
23.448873,8.029147
23.713134,9.825159
23.093974,10.160006
4.998208,23.838310
5.490271,23.733421
4.507169,23.941426
3.172794,25.465357
23.343381,6.949572
23.200395,7.432006
24.058507,6.643856
23.726249,7.092088
23.487136,6.469020
25.116200,5.266341
24.191092,7.175810
24.747584,6.812650
24.371397,5.623605
24.032136,6.065459
24.443376,7.833139
23.854099,8.218152
5.117051,24.264346
5.570122,24.068153
3.632721,24.808742
4.181997,24.915152
3.703780,25.400098
2.569808,24.889103
4.057139,24.462221
3.107897,25.049983
2.646936,25.531387
23.837751,4.998354
23.734714,5.490781
24.524917,4.633719
24.231490,5.108171
23.940071,4.507363
25.465773,3.173751
24.701097,5.153906
25.225422,4.745653
24.752899,3.591289
24.450460,4.060561
25.007082,5.787702
24.451553,6.220037
3.013174,24.170172
3.511411,24.105749
2.514845,24.231395
1.060576,25.640419
24.169616,3.013870
24.106900,3.511694
24.822719,2.593136
24.571159,3.089409
24.230602,2.515368
25.641167,1.061650
25.042721,3.096916
25.530350,2.646093
24.964179,1.536256
24.703085,2.027911
25.399579,3.703495
24.881354,4.178418
3.096311,24.604813
3.563494,24.445328
1.570933,25.023785
2.110363,25.174856
1.592107,25.619671
-0.000000,24.842329
1.006033,24.336543
0.607909,24.350966
2.024257,24.714637
1.508351,24.314442
0.739363,25.110072
1.192998,25.284765
0.528507,25.662471
0.000000,25.258333
0.555129,24.741268
1.156061,24.733787
24.335860,1.006522
24.313161,1.509066
25.019355,0.000000
24.351000,0.607819
25.134217,0.774125
25.287777,1.253354
24.749569,1.030846
25.661774,0.527148
25.256285,0.000000
24.784507,0.000000
24.705194,0.515647
25.141693,2.109716
