20.018738,-0.000000
19.950653,1.653161
19.745469,3.295007
19.406158,4.914338
18.933722,6.500135
18.332166,8.041490
17.605489,9.527892
16.758695,10.949334
15.797795,12.295608
14.727795,13.558805
13.558703,14.727917
12.295523,15.797941
10.949267,16.758864
9.527846,17.605676
8.041451,18.332373
6.500106,18.933955
4.914317,19.406412
3.294997,19.745743
1.653153,19.950949
0.000000,20.019040
-0.000000,21.587670
1.782656,21.513596
3.553190,21.293409
5.299403,20.927101
7.009487,20.417674
8.671627,19.769134
10.274322,18.985482
11.807554,18.072724
13.259717,17.035862
14.620807,15.882915
15.882817,14.620881
17.035740,13.259770
18.072575,11.807590
18.985309,10.274343
19.768939,8.671640
20.417453,7.009486
20.926855,5.299395
21.293139,3.553182
21.513310,1.782643
21.587366,-0.000000
10.238569,17.182291
11.040943,18.529121
10.284412,18.067368
9.883220,17.393986
10.961453,17.587548
10.471316,17.613658
10.593922,16.970583
12.533644,17.554312
10.798949,18.075684
11.424257,18.300922
11.739525,17.160413
11.237814,17.168593
11.495643,17.637684
11.200836,17.941837
10.657634,18.757311
9.472981,19.377328
11.622411,16.278420
11.285855,16.518643
12.378349,16.625771
11.889996,16.691352
11.958974,16.038189
13.940272,16.459405
12.252580,17.124344
12.896692,17.295090
13.116305,16.132615
12.616569,16.183419
12.170601,17.813525
9.550011,18.519447
8.735511,18.884492
12.927129,15.262942
12.611342,15.530445
13.710098,15.546983
13.228379,15.652511
13.242927,14.995440
15.251824,15.251913
13.624640,16.054074
14.280552,16.171164
14.404019,14.993917
13.910141,15.086021
13.599993,16.747643
12.913637,16.628199
10.059408,18.524323
9.873663,19.181410
9.771360,18.056587
9.072302,19.573240
7.840558,20.093425
8.784657,17.969043
9.156258,17.787370
9.025665,18.440629
8.413070,18.150719
9.242528,18.924648
14.143267,14.143375
13.851001,14.435649
14.945890,14.361476
14.475102,14.506564
14.435541,13.851100
16.459291,13.940340
14.904083,14.873908
15.567334,14.936399
15.592679,13.753466
15.108136,13.885954
14.936316,15.567425
14.243434,15.504410
8.000847,19.277046
8.491703,19.311804
8.256110,19.931284
7.151475,19.535424
8.225101,18.813184
7.644619,19.631469
7.425018,20.255558
15.262813,12.927219
14.995320,13.243014
16.081412,13.078265
15.623921,13.261692
15.530315,12.611422
17.554173,12.533694
16.081222,13.592510
16.747530,13.600057
16.675393,12.418965
16.203391,12.590860
16.171059,14.280622
15.474326,14.275698
7.270786,18.633185
7.656121,18.482786
7.489683,19.120337
6.885460,18.783581
7.814561,18.864202
6.154442,20.672410
16.278265,11.622480
16.038046,11.959047
17.106482,11.705624
16.665647,11.926233
16.518492,11.285918
18.528957,11.040979
17.148872,12.218079
17.813386,12.170643
17.643616,10.999122
17.187537,11.209737
17.294960,12.896743
16.600725,12.949013
6.379322,19.864707
6.868979,19.942812
6.581979,20.545049
5.513310,20.059985
6.648489,19.426120
5.998569,20.194298
5.726918,20.799761
17.182113,10.238621
16.970420,10.593980
18.014095,10.252815
17.593208,10.509072
17.393813,9.883268
19.377141,9.473002
18.098954,10.759961
18.757148,10.657662
18.491441,9.504693
18.054271,9.752027
18.300769,11.424296
17.613363,11.533649
5.707219,19.170205
6.103666,19.052083
5.310780,19.288318
4.426290,21.110277
17.968848,8.784698
17.787184,9.156297
18.799304,8.730310
18.400890,9.020384
18.150518,8.413105
20.093214,7.840572
18.925353,9.228726
19.573052,9.072320
19.213170,7.945305
18.797902,8.227898
19.181231,9.873684
18.504965,10.039759
5.881311,19.673741
6.232042,19.448125
4.717264,20.324570
5.198543,20.442583
4.862861,21.018697
3.837810,20.446882
5.021135,19.909252
4.310211,20.621010
3.989737,21.201850
18.632965,7.270818
18.482580,7.656156
19.456186,7.148102
19.083019,7.470064
18.783357,6.885487
20.672174,6.154448
19.622804,7.634452
20.255347,7.425027
19.803794,6.331585
19.413260,6.647508
19.931083,8.256116
19.270896,8.477424
4.104661,19.576100
4.509490,19.491257
3.699838,19.660930
2.667913,21.403523
19.169962,5.707240
19.051856,6.103690
19.980276,5.517042
19.634922,5.868679
19.288070,5.310799
21.110016,4.426290
20.186342,5.987998
20.799525,5.726919
20.259328,4.674682
19.896185,5.021717
20.544820,6.581977
19.905152,6.857064
4.236822,20.092447
4.604565,19.896322
3.023105,20.645112
3.492888,20.802336
3.110565,21.348479
2.136829,20.693735
3.359766,20.255794
2.592927,20.906496
2.225282,21.458573
19.575835,4.104677
19.491006,4.509509
20.367913,3.848068
20.052703,4.227173
19.660657,3.699852
21.403246,2.667910
20.612065,4.300503
21.201587,3.989732
20.575829,2.985373
20.242758,3.361443
21.018443,4.862853
20.403698,5.189986
2.474080,19.848368
2.884536,19.797056
2.063624,19.899661
0.891326,21.550652
19.848084,2.474093
19.796785,2.884548
20.615746,2.153180
20.333113,2.556744
19.899372,2.063634
21.550362,0.891328
20.896697,2.583639
21.458284,2.225272
20.752607,1.276688
20.451509,1.678542
21.348201,3.110557
20.762722,3.486889
2.563815,20.373677
2.946020,20.208252
1.307545,20.823002
1.762864,21.018942
1.336994,21.532142
0.000000,20.588491
0.826573,19.985003
0.500039,19.998436
1.676276,20.464298
1.239861,19.967976
0.616699,20.911681
0.995618,21.127652
0.445657,21.569167
-0.000000,21.088060
0.456726,20.468002
0.956890,20.467023
19.984705,0.826578
19.967677,1.239869
20.802998,0.000000
19.998142,0.500040
20.940071,0.644754
21.133222,1.046068
20.484630,0.853109
21.568869,0.445649
21.087751,0.000000
20.518259,0.000000
20.424399,0.423526
20.979487,1.761113
