22.012407,-0.000000
21.935720,1.817781
21.710221,3.622763
21.336936,5.403511
20.817474,7.147154
20.156142,8.841907
19.357084,10.476113
18.425802,12.038868
17.369120,13.519093
16.192680,14.907956
14.907255,16.193361
13.518167,17.370045
12.038139,18.426761
10.476044,19.357575
8.841312,20.156414
7.146738,20.818050
5.403081,21.337444
3.622790,21.710744
1.817621,21.936889
-0.000000,22.013623
-0.000000,23.449441
1.937104,23.368147
3.859992,23.129104
5.756595,22.731226
7.614110,22.177958
9.419291,21.473556
11.160441,20.622388
12.825658,19.630803
14.402850,18.504312
15.881179,17.251984
17.251867,15.881086
18.504134,14.402739
19.630430,12.825537
20.622086,11.160206
21.473356,9.419351
22.177755,7.613858
22.730994,5.756175
23.128618,3.859903
23.367771,1.936362
23.448083,0.000000
11.258352,18.894259
11.993645,20.128437
11.236797,19.740306
10.868467,19.126109
11.982489,19.225850
11.467711,19.290359
11.648593,18.661065
13.615123,19.069358
11.775088,19.709574
12.410546,19.879602
12.826038,18.748871
12.304388,18.798104
12.534836,19.231972
12.204971,19.549211
11.577108,20.376365
10.290580,21.049926
12.779838,17.900088
12.410617,18.163493
13.530990,18.173731
13.020895,18.279839
13.149630,17.635960
15.143096,17.879918
13.360087,18.671869
14.010233,18.787102
14.330464,17.625623
13.813638,17.719034
13.220559,19.351040
10.430592,20.226746
9.543263,20.630038
14.214403,16.783052
13.868097,17.076793
14.986345,16.994369
14.486406,17.141860
14.561809,16.489330
16.567805,16.568118
14.856142,17.504914
15.513438,17.566146
15.737305,16.381748
15.229980,16.517574
14.772789,18.193169
14.080450,18.131065
10.966304,20.195124
10.726749,20.836526
10.697652,19.768802
9.854591,21.262749
8.516936,21.827840
9.659594,19.758959
10.068370,19.559439
9.881290,20.189162
9.252152,19.958837
10.077500,20.634555
15.551695,15.552088
15.231153,15.872975
16.337272,15.698682
15.851882,15.886913
15.873093,15.231002
17.879383,15.143442
16.251086,16.218008
16.911230,16.224857
17.035938,15.026507
16.541675,15.203611
16.224544,16.911237
15.530430,16.905718
8.735988,21.048786
9.256068,21.050553
8.969908,21.650920
7.812878,21.341833
9.004361,20.596709
8.335212,21.404179
8.064997,22.003734
16.782762,14.214803
16.489365,14.561516
17.578452,14.295959
17.110005,14.523617
17.076930,13.867935
19.068811,13.615494
17.534613,14.820795
18.193232,14.773202
18.218910,13.568452
17.740860,13.785558
17.565914,15.513525
16.872544,15.565999
7.994862,20.489415
8.418221,20.323635
8.199709,20.932704
7.572239,20.654725
8.563411,20.671553
6.685093,22.456714
17.899398,12.780012
17.635944,13.149722
18.699035,12.795620
18.250838,13.061078
18.163741,12.410568
20.127854,11.994183
18.698745,13.322233
19.351021,13.220505
19.276912,12.017387
18.818519,12.273437
18.786818,14.010339
18.100712,14.119447
6.965963,21.691633
7.487110,21.739160
7.151202,22.317935
6.023141,21.914750
7.278467,21.267916
6.540648,22.017934
6.220386,22.594725
18.893491,11.258372
18.661294,11.648780
19.691381,11.207762
19.266897,11.509219
19.126441,10.868393
21.049453,10.290882
19.734887,11.732463
20.376396,11.577122
20.203393,10.384726
19.767748,10.677502
19.879541,12.411056
19.204988,12.576298
6.275627,21.079893
6.711364,20.949331
5.840657,21.209703
4.807700,22.932326
19.758755,9.659739
19.559473,10.068087
20.549803,9.543537
20.151622,9.878990
19.958530,9.251943
21.827409,8.517535
20.636114,10.062893
21.262775,9.854920
20.991944,8.680998
20.581984,9.008739
20.836318,10.726752
20.177430,10.947578
6.438975,21.538830
6.828871,21.310592
5.150957,22.193725
5.666122,22.283721
5.283752,22.832521
4.192737,22.337496
5.496829,21.796627
4.699844,22.483081
4.333437,23.031450
20.488991,7.995121
20.324061,8.418613
21.267747,7.814035
20.898717,8.181131
20.654390,7.572309
22.456267,6.685824
21.396641,8.324552
22.003892,8.065354
21.637144,6.917918
21.255670,7.278289
21.650961,8.969581
21.012684,9.244026
4.513407,21.526300
4.958251,21.432147
4.069100,21.619460
2.897484,23.250654
21.079405,6.275663
20.949902,6.711550
21.840596,6.031064
21.503023,6.427314
21.209260,5.840691
22.931692,4.808257
22.010947,6.529175
22.594848,6.220681
22.134581,5.107412
21.784371,5.498238
22.317643,7.150876
21.704251,7.477170
4.638609,21.997117
5.045568,21.801708
3.300990,22.543547
3.806730,22.675881
3.380248,23.191102
2.334197,22.607008
3.678108,22.176234
2.827557,22.794315
2.417073,23.310749
21.525714,4.513567
21.432522,4.958587
22.264123,4.206453
21.960672,4.629445
21.618511,4.069243
23.250500,2.897860
22.474971,4.689319
23.031258,4.333537
22.480684,3.261693
22.163650,3.680642
22.832184,5.283322
22.247805,5.659272
2.720682,21.825871
3.171393,21.768435
2.269975,21.881648
0.968318,23.410608
21.825197,2.721110
21.768639,3.171609
22.534584,2.353846
22.268145,2.799931
21.880788,2.270312
23.410420,0.968806
22.785541,2.817477
23.309807,2.416628
22.673096,1.395053
22.392381,1.838026
23.190418,3.380095
22.639033,3.801889
2.806840,22.305478
3.228017,22.143476
1.427496,22.738508
1.921148,22.912156
1.453011,23.391152
0.000000,22.530234
0.908544,21.976212
0.549204,21.989932
1.835074,22.404866
1.362726,21.956652
0.672638,22.825747
1.085510,23.021222
0.483406,23.430703
0.000000,22.987943
0.501684,22.419587
1.047872,22.415417
21.975311,0.908811
21.955477,1.363113
22.725474,0.000000
21.989414,0.549152
22.851588,0.703745
23.025086,1.140410
22.431642,0.934358
23.429814,0.482740
22.986253,0.000000
22.465908,0.000000
22.379344,0.465638
22.875550,1.919910
