27.575118,0.000000
27.477207,2.277151
27.194624,4.537586
26.726598,6.768867
26.075736,8.953152
25.247420,11.076028
24.246436,13.123070
23.079717,15.080544
21.756014,16.934716
20.282627,18.674269
18.672502,20.284252
16.932094,21.758320
15.078458,23.081970
13.123145,24.247227
11.074304,25.247840
8.951942,26.076696
6.767530,26.727118
4.537921,27.194909
2.277042,27.478882
-0.000000,27.576588
-0.000000,28.735168
2.375081,28.635701
4.730610,28.343156
7.054789,27.855698
9.331176,27.177835
11.543037,26.314639
13.677296,25.271593
15.717859,24.056151
17.650314,22.675617
19.461824,21.141140
21.141331,19.461001
22.675628,17.649639
24.055847,15.717069
25.271236,13.676325
26.314316,11.543148
27.177602,9.330664
27.855710,7.053883
28.342515,4.731181
28.636317,2.373482
28.733941,0.000000
14.104965,23.671570
14.699835,24.670375
13.919264,24.451961
13.618762,23.959919
14.856430,23.836354
14.264867,23.996050
14.591905,23.379267
16.687171,23.372157
14.532413,24.324273
15.212382,24.362988
15.886921,23.223141
15.299870,23.373828
15.470771,23.735377
15.044432,24.093981
14.188025,24.974843
12.612925,25.799677
16.010859,22.425916
15.550833,22.753881
16.775741,22.530887
16.196051,22.738526
16.472771,22.095624
18.559983,21.914458
16.488602,23.043163
17.173329,23.024556
17.750784,21.831649
17.175906,22.031791
16.202196,23.718250
12.912274,25.037844
11.818896,25.547522
17.807968,21.026215
17.376868,21.392458
18.579211,21.068722
18.018864,21.322891
18.242564,20.659419
20.306153,20.306396
18.335140,21.603196
19.015726,21.528149
19.493376,20.291413
18.937193,20.538022
18.103963,22.299615
17.377452,22.376732
13.529548,24.915653
13.149954,25.536631
13.299808,24.576917
12.076118,26.061064
10.438724,26.753180
12.101918,24.754066
12.613207,24.505384
12.284794,25.098932
11.594444,25.004597
12.436424,25.463960
19.483382,19.484237
19.084072,19.884454
20.254311,19.462689
19.717477,19.762034
19.885136,19.083035
21.913360,18.560552
20.056385,20.014765
20.728711,19.884316
21.101763,18.612734
20.568099,18.904337
19.883647,20.728797
19.166973,20.864563
10.808902,26.042682
11.416694,25.964574
10.997407,26.534270
9.676401,26.430419
11.193249,25.605586
10.286080,26.411381
9.882433,26.968884
21.025633,17.809016
20.660128,18.241296
21.792747,17.723708
21.282396,18.066354
21.393319,17.375547
23.371180,16.687881
21.640380,18.290519
22.299905,18.104899
22.567034,16.806697
22.059023,17.141019
21.527930,19.015996
20.823307,19.211317
10.016484,25.669635
10.544705,25.461460
10.194169,26.022224
9.489532,25.876371
10.663458,25.740459
8.192886,27.523919
22.424476,16.011320
22.096371,16.472640
23.181971,15.863708
22.701272,16.247118
22.755129,15.550175
24.669101,14.701117
23.076858,16.441222
23.718568,16.201898
23.877509,14.885793
23.399010,15.260921
23.024324,17.173793
22.338862,17.426086
8.619966,26.840858
9.234595,26.815483
8.768300,27.352204
7.459606,27.139643
9.047928,26.440125
8.071935,27.169030
7.621816,27.692745
23.669998,14.104976
23.380762,14.592340
24.412357,13.895519
23.965284,14.316867
23.961353,13.618418
25.798820,12.613398
24.355623,14.479354
24.975234,14.187890
25.025130,12.863537
24.579428,13.276558
24.363642,15.213944
23.701753,15.521794
7.862639,26.409258
8.406794,26.244777
7.320111,26.571830
5.891581,28.106835
24.754183,12.102212
24.505833,12.612204
25.476536,11.832232
25.065973,12.289136
25.003689,11.593426
26.752419,10.440024
25.467910,12.418909
26.061489,12.076897
26.001947,10.753232
25.591789,11.201502
25.536746,13.149836
24.902063,13.511910
8.005602,26.776144
8.502732,26.534655
6.373972,27.461970
6.988081,27.486896
6.479594,27.983073
5.192812,27.663325
6.832975,27.097083
5.800331,27.742865
5.309360,28.227793
25.669114,10.016778
25.463487,10.545586
26.366493,9.688066
25.995402,10.177205
25.875658,9.489400
27.523170,8.195108
26.406541,10.273646
26.969710,9.883443
26.800994,8.569408
26.429513,9.049706
26.535327,10.996249
25.932865,11.409416
5.654786,26.968582
6.210382,26.849484
5.100478,27.085228
3.549690,28.496565
26.408668,7.862144
26.247452,8.407192
27.076975,7.477816
26.746899,7.995369
26.571105,7.319941
28.105914,5.893343
27.164527,8.057820
27.693717,7.622666
27.416951,6.326565
27.086879,6.836392
27.352587,8.767010
26.786532,9.228903
5.767366,27.345646
6.282389,27.146268
4.084683,27.894419
4.694137,27.970449
4.146810,28.423059
2.890772,27.996795
4.572345,27.569164
3.490218,28.126824
2.961459,28.570547
26.968115,5.654843
26.851817,6.211036
27.601732,5.215197
27.316776,5.758702
27.083291,5.100799
28.497509,3.551496
27.737316,5.787535
28.228336,5.309441
27.846555,4.040061
27.558254,4.576899
27.983533,6.478178
27.457515,6.984944
3.409288,27.344210
3.971533,27.270607
2.846536,27.412904
1.186802,28.692207
27.343737,3.410240
27.272820,3.971884
27.936940,2.918807
27.700000,3.482885
27.412257,2.847229
28.694072,1.188592
28.121193,3.478057
28.569397,2.960054
28.083623,1.728599
27.843194,2.286053
28.422928,4.146213
27.939903,4.692167
3.489841,27.729659
4.019074,27.571569
1.766678,28.136692
2.368558,28.262156
1.782592,28.669345
0.000000,27.986165
1.138324,27.532167
0.687855,27.548039
2.281566,27.853795
1.705227,27.507099
0.830245,28.222741
1.339667,28.373978
0.590124,28.717003
0.000000,28.356077
0.627641,27.895272
1.302931,27.883733
27.531817,1.139033
27.505764,1.706387
28.143251,0.000000
27.548682,0.687729
28.245092,0.869954
28.376135,1.407559
27.899250,1.161716
28.716539,0.587907
28.353885,0.000000
27.935308,0.000000
27.863891,0.583453
28.232738,2.368701
