20.039950,-0.000000
19.971771,1.654916
19.766375,3.298502
19.426706,4.919552
18.953774,6.507031
18.351583,8.050020
17.624134,9.537994
16.776437,10.960939
15.814514,12.308638
14.743378,13.573174
13.573047,14.743527
12.308527,15.814692
10.960850,16.776642
9.537935,17.624354
8.049962,18.351824
6.506988,18.954052
4.919519,19.427014
3.298485,19.766713
1.654903,19.972147
-0.000000,20.040337
-0.000000,21.607429
1.784294,21.533274
3.556441,21.312881
5.304245,20.946233
7.015888,20.436337
8.679540,19.787200
10.283699,19.002827
11.818323,18.089228
13.271806,17.051411
14.634133,15.897408
15.897291,14.634221
17.051267,13.271871
18.089051,11.818370
19.002624,10.283726
19.786972,8.679560
20.436077,7.015887
20.945939,5.304231
21.312550,3.556428
21.532916,1.784269
21.607038,0.000000
10.249419,17.200543
11.051023,18.546065
10.294515,18.085146
9.893703,17.412453
10.972286,17.604960
10.481897,17.631497
10.605144,16.988603
12.545083,17.570357
10.809294,18.093028
11.434691,18.317646
11.751049,17.177287
11.249138,17.185924
11.506655,17.654604
11.211474,17.958892
10.667364,18.774466
9.481634,19.395055
11.634724,16.295703
11.297819,16.536175
12.390575,16.642216
11.902003,16.708246
11.971640,16.055216
13.952991,16.474446
12.264315,17.140765
12.908469,17.310891
13.129180,16.148470
12.629276,16.199745
12.181709,17.829810
9.559352,18.537590
8.744081,18.903045
12.940822,15.279137
12.624710,15.546921
13.723634,15.562355
13.241734,15.668345
13.256958,15.011355
15.265738,15.265848
13.637686,16.069465
14.293588,16.185933
14.418155,15.008651
13.924150,15.101237
13.612396,16.762948
12.925998,16.644143
10.069019,18.542059
9.882691,19.198950
9.781196,18.074802
9.080581,19.591147
7.847717,20.111813
8.793968,17.988130
9.165966,17.806265
9.034751,18.459234
8.422000,18.170001
9.251379,18.942805
14.158249,14.158381
13.865682,14.450961
14.960647,14.375677
14.489717,14.521237
14.450835,13.865798
16.474307,13.953078
14.918352,14.888165
15.581543,14.950040
15.607983,13.766981
15.123352,13.899958
14.949937,15.581650
14.257066,15.519274
8.008646,19.295876
8.499805,19.330266
8.263664,19.949513
7.158493,19.554629
8.233377,18.832163
7.651941,19.650297
7.431793,20.274092
15.278985,12.940932
15.011214,13.257059
16.097292,13.091196
15.639699,13.275105
15.546771,12.624805
17.570191,12.545150
16.096619,13.605538
16.762816,13.612478
16.691763,12.431170
16.219713,12.603557
16.185807,14.293673
15.489136,14.289383
7.278492,18.652984
7.664232,18.502419
7.497224,19.139625
6.892769,18.803540
7.822519,18.883445
6.160060,20.691331
16.295516,11.634809
16.055049,11.971729
17.123378,11.717201
16.682480,11.938297
16.536002,11.297897
18.545871,11.051076
17.165294,12.229792
17.829648,12.181761
17.660942,11.009936
17.204857,11.221043
17.310736,12.908533
16.616616,12.961427
6.385546,19.884129
6.875532,19.961890
6.588005,20.563848
5.518721,20.079709
6.655181,19.445724
6.004318,20.213671
5.732144,20.818796
17.200329,10.249484
16.988417,10.605217
18.031896,10.262959
17.610985,10.519706
17.412257,9.893762
19.394835,9.481666
18.116293,10.770279
18.774278,10.667401
18.509606,9.514041
18.072472,9.761867
18.317469,11.434746
17.630229,11.544710
5.713268,19.190578
6.110134,19.072322
5.316419,19.308817
4.430329,21.129604
17.987904,8.794022
17.806051,9.166013
18.817884,8.738950
18.419489,9.029515
18.169767,8.422044
20.111564,7.847743
18.943489,9.237578
19.590931,9.080611
19.232046,7.953120
18.816854,8.236202
19.198742,9.882720
18.522692,10.049392
5.887234,19.693595
6.238385,19.467958
4.721866,20.344445
5.203500,20.462142
4.867318,21.037935
3.841577,20.466992
5.026189,19.929346
4.314344,20.640797
3.993378,21.221257
18.652724,7.278538
18.502184,7.664283
19.475414,7.155179
19.102309,7.477627
18.803276,6.892808
20.691049,6.160075
19.641609,7.641776
20.273848,7.431810
19.823246,6.337813
19.432830,6.654216
19.949281,8.263673
19.289360,8.485559
4.109011,19.596911
4.514267,19.511966
3.703767,19.681830
2.670345,21.423120
19.190287,5.713299
19.072060,6.110170
20.000018,5.522503
19.654766,5.874621
19.308519,5.316447
21.129284,4.430333
20.205683,5.993740
20.818519,5.732148
20.279221,4.679278
19.916238,5.026784
20.563577,6.588001
19.924223,6.863644
4.241090,20.112727
4.609253,19.916616
3.026054,20.665304
3.496216,20.822244
3.113421,21.368029
2.138924,20.714090
3.363148,20.276245
2.595416,20.926561
2.227315,21.478225
19.596586,4.109036
19.511669,4.514297
20.388031,3.851876
20.072966,4.231452
19.681491,3.703789
21.422780,2.670342
20.631806,4.304628
21.220939,3.993372
20.596031,2.988307
20.263153,3.364838
21.037628,4.867303
20.423242,5.194965
2.476704,19.869474
2.887589,19.818095
2.065819,19.920816
0.892142,21.570391
19.869120,2.476727
19.817766,2.887609
20.636097,2.155311
20.353660,2.559330
19.920451,2.065838
21.570028,0.892148
20.916709,2.586119
21.477861,2.227297
20.772970,1.277945
20.472112,1.680237
21.367683,3.113408
20.782602,3.490230
2.566397,20.394252
2.949017,20.228870
1.308817,20.843381
1.764544,21.039064
1.338224,21.551870
0.000000,20.609171
0.827444,20.006261
0.500561,20.019695
1.677963,20.484968
1.241168,19.989203
0.617293,20.932042
0.996571,21.147777
0.446058,21.588922
0.000000,21.108257
0.457204,20.488798
0.957857,20.487781
20.005882,0.827454
19.988822,1.241183
20.823379,0.000000
20.019324,0.500561
20.960327,0.645380
21.153254,1.047068
20.505297,0.853974
21.588543,0.446042
21.107855,0.000000
20.538934,0.000000
20.445158,0.423975
20.999571,1.762797
