25.236488,0.000000
25.147162,2.083965
24.888558,4.152870
24.460309,6.194724
23.864677,8.193715
23.106577,10.136591
22.190495,12.010036
21.122758,13.801528
19.911327,15.498472
18.562794,17.090585
17.089204,18.564088
15.496496,19.913131
13.799956,21.124568
12.010045,22.191217
10.135334,23.106930
8.192855,23.865518
6.193795,24.460836
4.153127,24.888914
2.083815,25.148648
-0.000000,25.237886
-0.000000,26.499360
2.189893,26.407303
4.362444,26.137433
6.505707,25.687878
8.604883,25.062737
10.644662,24.266727
12.612634,23.304878
14.494363,22.184158
16.276547,20.911059
17.947113,19.495928
19.495971,17.946601
20.910980,16.276087
22.183776,14.493851
23.304533,12.611924
24.266488,10.644700
25.062549,8.604379
25.687824,6.504890
26.136924,4.362631
26.407572,2.188513
26.497930,0.000000
12.908005,21.662922
13.555036,22.749111
12.787863,22.464644
12.462307,21.927448
13.644532,21.892241
13.086433,22.013661
13.354421,21.395329
15.387612,21.552066
13.368274,22.375960
14.027097,22.466493
14.595830,21.335907
14.037686,21.445849
14.231146,21.833983
13.845180,22.174458
13.083669,23.029579
11.630506,23.790526
14.652270,20.522953
14.230389,20.823786
15.407462,20.693530
14.858326,20.860151
15.075572,20.220409
17.114564,20.207831
15.167744,21.197592
15.835279,21.232091
16.308137,20.057519
15.759164,20.214557
14.941024,21.870808
11.865349,23.008179
10.859015,23.473181
16.296935,19.242036
15.901461,19.577892
17.064121,19.350606
16.530580,19.561442
16.695047,18.905945
18.724754,18.725094
16.866305,19.872904
17.534194,19.852215
17.909095,18.642319
17.375100,18.843983
16.694864,20.562451
15.985334,20.584137
12.447111,22.922415
12.124878,23.548472
12.203249,22.550958
11.136438,24.031273
9.625671,24.669750
11.074937,22.653793
11.543334,22.425675
11.271983,23.030208
10.609536,22.883054
11.440440,23.424983
17.830172,17.830869
17.463981,18.197794
18.602509,17.875479
18.088875,18.129461
18.198306,17.463290
20.206920,17.115084
18.449784,18.411779
19.113873,18.336362
19.386830,17.100067
18.871512,17.345002
18.335844,19.113842
17.631507,19.193075
9.934251,23.935736
10.504251,23.889405
10.139764,24.468592
8.890323,24.283964
10.270877,23.494953
9.462400,24.297286
9.113682,24.868507
19.241581,16.297714
18.906395,16.694123
20.015613,16.278268
19.524536,16.573803
19.578509,15.900632
21.551204,15.388237
19.906924,16.825588
20.562722,16.695613
20.733024,15.440791
20.239511,15.727148
19.851981,17.534336
19.155172,17.672196
9.166344,23.491518
9.650689,23.301087
9.353741,23.877694
8.683319,23.680874
9.779016,23.605544
7.554972,25.380452
20.521764,14.652591
20.220843,15.075528
21.291546,14.569947
20.826277,14.904821
20.824693,14.229981
22.748095,13.556064
21.228421,15.124365
21.871044,14.940787
21.937024,13.675887
21.468969,14.002086
21.231827,15.835542
20.549390,16.029955
7.922097,24.668413
8.496595,24.671841
8.084218,25.222728
6.853679,24.935679
8.302312,24.260706
7.425418,24.994178
7.029012,25.536165
21.661588,12.908000
21.396337,13.354739
22.421572,12.762141
21.985846,13.133994
21.928528,12.462031
23.789785,11.630958
22.404766,13.319599
23.029892,13.083564
22.991380,11.817965
22.551996,12.181395
22.466831,14.028231
21.803089,14.278141
7.195255,24.168434
7.694041,24.018108
6.697993,24.317235
5.432984,25.917950
22.653728,11.075161
22.426017,11.542574
23.399001,10.867139
22.995554,11.273728
22.882461,10.608831
24.669093,9.626786
23.427945,11.424184
24.031602,11.137046
23.888774,9.879149
23.480875,10.277532
23.548439,12.124777
22.907211,12.429205
7.345437,24.569373
7.797781,24.334313
5.857918,25.239305
6.429775,25.289647
5.973696,25.804403
4.770960,25.416775
6.269945,24.863590
5.335725,25.522094
4.896557,26.029616
23.490986,9.166662
23.302495,9.651382
24.216406,8.897846
23.848175,9.336223
23.680364,8.683265
25.379824,7.556642
24.291386,9.450725
24.869132,9.114431
24.622930,7.872806
24.249470,8.303258
24.469200,10.138881
23.855462,10.495144
5.174789,24.680283
5.683985,24.571541
4.666738,24.787037
3.273753,26.277406
24.167853,7.195013
24.019965,7.694336
24.868842,6.867748
24.537671,7.334726
24.316651,6.697877
25.917134,5.434306
24.988699,7.412398
25.536853,7.029669
25.188868,5.812278
24.852641,6.272525
25.222751,8.083313
24.640676,8.489270
5.291719,25.091992
5.761500,24.895155
3.754010,25.636848
4.319346,25.734612
3.822445,26.209981
2.655948,25.723220
4.195513,25.296736
3.210457,25.875305
2.731202,26.345586
24.679727,5.174919
24.573119,5.684545
25.350916,4.789828
25.060279,5.282911
24.785512,4.666962
26.277974,3.274931
25.515540,5.323877
26.029897,4.896715
25.583291,3.711748
25.285215,4.199247
25.804476,5.972665
25.257852,6.425211
3.119707,25.023911
3.635197,24.956993
2.604050,25.087137
1.094396,26.457987
25.023371,3.120482
24.958436,3.635499
25.658743,2.680569
25.411667,3.195087
25.086365,2.604626
26.459043,1.095672
25.868509,3.199154
26.344502,2.730212
25.801485,1.587873
25.546539,2.097238
26.209535,3.822092
25.701761,4.316208
3.202002,25.444163
3.685898,25.285254
1.623432,25.859208
2.179610,26.002896
1.643122,26.436711
0.000000,25.686606
1.041588,25.196099
0.629369,25.210862
2.093349,25.557816
1.561341,25.173156
0.763752,25.945326
1.232338,26.113236
0.545020,26.480770
0.000000,26.089171
0.574620,25.588564
1.195526,25.579955
25.195491,1.042145
25.171841,1.562173
25.857789,0.000000
25.211064,0.629270
25.968928,0.799848
26.115981,1.294708
25.595624,1.066023
26.480128,0.543423
26.087044,0.000000
25.630830,0.000000
25.553837,0.533877
25.970820,2.179174
