28.637898,0.000000
28.536189,2.364988
28.242726,4.712471
27.756647,7.029836
27.080692,9.298342
26.220462,11.503022
25.180892,13.628961
23.969188,15.661878
22.594457,17.587507
21.064329,19.394064
19.392148,21.066077
17.584617,22.596964
15.659586,23.971608
13.629068,25.181700
11.501083,26.220922
9.296967,27.081703
7.028303,27.757173
4.712812,28.243008
2.364897,28.537959
-0.000000,28.639410
-0.000000,29.756410
2.459638,29.653647
4.898731,29.350722
7.305566,28.845951
9.662909,28.143998
11.953389,27.250108
14.163605,26.169963
16.276740,24.911243
18.277828,23.481643
20.153723,21.892653
21.892912,20.152763
23.481691,18.277074
24.910984,16.275833
26.169596,14.162539
27.249730,11.953561
28.143725,9.662436
28.845969,7.304669
29.349990,4.899515
29.654379,2.457996
29.755306,0.000000
14.649007,24.584474
15.222773,25.547964
14.434791,25.357525
14.144375,24.883689
15.408544,24.722026
14.801325,24.898457
15.154298,24.281003
17.280802,24.203522
15.063302,25.212784
15.753821,25.229259
16.475244,24.083117
15.874531,24.251590
16.036116,24.602513
15.591492,24.969650
14.692434,25.863424
13.061692,26.717401
16.628352,23.290810
16.150987,23.631105
17.399099,23.367944
16.805040,23.593596
17.107753,22.947931
19.220231,22.694005
17.090964,23.884822
17.784524,23.843312
18.408147,22.640093
17.820934,22.859151
16.778233,24.562149
13.389385,25.962862
12.256293,26.492820
18.494750,21.837142
18.047450,22.217164
19.269462,21.851461
18.696396,22.124748
18.945849,21.456402
21.028515,21.028695
19.004985,22.392281
19.692460,22.293666
20.215283,21.042867
19.648396,21.309285
18.747597,23.093144
18.012355,23.194253
14.023270,25.824742
13.618194,26.444778
13.799101,25.499318
12.505326,26.988260
10.810157,27.704835
12.568705,25.708634
13.099398,25.450648
12.745936,26.040773
12.042091,25.968819
12.890644,26.393823
20.234788,20.235693
19.820412,20.651026
21.006849,20.185775
20.458878,20.505224
20.651745,19.819241
22.692831,19.220815
20.789059,20.745795
21.466328,20.591374
21.883203,19.302024
21.340533,19.614274
20.590631,21.466502
19.867247,21.626851
11.207569,27.002978
11.832889,26.911116
11.389138,27.477824
10.034612,27.408556
11.613216,26.566572
10.661720,27.375519
10.233565,27.928322
21.836504,18.495915
21.457205,18.944463
22.602373,18.382216
22.082640,18.745806
22.218101,18.045919
24.202514,17.281531
22.430902,18.958593
23.093412,18.748605
23.402737,17.429115
22.887421,17.784735
22.293454,19.692809
21.584083,19.913240
10.402914,26.659588
10.950986,26.443378
10.576811,26.998601
9.855963,26.874206
11.065972,26.712111
8.484311,28.503006
23.289276,16.628878
22.948805,17.107599
24.043217,16.453105
23.554834,16.858179
23.632463,16.150229
25.546578,15.224155
23.919814,17.041772
24.562471,16.777927
24.761724,15.437125
24.277729,15.834058
23.843089,17.785098
23.154972,18.062801
8.938047,27.830993
9.571231,27.793236
9.080772,28.324884
7.735718,28.143990
9.387413,27.432419
8.366775,28.160874
7.892594,28.677852
24.582832,14.649022
24.282684,15.154797
25.319318,14.411850
24.866390,14.855350
24.885222,14.144023
26.716506,13.062157
25.245284,15.008259
25.863814,14.692300
25.951843,13.339985
25.502482,13.775179
25.230056,15.755569
24.567663,16.088971
8.166006,27.427707
8.730686,27.256830
7.602867,27.596530
6.101100,29.106679
25.708851,12.569029
25.451108,13.098312
26.423013,12.271893
26.008493,12.751388
25.967739,12.040945
27.704036,10.811499
26.398209,12.872553
26.988685,12.506174
26.964854,11.151536
26.552851,11.622184
26.444950,13.618082
25.811834,14.005682
8.306179,27.780846
8.823551,27.536112
6.609192,28.474996
7.242756,28.489114
6.710680,28.978225
5.385043,28.687082
7.089333,28.114008
6.012200,28.755663
5.497916,29.231901
26.659087,10.403185
26.445656,10.951953
27.346029,10.048051
26.972884,10.560063
26.873373,9.855800
28.502200,8.486756
27.371128,10.648939
27.929197,10.234687
27.793470,8.886833
27.422047,9.389576
27.479084,11.387891
26.880281,11.826375
5.872979,28.008611
6.449591,27.884849
5.297627,28.129749
3.675749,29.510270
27.427121,8.165388
27.259843,8.731134
28.082953,7.755735
27.752602,8.296128
27.595726,7.602693
29.105709,6.103038
28.156783,8.352171
28.678917,7.893510
28.432226,6.560933
28.104082,7.093126
28.325446,9.079321
27.765167,9.566221
5.983927,28.371701
6.519444,28.170838
4.235396,28.923373
4.865102,28.990264
4.295004,29.433916
2.997786,29.032878
4.743932,28.603802
3.617791,29.153664
3.066631,29.586866
28.008191,5.872992
27.887490,6.450269
28.627156,5.408975
28.343986,5.975317
28.127618,5.297998
29.511338,3.677857
28.750534,5.998974
29.232530,5.497933
28.877847,4.189659
28.593122,4.748848
28.978865,6.709104
28.460690,7.240218
3.540920,28.398794
4.124356,28.322188
2.956754,28.469977
1.229002,29.712785
28.398332,3.541942
28.324711,4.124728
28.974858,3.027331
28.741675,3.613936
28.469383,2.957488
29.714969,1.231009
29.148491,3.605248
29.585682,3.065026
29.123524,1.792746
28.888781,2.372039
29.433949,4.294267
28.960625,4.863652
3.620904,28.770204
4.170708,28.612172
1.832012,29.174709
2.454747,29.292659
1.846325,29.689132
0.000000,29.033389
1.182335,28.593899
0.714497,28.610352
2.367296,28.899135
1.770558,28.567928
0.860555,29.260890
1.388610,29.405293
0.610728,29.738502
0.000000,29.390081
0.651754,28.945302
1.351806,28.932479
28.593654,1.183094
28.566580,1.771878
29.184777,0.000000
28.611156,0.714353
29.282731,0.901899
29.407205,1.459026
28.947956,1.205246
29.738097,0.608237
29.387882,0.000000
28.984471,0.000000
28.915277,0.605991
29.264297,2.455159
