20.071440,-0.000000
20.003120,1.657523
19.797409,3.303690
19.457210,4.927295
18.983541,6.517271
18.380408,8.062685
17.651814,9.552995
16.802778,10.978172
15.839336,12.327989
14.766516,13.594514
13.594347,14.766710
12.327838,15.839568
10.978051,16.803042
9.552917,17.652090
8.062602,18.380707
6.517207,18.983893
4.927243,19.457603
3.303665,19.797847
1.657502,20.003618
0.000000,20.071956
-0.000000,21.636769
1.786726,21.562492
3.561268,21.341797
5.311435,20.974645
7.025393,20.464052
8.691291,19.814031
10.297624,19.028588
11.834319,18.113741
13.289760,17.074506
14.653925,15.918936
15.918788,14.654036
17.074325,13.289844
18.113518,11.834380
19.028336,10.297661
19.813749,8.691321
20.463730,7.025391
20.974274,5.311411
21.341370,3.561248
21.562026,1.786683
21.636246,0.000000
10.265532,17.227645
11.065993,18.571232
10.309520,18.111548
9.909270,17.439877
10.988374,17.630819
10.497611,17.657988
10.621808,17.015363
12.562072,17.594191
10.824659,18.118787
11.450187,18.342486
11.768162,17.202347
11.265955,17.211662
11.523009,17.679734
11.227273,17.984222
10.681814,18.799944
9.494484,19.421383
11.653007,16.321369
11.315587,16.562209
12.408732,16.666640
11.919834,16.733335
11.990449,16.080501
13.971881,16.496786
12.281743,17.165154
12.925961,17.334360
13.148300,16.172016
12.648146,16.223992
12.198205,17.853997
9.573224,18.564532
8.756808,18.930597
12.961155,15.303188
12.644560,15.571390
13.743735,15.585186
13.261565,15.691861
13.277791,15.034990
15.286403,15.286545
13.657061,16.092324
14.312949,16.207871
14.439150,15.030535
13.944953,15.123835
13.630816,16.785681
12.944356,16.667824
10.083292,18.568401
9.896097,19.225002
9.795803,18.101853
9.092878,19.617743
7.858348,20.139120
8.807794,18.016473
9.180380,17.834323
9.048244,18.486862
8.435259,18.198633
9.264523,18.969769
14.180497,14.180665
13.887482,14.473700
14.982561,14.396767
14.511421,14.543028
14.473543,13.887625
16.496606,13.971997
14.939542,14.909339
15.602646,14.970300
15.630709,13.787054
15.145949,13.920756
14.970167,15.602780
14.277312,15.541350
8.020226,19.323840
8.511837,19.357682
8.274884,19.976587
7.168916,19.583148
8.245668,18.860346
7.662815,19.678257
7.441854,20.301616
15.302996,12.961298
15.034815,13.277915
16.120872,13.110401
15.663127,13.295026
15.571206,12.644679
17.593978,12.562163
16.119483,13.624887
16.785518,13.630927
16.716071,12.449295
16.243951,12.622414
16.207710,14.313059
15.511131,14.309708
7.289935,18.682382
7.676277,18.531571
7.508423,19.168266
6.903622,18.833176
7.834336,18.912018
6.168402,20.719429
16.321130,11.653118
16.080294,11.990564
17.148467,11.734394
16.707475,11.956212
16.562000,11.315686
18.570986,11.066069
17.189680,12.247187
17.853797,12.198273
17.686669,11.025994
17.230573,11.237834
17.334165,12.926044
16.640214,12.979865
6.394789,19.912969
6.885263,19.990222
6.596953,20.591767
5.526756,20.108997
6.665118,19.474834
6.012854,20.242440
5.739903,20.847063
17.227374,10.265615
17.015136,10.621903
18.058324,10.278024
17.637381,10.535497
17.439640,9.909347
19.421107,9.494532
18.142038,10.785603
18.799714,10.681866
18.536577,9.527922
18.099493,9.776479
18.342266,11.450266
17.655272,11.561137
5.722251,19.220828
6.119740,19.102372
5.324793,19.339253
4.436327,21.158303
18.016192,8.807867
17.834060,9.180441
18.845470,8.751782
18.447103,9.043074
18.198343,8.435316
20.138809,7.858391
18.970416,9.250724
19.617477,9.092922
19.260069,7.964725
18.844991,8.248532
19.224743,9.896138
18.549013,10.063697
5.896030,19.723076
6.247803,19.497408
4.728699,20.373958
5.210862,20.491185
4.873936,21.066504
3.847171,20.496853
5.033693,19.959181
4.320481,20.670178
3.998784,21.250076
18.682056,7.290000
18.531287,7.676351
19.503959,7.165686
19.130947,7.488856
18.832845,6.903677
20.719074,6.168431
19.669528,7.652651
20.301318,7.441881
19.852126,6.347062
19.461883,6.664177
19.976302,8.274894
19.316775,8.497640
4.115471,19.627809
4.521360,19.542712
3.709602,19.712861
2.673957,21.452221
19.220458,5.722296
19.102053,6.119792
20.029326,5.530613
19.684227,5.883444
19.338875,5.324834
21.157892,4.436337
20.234396,6.002268
20.846718,5.739912
20.308754,4.686103
19.946008,5.034309
20.591425,6.596946
19.952537,6.873416
4.247428,20.142839
4.616213,19.946750
3.030433,20.695285
3.501158,20.851806
3.117663,21.397059
2.142034,20.744314
3.368170,20.306610
2.599113,20.956355
2.230334,21.507407
19.627390,4.115508
19.542342,4.521406
20.417898,3.857529
20.103048,4.237805
19.712419,3.709634
21.451782,2.673955
20.661115,4.310753
21.249670,3.998777
20.626023,2.992664
20.293431,3.369878
21.066114,4.873912
20.452258,5.202359
2.480601,19.900811
2.892124,19.849331
2.069079,19.952223
0.893354,21.599700
19.900348,2.480638
19.848911,2.892155
20.666312,2.158475
20.384162,2.563170
19.951743,2.069110
21.599226,0.893366
20.946419,2.589802
21.506928,2.230304
20.803202,1.279812
20.502698,1.682755
21.396608,3.117643
20.812118,3.495191
2.570230,20.424800
2.953468,20.259481
1.310706,20.873640
1.767037,21.068941
1.340050,21.581164
0.000000,20.639876
0.828737,20.037820
0.501335,20.051257
1.680468,20.515658
1.243109,20.020718
0.618175,20.962273
0.997987,21.177660
0.446653,21.618256
-0.000000,21.138245
0.457914,20.519672
0.959294,20.518601
20.037318,0.828754
20.020211,1.243135
20.853639,0.000000
20.050769,0.501335
20.990401,0.646310
21.182994,1.048551
20.535979,0.855259
21.617754,0.446625
21.137704,0.000000
20.569628,0.000000
20.475977,0.424641
21.029390,1.765297
