27.976375,0.000000
27.877023,2.310311
27.590331,4.603611
27.115488,6.867393
26.455151,9.083476
25.614787,11.237238
24.599234,13.314067
23.415531,15.300024
22.072563,17.181175
20.577753,18.946026
18.944199,20.579428
17.178449,22.074948
15.297858,23.417852
13.314154,24.600034
11.235432,25.615223
9.082204,26.456133
6.865983,27.116011
4.603950,27.590616
2.310209,27.878736
-0.000000,27.977862
-0.000000,29.120397
2.406979,29.019681
4.794031,28.723222
7.149387,28.229234
9.456311,27.542284
11.697827,26.667510
13.860738,25.610470
15.928675,24.378703
17.887020,22.979660
19.722816,21.424620
21.424836,19.721942
22.979685,17.886314
24.378415,15.927841
25.610107,13.859730
26.667165,11.697960
27.542034,9.455811
28.229247,7.148482
28.722546,4.794680
29.020342,2.405361
29.119212,0.000000
14.310365,24.016237
14.897093,25.001414
14.113812,24.793700
13.817205,24.308686
15.064791,24.170600
14.467347,24.336658
14.804238,23.719714
16.911094,23.685761
14.732729,24.659528
15.416618,24.689758
16.108939,23.547675
15.516765,23.705126
15.684086,24.062565
15.250839,24.424371
14.378297,25.310027
12.782204,26.145856
16.243990,22.752455
15.777419,23.085075
17.010990,22.846785
16.425907,23.061266
16.712510,22.417409
18.809036,22.208514
16.715886,23.360740
17.403879,23.333402
17.998858,22.136736
17.419360,22.344064
16.419487,24.036579
13.092320,25.386914
11.983959,25.904250
18.067259,21.332378
17.630044,21.703824
18.839703,21.364120
18.274590,21.625545
18.508091,20.960316
20.578636,20.578858
18.587887,21.900935
19.270998,21.816914
19.765806,20.574994
19.205623,20.829123
18.346751,22.598944
17.617012,22.685199
13.715834,25.258667
13.326580,25.879197
13.488254,24.925062
12.238022,26.410814
10.578830,27.112159
12.278150,25.114462
12.796771,24.862264
12.458842,25.454416
11.763451,25.368639
12.607810,25.814818
19.767071,19.767948
19.362074,20.173872
20.538310,19.735575
19.997310,20.042545
20.174570,19.360986
22.207386,18.809612
20.332838,20.290599
21.006949,20.151029
21.396659,18.872855
20.859640,19.172291
20.150331,21.007068
19.431199,21.152190
10.959342,26.405061
11.573728,26.321714
11.145175,26.890193
9.811580,26.799542
11.351756,25.968291
10.427817,26.775171
10.014885,27.330796
21.331773,18.068353
20.961062,18.506777
22.098290,17.972223
21.584439,18.322807
21.704716,17.628643
23.684768,16.911814
21.938661,18.542597
22.599226,18.347715
22.882407,17.041582
22.371687,17.383978
21.816696,19.271298
21.110361,19.476167
10.162377,26.043390
10.698099,25.832179
10.338590,26.390741
9.627877,26.253103
10.815390,26.107216
8.302812,27.893245
22.750976,16.244477
22.418204,16.712369
23.506995,16.086141
23.023440,16.477758
23.086367,15.776722
25.000096,14.898414
23.394923,16.667822
24.036899,16.419186
24.211190,15.093852
23.730666,15.477242
23.333173,17.404385
22.646795,17.666331
8.739997,27.214498
9.361610,27.184401
8.886169,27.719114
7.563804,27.518657
9.176060,26.814647
8.183184,27.543274
7.723957,28.064340
24.014634,14.310378
23.721279,14.804696
24.754633,14.090378
24.305397,14.520112
24.310159,13.816857
26.144982,12.782675
24.691311,14.678921
25.310418,14.378162
25.374849,13.043337
24.927818,13.464754
24.690465,15.418252
24.028476,15.735801
7.977172,26.793772
8.529082,26.626874
7.426865,26.958705
5.970612,28.483991
25.114614,12.278456
24.862718,12.795735
25.833725,11.998157
25.421717,12.463609
25.367666,11.762384
27.111380,10.580149
25.818932,12.590078
26.411240,12.238828
26.365324,10.903542
25.954524,11.360281
25.879333,13.326464
25.245336,13.698220
8.119049,27.155353
8.623829,26.912660
6.462734,27.844248
7.084171,27.865044
6.566763,28.358460
5.265355,28.049663
6.929732,27.480901
5.880274,28.125015
5.380486,28.606555
26.042873,10.162663
25.834301,10.699012
26.736158,9.823922
26.364342,10.321710
26.252344,9.627733
27.892473,8.305121
26.770500,10.415252
27.331642,10.015939
27.175530,8.689197
26.804127,9.177982
26.891324,11.143981
26.290342,11.566743
5.737161,27.361243
6.300697,27.240382
5.174911,27.479586
3.597240,28.878946
26.793180,7.976631
26.629676,8.529499
27.456620,7.582701
27.126491,8.108887
26.957949,7.426692
28.483048,5.972442
27.538926,8.168884
28.065347,7.724834
27.800090,6.415008
27.470804,6.933291
27.719561,8.884818
27.155789,9.356179
5.849103,27.732913
6.371868,27.532997
4.141557,28.282706
4.758643,28.355236
4.202709,28.804371
2.931156,28.387784
4.637106,27.959669
3.538355,28.514271
3.001131,28.953917
27.360791,5.737203
27.242831,6.301362
27.988715,5.288328
27.704487,5.840460
27.477573,5.175250
28.879938,3.599159
28.119624,5.867316
28.607131,5.380545
28.235739,4.096516
27.948846,4.641798
28.358985,6.565286
27.836031,7.081264
3.458984,27.742366
4.029234,27.667626
2.888148,27.811999
1.202721,29.077181
27.741896,3.459963
27.669957,4.029593
28.328637,2.959764
28.093172,3.532346
27.811371,2.888858
29.079168,1.204594
28.508815,3.526049
28.952752,2.999652
28.476056,1.752805
28.237835,2.318505
28.804298,4.202061
28.325040,4.756870
3.539307,28.122396
4.076310,27.964349
1.791329,28.528400
2.401078,28.650976
1.806631,29.054025
0.000000,28.381405
1.154937,27.933023
0.697910,27.949109
2.313920,28.248340
1.729897,27.907610
0.841683,28.614488
1.358135,28.763095
0.597895,29.102325
-0.000000,28.746217
0.636744,28.291601
1.321380,28.279574
27.932711,1.155667
27.906268,1.731117
28.536289,0.000000
27.949813,0.697778
28.636641,0.882009
28.765156,1.426979
28.295072,1.178148
29.101882,0.595575
28.744018,0.000000
28.331297,0.000000
28.260740,0.591962
28.621964,2.401322
