20.023448,0.000000
19.955343,1.653551
19.750111,3.295784
19.410721,4.915497
18.938176,6.501668
18.336479,8.043386
17.609630,9.530138
16.762636,10.951913
15.801509,12.298505
14.731257,13.562000
13.561890,14.731388
12.298411,15.801666
10.951841,16.762818
9.530088,17.609830
8.043342,18.336699
6.501636,18.938425
4.915473,19.410994
3.295772,19.750408
1.653542,19.955665
0.000000,20.023777
-0.000000,21.592066
1.783020,21.517974
3.553912,21.297740
5.300479,20.931357
7.010909,20.421825
8.673385,19.773152
10.276405,18.989339
11.809947,18.076394
13.262402,17.039320
14.623767,15.886137
15.886032,14.623846
17.039189,13.262460
18.076234,11.809986
18.989154,10.276429
19.772943,8.673400
20.421589,7.010909
20.931093,5.300470
21.297449,3.553903
21.517663,1.783004
21.591734,-0.000000
10.240980,17.186350
11.043183,18.532889
10.286657,18.071322
9.885549,17.398093
10.963860,17.591420
10.473667,17.617625
10.596416,16.974590
12.536186,17.557880
10.801247,18.079541
11.426575,18.304641
11.742086,17.164165
11.240330,17.172447
11.498089,17.641446
11.203200,17.945629
10.659796,18.761126
9.474904,19.381270
11.625146,16.282263
11.288513,16.522542
12.381065,16.629427
11.892664,16.695108
11.961788,16.041976
13.943098,16.462749
12.255187,17.127996
12.899308,17.298603
13.119166,16.136141
12.619392,16.187050
12.173069,17.817146
9.552086,18.523482
8.737415,18.888618
12.930171,15.266543
12.614312,15.534108
13.713105,15.550401
13.231346,15.656032
13.246044,14.998979
15.254915,15.255011
13.627538,16.057496
14.283448,16.174447
14.407159,14.997193
13.913253,15.089404
13.602748,16.751046
12.916383,16.631744
10.061543,18.528267
9.875669,19.185311
9.773546,18.060638
9.074141,19.577222
7.842149,20.097515
8.786726,17.973288
9.158415,17.791572
9.027684,18.444767
8.415054,18.155007
9.244495,18.928686
14.146595,14.146712
13.854263,14.439054
14.949168,14.364633
14.478348,14.509826
14.438938,13.854368
16.462626,13.943172
14.907252,14.877078
15.570490,14.939432
15.596079,13.756471
15.111516,13.889067
14.939342,15.570587
14.246462,15.507715
8.002580,19.281234
8.493504,19.315910
8.257788,19.935338
7.153034,19.539696
8.226940,18.817405
7.646246,19.635657
7.426524,20.259680
15.266405,12.930268
14.998850,13.246137
16.084940,13.081139
15.627426,13.264674
15.533970,12.614397
17.557731,12.536240
16.084642,13.595407
16.750925,13.602818
16.679029,12.421678
16.207016,12.593683
16.174335,14.283523
15.477615,14.278740
7.272498,18.637588
7.657923,18.487152
7.491359,19.124627
6.887084,18.788020
7.816329,18.868482
6.155690,20.676618
16.282096,11.625221
16.041823,11.961866
17.110235,11.708198
16.669386,11.928915
16.522381,11.288581
18.532714,11.043223
17.152520,12.220682
17.816998,12.173114
17.647464,11.001526
17.191384,11.212250
17.298464,12.899363
16.604255,12.951772
6.380705,19.869027
6.870435,19.947055
6.583318,20.549230
5.514513,20.064372
6.649976,19.430481
5.999847,20.198607
5.728080,20.803995
17.186159,10.241036
16.974417,10.596478
18.018049,10.255070
17.597156,10.511436
17.397910,9.885601
19.381070,9.474928
18.102805,10.762254
18.760952,10.659827
18.495475,9.506771
18.058314,9.754215
18.304478,11.426618
17.617109,11.536108
5.708563,19.174736
6.105103,19.056585
5.312033,19.292878
4.427188,21.114576
17.973080,8.786770
17.791374,9.158457
18.803430,8.732230
18.405020,9.022414
18.154793,8.415092
20.097289,7.842166
18.929381,9.230693
19.577022,9.074162
19.217362,7.947042
18.802111,8.229744
19.185120,9.875692
18.508902,10.041900
5.882627,19.678157
6.233451,19.452537
4.718287,20.328991
5.199644,20.446934
4.863852,21.022976
3.838647,20.451356
5.022258,19.913722
4.311129,20.625412
3.990546,21.206167
18.637353,7.272534
18.486934,7.657963
19.460456,7.149675
19.087303,7.471745
18.787780,6.887115
20.676365,6.155699
19.626980,7.636080
20.259456,7.426534
19.808114,6.332969
19.417606,6.648999
19.935124,8.257796
19.274997,8.479232
4.105628,19.580729
4.510551,19.495863
3.700711,19.665579
2.668453,21.407882
19.174476,5.708587
19.056343,6.105130
19.984660,5.518256
19.639329,5.870000
19.292612,5.312055
21.114294,4.427189
20.190637,5.989274
20.803743,5.728081
20.263746,4.675704
19.900638,5.022843
20.548985,6.583315
19.909387,6.858526
4.237771,20.096958
4.605607,19.900836
3.023760,20.649603
3.493628,20.806765
3.111199,21.352828
2.137295,20.698263
3.360517,20.260343
2.593480,20.910959
2.225734,21.462945
19.580443,4.105646
19.495595,4.510573
20.372380,3.848915
20.057203,4.228124
19.665284,3.700727
21.407583,2.668450
20.616449,4.301420
21.205884,3.990541
20.580315,2.986025
20.247287,3.362198
21.022703,4.863841
20.408038,5.191093
2.474663,19.853063
2.885214,19.801736
2.064112,19.904367
0.891507,21.555043
19.852755,2.474678
19.801444,2.885228
20.620265,2.153654
20.337676,2.557319
19.904053,2.064124
21.554729,0.891510
20.901141,2.584190
21.462631,2.225722
20.757129,1.276968
20.456084,1.678919
21.352527,3.111190
20.767136,3.487631
2.564389,20.378254
2.946686,20.212838
1.307828,20.827536
1.763238,21.023418
1.337267,21.536530
0.000000,20.593091
0.826767,19.989732
0.500155,20.003165
1.676651,20.468896
1.240151,19.972698
0.616831,20.916210
0.995830,21.132129
0.445746,21.573562
0.000000,21.092553
0.456832,20.472628
0.957105,20.471640
19.989408,0.826773
19.972373,1.240161
20.807523,0.000000
20.002846,0.500156
20.944568,0.644893
21.137670,1.046290
20.489219,0.853301
21.573237,0.445736
21.092215,0.000000
20.522850,0.000000
20.429009,0.423626
20.983946,1.761487
