28.887088,-0.000000
28.784496,2.385588
28.488484,4.753482
27.998173,7.091031
27.316335,9.379287
26.448623,11.603148
25.400006,13.747588
24.177754,15.798195
22.791058,17.740580
21.247626,19.562848
19.560893,21.249407
17.737625,22.793617
15.795853,24.180218
13.747700,25.400825
11.601157,26.449102
9.377870,27.317369
7.089450,27.998713
4.753821,28.488778
2.385501,28.786301
0.000000,28.888623
-0.000000,29.996289
2.479496,29.892757
4.938216,29.587393
7.364467,29.078555
9.740825,28.370942
12.049772,27.469842
14.277829,26.380982
16.408011,25.112095
18.425220,23.670970
20.316237,22.069176
22.069445,20.315250
23.671019,18.424453
25.111839,16.407081
26.380603,14.276746
27.469440,12.049963
28.370647,9.740366
29.078561,7.363576
29.586625,4.939053
29.893501,2.477849
29.995203,0.000000
14.776577,24.798538
15.345603,25.754100
14.555776,25.570056
14.267621,25.100305
15.538109,24.929872
14.927183,25.110174
15.286165,24.492454
17.420237,24.398799
15.187928,25.421371
15.880997,25.432736
16.613316,24.284949
16.009358,24.457534
16.168833,24.806083
15.719926,25.175244
14.810908,26.072144
13.167101,26.932964
16.773144,23.493618
16.291713,23.836804
17.545382,23.564382
16.947916,23.794208
17.256641,23.147790
19.375312,22.877111
17.232369,24.082410
17.928083,24.035628
18.562420,22.829832
17.972270,23.053272
16.913530,24.760373
13.501361,26.179972
12.358945,26.714683
18.655789,22.027297
18.204689,22.410548
19.431443,22.035152
18.855353,22.312876
19.110752,21.643288
21.198185,21.198354
19.162231,22.577526
19.851412,22.473476
20.384704,21.219229
19.815258,21.490242
18.898774,23.279537
18.161402,23.386175
14.139180,26.038166
13.728175,26.658092
13.916249,25.715739
12.606138,27.206051
10.897404,27.928368
12.678161,25.932471
13.213396,25.672305
12.854130,26.261753
12.147056,26.194918
12.997273,26.612117
20.410981,20.411900
19.993070,20.830778
21.183448,20.355465
20.632818,20.679588
20.831495,19.991876
22.875913,19.375903
20.961054,20.917411
21.639579,20.757452
22.066595,19.463797
21.521760,19.780843
20.756686,21.639782
20.031640,21.805807
11.301140,27.228373
11.930598,27.133340
11.481146,27.699455
10.118681,27.638125
11.711751,26.792049
10.749902,27.601861
10.316038,28.153687
22.026639,18.656986
21.644105,19.109346
22.792368,18.536752
22.270384,18.905217
22.411492,18.203115
24.397778,17.420972
22.616477,19.115430
23.279791,18.899802
23.598864,17.575192
23.081778,17.935766
22.473260,19.851785
21.762679,20.078024
10.493528,26.891722
11.046248,26.673631
10.666587,27.227686
9.941884,27.108188
11.160397,26.940059
8.552765,28.732983
23.492056,16.773690
23.148684,17.256488
24.245325,16.591421
23.755087,17.001544
23.838176,16.290937
25.752679,15.347010
24.117697,17.182757
24.760686,16.913227
24.969235,15.566519
24.483891,15.968531
24.035399,17.928686
23.346557,18.212277
9.012703,28.063390
9.650264,28.022787
9.154165,28.553356
7.800518,28.379711
9.467064,27.665241
8.435989,28.393721
7.956196,28.909246
24.796875,14.776596
24.494167,15.286684
25.532153,14.533019
25.077796,14.981687
25.101847,14.267273
26.932052,13.167564
25.454131,15.132425
26.072522,14.810778
26.169328,13.451805
25.719045,13.892169
25.433558,15.882790
24.770938,16.222121
8.237143,27.666524
8.806629,27.494149
7.669168,27.836811
6.150315,29.341534
25.932703,12.678494
25.672755,13.212296
26.645121,12.375070
26.229616,12.859840
26.193785,12.145884
27.927551,10.898754
26.616596,12.979050
27.206463,12.607003
27.190833,11.245016
26.778332,11.720888
26.658267,13.728067
26.025405,14.121599
8.376701,28.016576
8.898811,27.771054
6.664401,28.712765
7.302546,28.724409
6.764957,29.211976
5.430157,28.927358
7.149481,28.352610
6.061936,28.993430
5.542204,29.467759
26.891216,10.493795
26.675954,11.047237
27.575895,10.132529
27.202208,10.649889
27.107313,9.941716
28.732154,8.555260
27.597563,10.737043
28.154560,10.317187
28.026387,8.961331
27.654912,9.469319
27.700752,11.479883
27.102689,11.924260
5.924144,28.252488
6.505678,28.127635
5.343856,28.374679
3.705360,29.748383
27.665928,8.236498
27.497227,8.807090
28.319024,7.820954
27.988546,8.366692
27.835976,7.668996
29.340541,6.152295
28.389714,8.421274
28.910319,7.957126
28.670495,6.615938
28.342733,7.153364
28.553950,9.152679
27.994903,9.645410
6.034737,28.612442
6.575054,28.411203
4.270769,29.164883
4.905239,29.229690
4.329814,29.671355
3.022901,29.276049
4.784192,28.846560
3.647738,29.394730
3.091333,29.825590
28.252067,5.924147
28.130335,6.506361
28.867789,5.454449
28.584975,6.026140
28.372490,5.344240
29.749464,3.707540
28.988385,6.048611
29.468392,5.542205
29.119873,4.224768
28.835917,4.789192
29.212646,6.763345
28.696187,7.300146
3.571787,28.646084
4.160187,28.568777
2.982598,28.717851
1.238914,29.952512
28.645612,3.572825
28.571358,4.160565
29.218426,3.052797
28.986055,3.644686
28.717258,2.983342
29.954754,1.240969
29.389646,3.635107
29.824385,3.089682
29.367571,1.807803
29.134089,2.392215
29.671416,4.329042
29.200242,4.903912
3.651655,29.014344
4.206280,28.856300
1.847350,29.418345
2.474982,29.534595
1.861297,29.928668
-0.000000,29.279119
1.192658,28.842865
0.720749,28.859459
2.387413,29.144402
1.785871,28.816687
0.867670,29.504571
1.400099,29.647431
0.615568,29.978445
-0.000000,29.632841
0.657409,29.191654
1.363271,29.178534
28.842631,1.193428
28.815323,1.787230
29.429215,0.000000
28.860285,0.720600
29.526285,0.909396
29.649275,1.471108
29.193990,1.215457
29.978039,0.613014
29.630629,0.000000
29.230619,0.000000
29.161922,0.611276
29.506456,2.475458
