20.038117,-0.000000
19.969945,1.654764
19.764568,3.298199
19.424930,4.919101
18.952041,6.506434
18.349905,8.049281
17.622522,9.537119
16.774903,10.959933
15.813068,12.307510
14.742030,13.571930
13.571806,14.742175
12.307402,15.813241
10.959848,16.775101
9.537062,17.622736
8.049226,18.350139
6.506393,18.952311
4.919069,19.425229
3.298183,19.764896
1.654752,19.970310
-0.000000,20.038491
-0.000000,21.605716
1.784152,21.531568
3.556159,21.311193
5.303826,20.944575
7.015334,20.434719
8.678855,19.785634
10.282887,19.001323
11.817391,18.087798
13.270760,17.050064
14.632980,15.896152
15.896039,14.633066
17.049924,13.270823
18.087626,11.817437
19.001127,10.282914
19.785413,8.678874
20.434467,7.015333
20.944290,5.303812
21.310872,3.556147
21.531221,1.784128
21.605338,0.000000
10.248480,17.198961
11.050151,18.544597
10.293641,18.083606
9.892796,17.410853
10.971349,17.603451
10.480981,17.629951
10.604173,16.987042
12.544093,17.568967
10.808399,18.091525
11.433788,18.316197
11.750052,17.175824
11.248158,17.184422
11.505702,17.653138
11.210553,17.957414
10.666522,18.772979
9.480885,19.393518
11.633658,16.294205
11.296784,16.534656
12.389517,16.640791
11.900964,16.706782
11.970544,16.053741
13.951891,16.473142
12.263299,17.139342
12.907450,17.309522
13.128066,16.147096
12.628176,16.198331
12.180747,17.828399
9.558544,18.536017
8.743339,18.901437
12.939638,15.277734
12.623553,15.545494
13.722463,15.561023
13.240578,15.666973
13.255744,15.009976
15.264534,15.264640
13.636557,16.068131
14.292460,16.184653
14.416932,15.007375
13.922938,15.099919
13.611322,16.761622
12.924929,16.642762
10.068187,18.540522
9.881909,19.197430
9.780345,18.073224
9.079865,19.589595
7.847097,20.110219
8.793162,17.986476
9.165126,17.804628
9.033965,18.457622
8.421227,18.168330
9.250613,18.941231
14.156953,14.157081
13.864412,14.449634
14.959370,14.374447
14.488453,14.519965
14.449512,13.864524
16.473008,13.951975
14.917117,14.886930
15.580314,14.948858
15.606659,13.765811
15.122036,13.898745
14.948759,15.580418
14.255887,15.517986
8.007971,19.294244
8.499104,19.328666
8.263010,19.947933
7.157886,19.552965
8.232661,18.830518
7.651308,19.648665
7.431207,20.272485
15.277586,12.939744
15.009840,13.255842
16.095919,13.090076
15.638334,13.273943
15.545348,12.623646
17.568806,12.544158
16.095287,13.604410
16.761494,13.611402
16.690347,12.430112
16.218302,12.602458
16.184531,14.292543
15.487855,14.288197
7.277825,18.651268
7.663530,18.500717
7.496572,19.137953
6.892136,18.801810
7.821830,18.881777
6.159573,20.689691
16.294024,11.633741
16.053579,11.970631
17.121917,11.716199
16.681024,11.937252
16.534488,11.296859
18.544408,11.050201
17.163874,12.228777
17.828242,12.180798
17.659444,11.008999
17.203360,11.220064
17.309372,12.907512
16.615242,12.960352
6.385007,19.882445
6.874964,19.960237
6.587483,20.562219
5.518253,20.077999
6.654602,19.444025
6.003820,20.211992
5.731691,20.817146
17.198754,10.248543
16.986860,10.604243
18.030356,10.262081
17.609448,10.518785
17.410663,9.892853
19.393305,9.480916
18.114794,10.769386
18.772796,10.666558
18.508036,9.513231
18.070898,9.761015
18.316024,11.433841
17.628770,11.543752
5.712745,19.188813
6.109575,19.070568
5.315931,19.307041
4.429980,21.127928
17.986256,8.793214
17.804419,9.165172
18.816278,8.738202
18.417881,9.028724
18.168103,8.421269
20.109978,7.847122
18.941921,9.236812
19.589385,9.079893
19.230414,7.952444
18.815216,8.235483
19.197228,9.881938
18.521159,10.048558
5.886721,19.691875
6.237836,19.466239
4.721467,20.342722
5.203071,20.460446
4.866932,21.036268
3.841251,20.465249
5.025752,19.927604
4.313986,20.639082
3.993062,21.219575
18.651016,7.277869
18.500490,7.663579
19.473751,7.154566
19.100641,7.476972
18.801554,6.892174
20.689417,6.159588
19.639983,7.641142
20.272249,7.431222
19.821565,6.337274
19.431138,6.653635
19.947708,8.263019
19.287764,8.484855
4.108635,19.595107
4.513853,19.510171
3.703427,19.680019
2.670134,21.421421
19.188530,5.712775
19.070314,6.109609
19.998311,5.522030
19.653051,5.874107
19.306752,5.315958
21.127618,4.429984
20.204011,5.993243
20.816877,5.731695
20.277502,4.678880
19.914505,5.026346
20.561955,6.587479
19.922574,6.863075
4.240721,20.110969
4.608847,19.914857
3.025799,20.663553
3.495928,20.820519
3.113174,21.366334
2.138743,20.712326
3.362855,20.274472
2.595201,20.924822
2.227139,21.476522
19.594792,4.108658
19.509883,4.513882
20.386292,3.851546
20.071215,4.231081
19.679690,3.703448
21.421091,2.670132
20.630100,4.304271
21.219266,3.993057
20.594284,2.988053
20.261390,3.364544
21.035970,4.866918
20.421553,5.194534
2.476477,19.867645
2.887325,19.816271
2.065629,19.918982
0.892072,21.568680
19.867301,2.476499
19.815952,2.887344
20.634338,2.155127
20.351884,2.559106
19.918629,2.065647
21.568328,0.892077
20.914979,2.585904
21.476169,2.227122
20.771210,1.277836
20.470331,1.680090
21.365999,3.113161
20.780884,3.489941
2.566173,20.392469
2.948758,20.227083
1.308707,20.841615
1.764398,21.037319
1.338117,21.550160
0.000000,20.607379
0.827368,20.004418
0.500515,20.017853
1.677817,20.483176
1.241055,19.987363
0.617242,20.930277
0.996489,21.146033
0.446023,21.587210
0.000000,21.106506
0.457162,20.486995
0.957774,20.485982
20.004051,0.827378
19.986994,1.241069
20.821618,0.000000
20.017493,0.500516
20.958576,0.645326
21.151522,1.046981
20.503510,0.853899
21.586842,0.446008
21.106117,0.000000
20.537147,0.000000
20.443364,0.423936
20.997835,1.762651
