24.279185,0.000000
24.193492,2.004916
23.944718,3.995437
23.532772,5.959754
22.959754,7.882912
22.230392,9.752110
21.349060,11.554506
20.321840,13.278068
19.156359,14.910657
17.858931,16.442418
16.441220,17.860063
14.908972,19.157929
13.276730,20.323430
11.554491,21.349734
9.751046,22.230720
7.882189,22.960534
5.958980,23.533302
3.995637,23.945119
2.004754,24.194900
0.000000,24.280551
-0.000000,25.589387
2.114493,25.500445
4.212560,25.239785
6.282210,24.805652
8.309275,24.201963
10.279037,23.433292
12.179334,22.504477
13.996442,21.422297
15.717463,20.192930
17.330669,18.826374
18.826361,17.330284
20.192816,15.717103
21.421897,13.996047
22.504139,12.178752
23.433073,10.279069
24.201779,8.308814
24.805555,6.281476
25.239302,4.212630
25.500537,2.113257
25.587920,0.000000
12.418120,20.840777
13.089143,21.967181
12.326128,21.653629
11.988994,21.095584
13.149849,21.098650
12.604994,21.203733
12.847893,20.583357
14.858734,20.811304
12.893626,21.581588
13.544736,21.694643
14.068957,20.565751
13.522108,20.658281
13.725752,21.058766
13.356380,21.392108
12.634180,22.237914
11.230696,22.972821
14.096229,19.744087
13.689968,20.033810
14.848949,19.943542
14.311825,20.092734
14.503676,19.452927
16.526316,19.513253
14.629200,20.445115
15.290723,20.502580
15.719394,19.333531
15.180452,19.472247
14.427711,21.118956
11.438169,22.180038
10.467306,22.626732
15.678502,18.511811
15.297613,18.835193
16.445689,18.649295
15.922578,18.841811
16.061609,18.188296
18.081164,18.081520
16.267427,19.167425
16.931243,19.170124
17.262558,17.969344
16.737016,18.151986
16.121374,19.855489
15.417782,19.853284
12.005869,22.109818
11.707701,22.739315
11.755367,21.723391
10.753985,23.205207
9.294819,23.821814
10.654628,21.794167
11.105384,21.574508
10.858290,22.185143
10.206438,22.014710
11.034371,22.593650
17.153551,17.154166
16.800911,17.507443
17.928276,17.227588
17.423535,17.462483
17.507854,16.800377
19.512435,16.526801
17.794737,17.758205
18.456659,17.706356
18.686975,16.482767
18.178486,16.708034
17.705897,18.456613
17.005506,18.511596
9.577430,23.076123
10.132314,23.043495
9.790707,23.627887
8.569551,23.408063
9.894127,22.632831
9.126576,23.435344
8.800796,24.013716
18.511406,15.679169
18.188625,16.060856
19.290214,15.688254
18.806392,15.964033
18.835682,15.296991
20.810513,14.859301
19.200154,16.228309
19.855721,16.122034
19.984576,14.883388
19.496271,15.149606
19.169885,16.931352
18.475081,17.044687
8.818433,22.600034
9.284733,22.416898
9.010453,23.001689
8.353359,22.782261
9.417571,22.733113
7.295392,24.508092
19.743023,14.096499
19.453224,14.503674
20.519907,14.041842
20.060276,14.356445
20.034541,13.689670
21.966281,13.090044
20.474769,14.587461
21.119131,14.427515
21.145119,13.182145
20.680578,13.487881
20.502303,15.290922
19.819829,15.460746
7.637386,23.782063
8.195777,23.797995
7.805815,24.356043
6.606417,24.036315
7.997754,23.370473
7.161821,24.107465
6.787745,24.658498
20.839579,12.418114
20.584140,12.848170
21.608962,12.299501
21.177169,12.650748
21.096469,11.988765
22.972144,11.231120
21.609351,12.846749
22.238163,12.634101
22.161412,11.391285
21.723815,11.734047
21.694854,13.545687
21.029009,13.771100
6.922140,23.251284
7.402268,23.106791
6.443382,23.394443
5.246383,25.027116
21.794045,10.654825
21.574776,11.104748
22.550975,10.473190
22.149708,10.858899
22.014220,10.205873
23.821213,9.295815
22.596199,11.018620
23.205463,10.754516
23.026399,9.522453
22.618593,9.900116
22.739221,11.707620
22.093909,11.987779
7.075787,23.667931
7.509685,23.435174
5.647394,24.332467
6.202208,24.393962
5.767816,24.917696
4.598813,24.500036
6.039969,23.951282
5.146286,24.616670
4.728545,25.135021
22.599516,8.818747
22.418028,9.285345
23.338771,8.575272
22.970945,8.992663
22.781814,8.353341
24.507515,7.296806
23.428981,9.115208
24.014223,8.801433
23.734073,7.588533
23.358951,7.998365
23.628315,9.789969
23.008499,10.122392
4.978364,23.743700
5.468500,23.639246
4.489237,23.846408
3.161470,25.374280
23.250718,6.921991
23.108284,7.402525
23.967513,6.618718
23.635107,7.064838
23.393906,6.443303
25.026347,5.247500
24.101560,7.149257
24.659039,6.788306
24.279609,5.602424
23.939977,6.042204
24.355942,7.805078
23.765807,8.187724
5.097435,24.171407
5.548625,23.975275
3.619105,24.715788
4.166583,24.823194
3.690471,25.309261
2.560138,24.795469
4.041599,24.368511
3.096385,24.957363
2.637483,25.440068
23.743121,4.978513
23.640485,5.469005
24.432163,4.616192
24.138396,5.088547
23.845051,4.489430
25.374655,3.162402
24.609675,5.134829
25.135171,4.728707
24.659658,3.577766
24.356700,4.044986
24.917626,5.766955
24.361047,6.197009
3.001202,24.074241
3.497499,24.010100
2.504821,24.135239
1.056783,25.548723
24.073661,3.001889
24.011195,3.497780
24.728840,2.583319
24.476748,3.077541
24.134422,2.505338
25.549413,1.057833
24.950025,3.085441
25.439014,2.636656
24.870162,1.530462
24.608347,2.020125
25.308714,3.690192
24.789264,4.162954
3.084441,24.510559
3.549745,24.350999
1.565041,24.930009
2.102592,25.081935
1.586385,25.528031
0.000000,24.747531
1.002039,24.239958
0.605500,24.254345
2.016499,24.619953
1.502394,24.217953
0.736625,25.016321
1.188583,25.191800
0.526654,25.570692
-0.000000,25.165098
0.552940,24.646116
1.151627,24.638763
24.239244,1.002520
24.216655,1.503096
24.925216,0.000000
24.254337,0.605411
25.040507,0.771237
25.194822,1.248713
24.654538,1.026894
25.569967,0.525322
25.163039,0.000000
24.689447,0.000000
24.609864,0.513599
25.048624,2.101921
