20.471186,0.000000
20.401083,1.690547
20.191340,3.369432
19.844356,5.025407
19.361284,6.647034
18.746177,8.223201
18.003059,9.743127
17.137049,11.196616
16.154370,12.573278
15.060188,13.864995
13.864684,15.060513
12.572929,16.154778
11.196336,17.137489
9.743018,18.003397
8.222966,18.746477
6.646851,19.361719
5.025232,19.844849
3.369375,20.191928
1.690465,20.401926
0.000000,20.472082
0.000000,22.008548
1.817579,21.932770
3.622530,21.708286
5.402702,21.334814
7.146086,20.815462
8.840527,20.154288
10.474502,19.355359
12.037528,18.424756
13.517910,17.367600
14.905460,16.192183
16.192012,14.905560
17.367392,13.517983
18.424470,12.037587
19.355079,10.474521
20.154020,8.840600
20.815151,7.146043
21.334417,5.402586
21.707734,3.622462
21.932132,1.817350
22.007603,0.000000
10.469988,17.570958
11.256158,18.890501
10.500024,18.446231
10.106802,17.787232
11.192643,17.958630
10.697086,17.993724
10.833266,17.354350
12.777930,17.896613
11.019770,18.445415
11.647049,18.657630
11.985476,17.520100
11.479452,17.537893
11.730712,17.998427
11.427923,18.305457
10.865361,19.123151
9.657686,19.755302
11.885045,16.646547
11.541069,16.892043
12.639310,16.976334
12.146218,17.051377
12.229155,16.400873
14.211942,16.780319
12.503100,17.474485
13.148214,17.632179
13.391135,16.470642
12.887747,16.531390
12.407787,18.160900
9.749340,18.906047
8.918373,19.279791
13.219219,15.607967
12.896495,15.881447
13.999030,15.874738
13.513380,15.990023
13.542208,15.334508
15.549042,15.549257
13.903186,16.382310
14.559006,16.486307
14.705804,15.308116
14.209122,15.410391
13.864892,17.074193
13.177543,16.968211
10.264541,18.902388
10.066380,19.555430
9.981214,18.444659
9.249039,19.955033
7.993350,20.485385
8.983217,18.375420
9.363275,18.189680
9.219513,18.836945
8.603492,18.561234
9.431414,19.311607
14.462858,14.463099
14.164168,14.761882
15.260889,14.664277
14.787016,14.819359
14.761760,14.164279
16.780032,14.212142
15.208750,15.177987
15.870859,15.227475
15.919368,14.041680
15.432885,14.184508
15.227272,15.870985
14.534513,15.821425
8.167237,19.678227
8.664596,19.705233
8.417360,20.319903
7.301205,19.944527
8.401654,19.217425
7.800852,20.032645
7.569605,20.650616
15.607732,13.219444
15.334348,13.542271
16.420353,13.354005
15.960617,13.547650
15.881307,12.896595
17.896297,12.778117
16.409964,13.870391
17.074060,13.865101
17.024805,12.679217
16.551711,12.861559
16.486100,14.559135
15.790565,14.567596
7.435105,19.054631
7.829089,18.900726
7.650547,19.531123
7.041315,19.208419
7.984298,19.273994
6.274319,21.075656
16.646182,11.885193
16.400675,12.229297
17.467086,11.952468
17.024830,12.183406
16.891909,11.541171
18.890161,11.256375
17.499470,12.467896
18.160715,12.407861
18.013398,11.229688
17.557086,11.450773
17.631933,13.148325
16.940005,13.213806
6.512106,20.278402
7.008793,20.349299
6.710569,20.945724
5.628728,20.480053
6.791224,19.843591
6.121207,20.607013
5.838410,21.205410
17.570557,10.470083
17.354195,10.833408
18.393933,10.469101
17.972493,10.735746
17.787103,10.106875
19.754973,9.657833
18.469070,10.980018
19.122962,10.865444
18.879075,9.703984
18.442558,9.961768
18.657415,11.647253
17.973411,11.769557
5.836211,19.603804
6.241595,19.482836
5.431021,19.724572
4.512459,21.522074
18.375145,8.983340
18.189473,9.363292
19.195753,8.914516
18.797669,9.215002
18.560939,8.603532
20.485037,7.993550
19.312436,9.417499
19.954822,9.249184
19.615943,8.111917
19.202207,8.404877
19.555162,10.066451
18.883350,10.245186
6.007652,20.096499
6.367316,19.870414
4.815426,20.747847
5.304306,20.859216
4.957947,21.428643
3.918160,20.875095
5.128914,20.337065
4.398367,21.042443
4.067404,21.615351
19.054264,7.435260
18.900580,7.829278
19.866456,7.298951
19.494523,7.631248
19.208069,7.041419
21.075246,6.274509
20.024163,7.790625
20.650407,7.569729
20.218904,6.464371
19.830764,6.790481
20.319670,8.417332
19.664991,8.650906
4.197413,20.018925
4.611338,19.931936
3.783619,20.105643
2.719790,21.821018
19.603359,5.836305
19.482670,6.241720
20.401549,5.633471
20.058278,5.995316
19.724126,5.431108
21.521527,4.512577
20.599159,6.110461
21.205125,5.838485
20.683878,4.772672
20.324026,5.129725
20.945352,6.710512
20.312199,6.997388
4.327848,20.524196
4.704521,20.328358
3.086000,21.075047
3.563878,21.226334
3.171495,21.764972
2.181500,21.127109
3.431893,20.691138
2.646018,21.333790
2.268635,21.877223
20.018366,4.197521
19.931641,4.611492
20.797269,3.929240
20.485045,4.318362
20.104981,3.783714
21.820487,2.719838
21.033493,4.388480
21.614888,4.067410
21.007031,3.047942
20.677963,3.433795
21.428178,4.957830
20.820889,5.296175
2.530035,20.297425
2.949640,20.244693
2.110434,20.349729
0.908733,21.971098
20.296751,2.530194
20.244262,2.949751
21.050154,2.198621
20.771550,2.611864
20.348981,2.110565
21.970460,0.908833
21.323947,2.636542
21.876468,2.268492
21.187300,1.303490
20.891191,1.714685
21.764321,3.171425
21.187153,3.558150
2.618866,20.811621
3.009932,20.647090
1.334676,21.256860
1.798674,21.447427
1.363220,21.952377
0.000000,21.028658
0.845147,20.437216
0.511162,20.450688
1.712247,20.904246
1.267738,20.419568
0.629366,21.345160
1.015953,21.556202
0.454204,21.989968
-0.000000,21.518102
0.466918,20.910563
0.977515,20.908811
20.436400,0.845230
20.418698,1.267862
21.238104,0.000000
20.449967,0.511154
21.372552,0.658108
21.560982,1.067392
20.925699,0.871543
21.989154,0.454034
21.517056,0.000000
20.959489,0.000000
20.867393,0.433082
21.408327,1.797036
