25.494544,0.000000
25.404252,2.105277
25.143000,4.195314
24.710358,6.258071
24.108631,8.277505
23.342784,10.240244
22.417334,12.132843
21.338676,13.942649
20.114857,15.656942
18.752548,17.265325
17.263894,18.753887
15.654887,20.116726
13.941014,21.340546
12.132858,22.418073
10.238934,23.343151
8.276608,24.109495
6.257098,24.710892
4.195584,25.143353
2.105131,25.405768
0.000000,25.495959
-0.000000,26.745225
2.210262,26.652337
4.402936,26.379977
6.566090,25.926254
8.684751,25.295316
10.743449,24.491919
12.729706,23.521143
14.628897,22.390009
16.427606,21.105093
18.113669,19.676838
19.676893,18.113126
21.105020,16.427123
22.389627,14.628356
23.520790,12.728965
24.491666,10.743492
25.295118,8.684239
25.926202,6.565255
26.379449,4.403159
26.652641,2.208848
26.743801,-0.000000
13.040070,21.884559
13.680917,22.960381
12.912482,22.683538
12.589905,22.151709
13.778032,22.106410
13.216315,22.232163
13.490968,21.614231
15.530510,21.752212
13.496426,22.590440
14.157428,22.675040
14.738033,21.543774
14.176786,21.658333
14.367602,22.043293
13.977170,22.385722
13.205112,23.243484
11.738531,24.011463
14.802170,20.732926
14.376079,21.036753
15.558189,20.895935
15.005762,21.067186
15.229742,20.427315
17.273502,20.395499
15.313147,21.400760
15.982411,21.429198
16.467035,20.252926
15.915297,20.414832
15.079711,22.073955
11.980650,23.231712
10.964738,23.701647
16.463655,19.438898
16.064250,19.778113
17.231019,19.539874
16.694609,19.755587
16.865804,19.099418
18.898644,18.898981
17.027998,20.063383
17.697104,20.036509
18.083592,18.823957
17.547251,19.030683
16.849812,20.753471
16.138574,20.781470
12.566254,23.141825
12.237595,23.767099
12.324090,22.774235
11.239769,24.254473
9.715068,24.898855
11.188247,22.885538
11.661391,22.655144
11.383597,23.258203
10.718206,23.117147
11.550078,23.649442
18.012579,18.013300
17.642735,18.383902
18.784466,18.050328
18.268370,18.309401
18.384433,17.642006
20.394561,17.274032
18.626641,18.588243
19.291443,18.506582
19.575718,17.266678
19.058485,17.516855
18.506045,19.291423
17.800527,19.377076
10.030568,24.167770
10.604681,24.117820
10.234074,24.695744
8.976900,24.520377
10.372524,23.727558
9.553072,24.530012
9.198218,25.099469
19.438424,16.464468
19.099894,16.864841
20.211377,16.437498
19.718277,16.738308
19.778757,16.063369
21.751328,15.531150
20.097746,16.986853
20.753744,16.850587
20.935026,15.591236
20.440032,15.882968
20.036272,17.697261
19.338796,17.841625
9.260139,23.731851
9.749340,23.539458
9.446360,24.114040
8.772272,23.923127
9.876514,23.840889
7.625112,25.616157
20.731700,14.802509
20.427780,15.229689
21.499789,14.712470
21.032929,15.052764
21.037698,14.375645
22.959330,13.681977
21.431900,15.269328
22.074199,15.079466
22.150754,13.809149
21.681671,14.140819
21.428933,15.982696
20.746371,16.183642
7.998948,24.907663
8.577823,24.907797
8.159440,25.456898
6.920416,25.178426
8.384481,24.500893
7.496588,25.233592
7.094198,25.773307
21.883187,13.040070
21.615290,13.491300
22.640872,12.886995
22.204008,13.264367
22.152831,12.589620
24.010699,11.738990
22.619521,13.447267
23.243805,13.205003
23.215382,11.933127
22.775432,12.302089
22.675407,14.158612
22.012089,14.415043
7.268886,24.415687
7.772693,24.263793
6.766634,24.566009
5.483405,26.158648
22.885483,11.188481
22.655496,11.660602
23.627857,10.973455
23.223744,11.385642
23.116517,10.717466
24.898177,9.716211
23.652508,11.533686
24.254811,11.240399
24.121523,9.975422
23.713510,10.379359
23.767076,12.237491
23.126801,12.548391
7.418189,24.812581
7.875493,24.576865
5.914746,25.484086
6.491224,25.531501
6.029324,26.043982
4.817423,25.664212
6.331992,25.109735
5.386871,25.766562
4.941950,26.271332
23.731310,9.260458
23.540930,9.750055
24.453253,8.984900
24.084831,9.428911
23.922591,8.772211
25.615508,7.626848
24.524227,9.541314
25.100114,9.198998
24.862827,7.949531
24.489724,8.385519
24.696393,10.233156
24.084138,10.595788
5.227745,24.932774
5.742072,24.822883
4.714592,25.040620
3.304093,26.521428
24.415095,7.268619
24.265736,7.772999
25.112083,6.934954
24.781161,7.407538
24.565402,6.766510
26.157812,5.484780
25.228218,7.483446
25.774024,7.094881
25.434272,5.868920
25.098868,6.334666
25.456949,8.158491
24.876888,8.570688
5.344137,25.340366
5.818922,25.143303
3.790425,25.885470
4.360597,25.980714
3.858107,26.453346
2.681810,25.973631
4.237040,25.547174
3.241255,26.123154
2.756522,26.590251
24.932218,5.227870
24.824540,5.742646
25.598859,4.836687
25.308981,5.335348
25.039042,4.714826
26.522035,3.305338
25.760115,5.374919
26.271638,4.942105
25.832572,3.747910
25.535718,4.240866
26.044088,6.028249
25.499987,6.486826
3.151656,25.279932
3.672314,25.212270
2.630802,25.343760
1.104558,26.703667
25.279393,3.152453
25.213795,3.672622
25.909699,2.706814
25.663882,3.226802
25.342992,2.631394
26.704809,1.105894
26.116489,3.229857
26.589152,2.755489
26.052843,1.603370
25.799650,2.118044
26.452922,3.857731
25.948131,4.357590
3.233721,25.696048
3.722626,25.537281
1.639199,26.110026
2.200406,26.251576
1.658455,26.682227
0.000000,25.939996
1.052254,25.453863
0.635812,25.468735
2.114086,25.810852
1.577227,25.430674
0.771075,26.196109
1.244153,26.362058
0.549981,26.726670
0.000000,26.338691
0.580467,25.842816
1.207367,25.833875
25.453275,1.052831
25.429348,1.578094
26.109496,0.000000
25.468982,0.635710
26.219553,0.807569
26.364723,1.307129
25.849512,1.076575
26.726041,0.548314
26.336542,0.000000
25.884802,0.000000
25.808475,0.539346
26.219808,2.200034
