24.522046,-0.000000
24.435423,2.024968
24.184154,4.035372
23.768071,6.019358
23.189315,7.961753
22.452663,9.849641
21.562515,11.670060
20.525015,13.410853
19.347878,15.059767
18.037484,16.606837
16.605598,18.038652
15.058012,19.349500
13.409458,20.526653
11.670054,21.563190
9.848530,22.452984
7.960997,23.190097
6.018547,23.768585
4.035589,24.184527
2.024809,24.436835
-0.000000,24.523403
-0.000000,25.819904
2.133596,25.730167
4.250533,25.467175
6.338830,25.029136
8.384162,24.420013
10.371661,23.644417
12.289102,22.707235
14.122581,21.615293
15.859097,20.374847
17.486834,18.995987
18.995995,17.486411
20.374751,15.858706
21.614907,14.122152
22.706906,12.288485
23.644207,10.371692
24.419843,8.383688
25.029065,6.338072
25.466703,4.250630
25.730322,2.132320
25.818460,-0.000000
12.542393,21.049331
13.207167,22.165262
12.443178,21.859213
12.109062,21.306601
13.275258,21.299829
12.727070,21.409097
12.976391,20.789327
14.992715,20.998957
13.013922,21.782908
13.666932,21.890171
14.202518,20.760976
13.652837,20.857968
13.853839,21.255231
13.480253,21.590365
12.748052,22.438459
11.331979,23.179964
14.237284,19.941661
13.827060,20.234203
14.990539,20.133666
14.450398,20.287319
14.648757,19.647612
16.675338,19.689207
14.765690,20.635817
15.428676,20.687383
15.868640,19.517053
15.327189,19.660458
14.557752,21.309415
11.546454,22.389953
10.566603,22.841292
15.835385,18.697045
15.450795,19.023594
16.602470,18.827080
16.076746,19.024279
16.222303,18.370340
18.244207,18.244554
16.419209,19.346218
17.083990,19.342915
17.426456,18.139936
16.898807,18.327442
16.266659,20.034577
15.561622,20.038505
12.117693,22.315751
11.813384,22.944293
11.868928,21.933218
10.850873,23.414466
9.378631,24.036615
10.761250,22.012227
11.216487,21.790420
10.963183,22.399408
10.308695,22.234982
11.137285,22.804336
17.325196,17.325825
16.969118,17.682566
18.099203,17.391832
17.592243,17.631601
17.683011,16.968536
19.688372,16.675828
17.960755,17.923844
18.623154,17.865953
18.864389,16.639246
18.354209,16.869537
17.865485,18.623103
17.164160,18.684305
9.667876,23.294011
10.226573,23.257865
9.879134,23.840856
8.650864,23.630090
9.989653,22.851417
9.211688,23.653786
8.880061,24.230251
18.696637,15.836075
18.370709,16.221499
19.474113,15.837826
18.988490,16.118645
19.024125,15.450115
20.998156,14.993295
19.379282,16.379680
20.034829,16.267338
20.174309,15.024684
19.684727,15.296042
19.342684,17.084101
18.647444,17.203718
8.906687,22.826175
9.377571,22.641186
9.097495,23.223796
8.437061,23.010211
9.509228,22.954337
7.361149,24.729079
19.940575,14.237562
19.647954,14.648739
20.715529,14.175720
20.254509,14.495490
20.234991,13.826730
22.164343,13.208100
20.665779,14.723531
21.309617,14.557542
21.345869,13.307303
20.880483,13.618257
20.687118,15.428887
20.004730,15.605002
7.709554,24.006729
8.272012,24.019445
7.876343,24.575594
6.669096,24.264288
8.074976,23.596187
7.228627,24.332184
6.848866,24.880828
21.048107,12.542383
20.790180,12.976674
21.814972,12.416784
21.382225,12.773279
21.307550,12.108817
23.179283,11.332410
21.810947,12.966586
22.438737,12.747963
22.371812,11.499445
21.933810,11.847472
21.890424,13.667926
21.225194,13.899601
6.991421,23.483935
7.476287,23.337960
6.507970,23.628526
5.293653,25.252782
22.012131,10.761451
21.790720,11.215815
22.765964,10.573059
22.364189,10.964083
22.234480,10.308091
24.036013,9.379659
22.807003,11.121404
23.414755,10.851423
23.245014,9.612872
22.837235,9.995810
22.944226,11.813295
22.300035,12.099652
7.144157,23.896488
7.582742,23.663168
5.700757,24.562326
6.259879,24.620945
5.819971,25.142319
4.642451,24.732413
6.098280,24.182591
5.194298,24.846130
4.771108,25.361638
22.825666,8.907002
22.642402,9.378202
23.561266,8.657048
23.193385,9.079775
23.009763,8.437033
24.728504,7.362630
23.647556,9.200240
24.230804,8.880725
23.959402,7.660594
23.584753,8.075670
23.841343,9.878357
23.223157,10.216860
5.028191,23.981281
5.523165,23.875736
4.534263,24.085015
3.189914,25.603058
23.483379,6.991248
23.339561,7.476552
24.196016,6.681849
23.863972,7.133270
23.627992,6.507880
25.252017,5.294823
24.326404,7.215946
24.881423,6.849452
24.510109,5.655619
24.171395,6.100602
24.575538,7.875561
23.987538,8.264146
5.146696,24.404817
5.602607,24.208527
3.653300,24.949249
4.205296,25.054164
3.723901,25.537434
2.584424,25.030636
4.080624,24.603857
3.125296,25.189995
2.661226,25.669454
23.980722,5.028335
23.877078,5.523685
24.665084,4.660210
24.372160,5.137829
24.083631,4.534462
25.603501,3.190907
24.839265,5.182741
25.361839,4.771271
24.893804,3.611729
24.592138,4.084099
25.142300,5.819066
24.588338,6.254843
3.031263,24.315141
3.532432,24.250292
2.529992,24.376703
1.066312,25.779056
24.314588,3.031973
24.251494,3.532718
24.964586,2.607972
24.713820,3.107345
24.375913,2.530524
25.779858,1.067420
25.182815,3.114260
25.668408,2.660358
25.106256,1.545014
24.846240,2.039677
25.536927,3.723605
25.020532,4.201793
3.114249,24.747271
3.584271,24.587895
1.579839,25.165535
2.122110,25.315324
1.600757,25.758220
0.000000,24.985614
1.012069,24.482500
0.611551,24.496978
2.035983,24.857744
1.517351,24.460253
0.743501,25.251787
1.199672,25.425301
0.531308,25.801232
0.000000,25.399275
0.558438,24.885081
1.162760,24.877406
24.481829,1.012570
24.458966,1.518085
25.161620,0.000000
24.497041,0.611459
25.275837,0.778490
25.428267,1.260368
24.893167,1.036817
25.800545,0.529908
25.397212,0.000000
24.928150,0.000000
24.849242,0.518742
25.282351,2.121499
