20.697481,-0.000000
20.626382,1.709234
20.414337,3.406635
20.063498,5.080930
19.575091,6.720473
18.953201,8.314052
18.201867,9.850751
17.326265,11.320278
16.332713,12.712144
15.226450,14.018126
14.017743,15.226843
12.711697,16.333218
11.319923,17.326803
9.850642,18.202246
8.313753,18.953508
6.720245,19.575566
5.080707,20.064021
3.406579,20.414956
1.709131,20.627334
-0.000000,20.698494
-0.000000,22.219346
1.835070,22.142735
3.657270,21.916114
5.454466,21.539069
7.214541,21.014758
8.925176,20.347263
10.574830,19.540693
12.152798,18.601166
13.647334,17.533857
15.048157,16.347188
16.347012,15.048238
17.533639,13.647388
18.600846,12.152838
19.540393,10.574819
20.346994,8.925256
21.014450,7.214469
21.538676,5.454300
21.915540,3.657187
22.142080,1.834751
22.218263,0.000000
10.585740,17.765280
11.364025,19.071583
10.607984,18.635871
10.218633,17.983842
11.308397,18.144365
10.810089,18.183887
10.952980,17.546231
12.900377,18.068152
11.130378,18.630555
11.758718,18.836375
12.108637,17.700161
11.600407,17.722690
11.848462,18.179077
11.541685,18.487565
10.969470,19.306465
9.750256,19.944681
12.016417,16.830617
11.668731,17.078746
12.769980,17.151821
12.274472,17.231531
12.364301,16.582229
14.348125,16.941153
12.628592,17.649835
13.274291,17.801110
13.528764,16.639879
13.023497,16.705534
12.526669,18.334980
9.849152,19.099567
9.009934,19.477652
13.365327,15.780505
13.039136,16.056967
14.143711,16.038821
13.656048,16.158929
13.691909,15.504069
15.698036,15.698280
14.042725,16.546703
14.698593,16.644250
14.856936,15.465430
14.358793,15.572734
13.997678,17.237854
13.309749,17.138497
10.367294,19.091701
10.162967,19.742831
10.086257,18.638833
9.337613,20.146324
8.069926,20.681760
9.082528,18.578586
9.466811,18.390818
9.316541,19.035237
8.698732,18.766466
9.526022,19.505359
14.622718,14.622993
14.320816,14.925027
15.418622,14.815871
14.943152,14.975904
14.924929,14.320902
16.940813,14.348359
15.361375,15.330286
16.023014,15.373357
16.082964,14.185983
15.595450,14.333933
15.373126,16.023130
14.680335,15.980204
8.250556,19.879040
8.751197,19.902233
8.498175,20.514606
7.376175,20.149285
8.490024,19.419680
7.879102,20.233507
7.642065,20.848544
15.780249,13.365588
15.503923,13.691929
16.590062,13.492048
16.129149,13.690763
16.056855,13.039212
18.067783,12.900601
16.574644,14.009565
17.237740,13.997928
17.199765,12.809513
16.726061,12.997040
16.644026,14.698721
15.948989,14.713795
7.517289,19.265321
7.915596,19.109668
7.731064,19.736649
7.119266,19.420802
8.069239,19.478989
6.334395,21.277675
16.830184,12.016575
16.582038,12.364446
17.647624,12.076036
17.204601,12.312106
17.078653,11.668820
19.071189,11.364301
17.675082,12.593005
18.334804,12.526730
18.198537,11.345111
17.742041,11.571399
17.800840,13.274404
17.109959,13.346424
6.578595,20.485468
7.078824,20.552825
6.775013,21.146455
5.686516,20.690289
6.862665,20.052453
6.182628,20.813641
5.894281,21.408632
17.764804,10.585826
17.546114,10.953135
18.584079,10.577359
18.162303,10.849172
17.983767,10.218688
19.944315,9.750437
18.654435,11.090212
19.306294,10.969551
19.073132,9.803739
18.636871,10.066720
18.836163,11.758974
18.153749,11.887696
5.900726,19.820559
6.310576,19.698175
5.491162,19.942652
4.555638,21.728363
18.578307,9.082660
18.390634,9.466788
19.394200,9.006710
18.996219,9.312377
18.766160,8.698743
20.681385,8.070198
19.506282,9.512019
20.146136,9.337796
19.817574,8.195311
19.404528,8.493428
19.742554,10.163035
19.072851,10.348050
6.070890,20.308001
6.435012,20.081654
4.864578,20.959696
5.357279,21.067812
5.005596,21.634005
3.958389,21.089393
5.182857,20.551091
4.442515,21.253423
4.106319,21.822492
19.264929,7.517472
19.109594,7.915826
20.071824,7.374447
19.700439,7.711890
19.420441,7.119376
21.277242,6.334671
20.225156,7.868821
20.848379,7.642231
20.426720,6.530835
20.039697,6.862014
20.514397,8.498109
19.862348,8.737769
4.243804,20.240277
4.662276,20.152225
3.825527,20.327938
2.745781,22.030146
19.820086,5.900824
19.698102,6.310719
20.612441,5.691743
20.270136,6.058671
19.942186,5.491251
21.727774,4.555822
20.805901,6.171781
21.408391,5.894391
20.896440,4.821723
20.538148,5.183765
21.146071,6.774921
20.516048,7.067651
4.373409,20.740184
4.754541,20.544463
3.117493,21.290214
3.599432,21.438601
3.202025,21.973596
2.203867,21.343974
3.467993,20.908915
2.672604,21.547688
2.290352,22.086924
20.239680,4.243932
20.152004,4.662469
21.012228,3.969868
20.701421,4.363983
20.327199,3.825638
22.029628,2.745870
21.244570,4.432536
21.822038,4.106339
21.222947,3.079263
20.895792,3.469995
21.633528,5.005431
21.029835,5.349349
2.558024,20.521877
2.982202,20.468444
2.133851,20.574687
0.917452,22.181684
20.521154,2.558234
20.468066,2.982339
21.267670,2.221368
20.990996,2.639442
20.573866,2.134023
22.181047,0.917606
21.537962,2.663037
22.086088,2.290157
21.404983,1.316907
21.111283,1.732770
21.972893,3.201938
21.399746,3.593840
2.646421,21.030689
3.041915,20.866579
1.348265,21.473968
1.816607,21.661923
1.376357,22.162859
0.000000,21.248836
0.854444,20.663229
0.516733,20.676726
1.730252,21.124308
1.281683,20.645283
0.635707,21.562090
1.026137,21.770732
0.458482,22.200732
-0.000000,21.733362
0.472018,21.131902
0.987835,21.129777
20.662332,0.854559
20.644300,1.281854
21.456004,0.000000
20.675969,0.516718
21.589170,0.664794
21.775300,1.078076
21.146489,0.880762
22.199839,0.458235
21.732139,0.000000
21.180355,0.000000
21.089116,0.437860
21.623153,1.815028
