20.428238,-0.000000
20.358325,1.687001
20.149018,3.362372
19.802765,5.014871
19.320706,6.633098
18.706886,8.205962
17.965327,9.722705
17.101139,11.173152
16.120524,12.546930
15.028636,13.835941
13.835639,15.028954
12.546596,16.120922
11.172884,17.101569
9.722595,17.965668
8.205738,18.707197
6.632923,19.321145
5.014705,19.803265
3.362316,20.149612
1.686924,20.359158
0.000000,20.429122
-0.000000,21.968586
1.814262,21.892967
3.615944,21.668888
5.392888,21.296093
7.133106,20.777682
8.824477,20.117705
10.455480,19.320224
12.015672,18.391314
13.493370,17.336082
14.878404,16.162798
16.162623,14.878511
17.335869,13.493450
18.391025,12.015737
19.319939,10.455504
20.117426,8.824549
20.777357,7.133070
21.295683,5.392781
21.668328,3.615878
21.892321,1.814052
21.967656,0.000000
10.448023,17.534087
11.235706,18.856173
10.479546,18.410265
10.085580,17.749928
11.170686,17.923403
10.675647,17.957653
10.810548,17.317944
12.754713,17.864093
10.998793,18.410308
11.625877,18.623744
11.962114,17.485951
11.456506,17.502841
11.708381,17.964172
11.406349,18.270926
10.845622,19.088399
9.640134,19.719400
11.860115,16.611621
11.516843,16.856618
12.614524,16.943052
12.121886,17.017204
12.203509,16.366464
14.186121,16.749829
12.479300,17.441234
13.124309,17.600154
13.365029,16.438547
12.861994,16.498359
12.385246,18.127899
9.730409,18.869347
8.901006,19.242267
13.191493,15.575230
12.869427,15.848144
13.971585,15.843619
13.486315,15.957984
13.513800,15.302336
15.520792,15.521005
13.876721,16.351137
14.532540,16.456365
14.677138,15.278281
14.180728,15.379599
13.839715,17.043167
13.152470,16.935920
10.245054,18.866490
10.048066,19.519903
9.961287,18.407828
9.232245,19.918769
7.978831,20.448158
8.964371,18.336872
9.343627,18.151517
9.201106,18.799333
8.585418,18.522294
9.413471,19.274867
14.432522,14.432761
14.134441,14.730928
15.230969,14.635526
14.757394,14.789666
14.730795,14.134562
16.749546,14.186317
15.179803,15.149107
15.842009,15.199819
15.888336,14.014312
15.402045,14.156165
15.199617,15.842143
14.506857,15.791317
8.151434,19.640144
8.648173,19.667878
8.402038,20.282992
7.286985,19.905695
8.384890,19.179062
7.786012,19.994558
7.555867,20.613095
15.574993,13.191715
15.302167,13.513875
16.388160,13.327824
15.928643,13.520504
15.847992,12.869535
17.863780,12.754895
16.378731,13.843999
17.043024,13.839919
16.991616,12.654505
16.518634,12.835861
16.456156,14.532672
15.760518,14.539872
7.419509,19.014656
7.812673,18.861082
7.635273,19.492140
7.026523,19.168123
7.968183,19.235109
6.262929,21.037359
16.611262,11.860265
16.366256,12.203654
17.432837,11.929032
16.990723,12.158993
16.856468,11.516951
18.855834,11.235913
17.466163,12.444170
18.127704,12.385325
17.978277,11.207796
17.521995,11.427892
17.599905,13.124422
16.907770,13.188657
6.499495,20.239134
6.995512,20.310707
6.698351,20.907671
5.617767,20.440183
6.777672,19.803975
6.109558,20.567832
5.827817,21.166885
17.533691,10.448121
17.317772,10.810691
18.357861,10.448567
17.936480,10.714230
17.749778,10.085659
19.719067,9.640274
18.433910,10.959121
19.088197,10.845705
18.842261,9.685063
18.405690,9.941859
18.623520,11.626072
17.939206,11.747153
5.823968,19.562679
6.228504,19.441979
5.419609,19.683195
4.504272,21.482967
18.336586,8.964493
18.151294,9.343654
19.158104,8.897029
18.759997,9.196529
18.521990,8.585465
20.447802,7.979017
19.275667,9.399573
19.918543,9.232383
19.577691,8.096099
19.163819,8.388079
19.519627,10.048138
18.847405,10.225678
5.995656,20.056382
6.354473,19.830345
4.806103,20.707672
5.294260,20.819663
4.948913,21.389712
3.910529,20.834455
5.118681,20.296469
4.389994,21.002437
4.060026,21.576083
19.014281,7.419660
18.860910,7.812854
19.827494,7.284631
19.455452,7.615950
19.167762,7.026626
21.036941,6.263102
19.986038,7.775795
20.612864,7.555983
20.179479,6.451765
19.791121,6.776910
20.282743,8.402017
19.627555,8.634432
4.188609,19.976927
4.601672,19.890140
3.775667,20.063466
2.714862,21.781373
19.562226,5.824061
19.441782,6.228626
20.361540,5.622417
20.018080,5.983296
19.682740,5.419695
21.482416,4.504378
20.559944,6.098831
21.166578,5.827885
20.643554,4.763369
20.283399,5.119474
20.907288,6.698301
20.273532,6.984063
4.319205,20.483229
4.695032,20.287366
3.080027,21.034243
3.557135,21.186085
3.165706,21.725423
2.177258,21.085981
3.425045,20.649831
2.640976,21.293231
2.264517,21.837469
19.976363,4.188713
19.889818,4.601818
20.756489,3.921533
20.443991,4.309707
20.062807,3.775758
21.780828,2.714903
20.993456,4.380124
21.575606,4.060029
20.966072,3.042001
20.636633,3.426928
21.389237,4.948805
20.781256,5.286091
2.524724,20.254839
2.943461,20.202240
2.105991,20.307047
0.907080,21.931176
20.254163,2.524873
20.201787,2.943566
21.008890,2.194306
20.729914,2.606632
20.306302,2.106113
21.930527,0.907169
21.283354,2.631517
21.836718,2.264385
21.146006,1.300945
20.849434,1.711254
21.724770,3.165640
21.146829,3.551382
2.613639,20.770069
3.003864,20.605456
1.332099,21.215686
1.795273,21.406754
1.360730,21.912475
0.000000,20.986895
0.843383,20.394332
0.510105,20.407801
1.708832,20.862505
1.265092,20.376742
0.628163,21.304021
1.014022,21.515524
0.453393,21.950012
-0.000000,21.477284
0.465951,20.868578
0.975557,20.866898
20.393522,0.843460
20.375883,1.265207
21.196770,0.000000
20.407076,0.510099
21.331462,0.656840
21.520334,1.065366
20.883809,0.869794
21.949203,0.453237
21.476262,0.000000
20.917584,0.000000
20.825323,0.432175
21.367581,1.793624
