20.464527,0.000000
20.394453,1.689997
20.184777,3.368338
19.837907,5.023774
19.354992,6.644874
18.740085,8.220529
17.997208,9.739961
17.131481,11.192979
16.149122,12.569193
15.055296,13.860492
13.860181,15.055621
12.568847,16.149531
11.192700,17.131921
9.739852,17.997549
8.220295,18.740389
6.644691,19.355430
5.023600,19.838404
3.368281,20.185369
1.689916,20.395298
-0.000000,20.465424
-0.000000,22.002354
1.817065,21.926601
3.621509,21.702179
5.401181,21.328812
7.144073,20.809606
8.838038,20.148617
10.471553,19.349913
12.034139,18.419572
13.514105,17.362714
14.901265,16.187628
16.187455,14.901367
17.362504,13.514180
18.419284,12.034200
19.349630,10.471572
20.148345,8.838111
20.809290,7.144032
21.328410,5.401066
21.701623,3.621441
21.925958,1.816839
22.001408,-0.000000
10.466583,17.565243
11.252987,18.885180
10.496849,18.440656
10.103512,17.781450
11.189239,17.953169
10.693762,17.988133
10.829744,17.348707
12.774330,17.891571
11.016518,18.439973
11.643766,18.652377
11.981853,17.514806
11.475895,17.532460
11.727250,17.993117
11.424578,18.300104
10.862301,19.117763
9.654965,19.749737
11.881180,16.641133
11.537313,16.886552
12.635467,16.971175
12.142445,17.046080
12.225179,16.395540
14.207938,16.775592
12.499410,17.469331
13.144507,17.627215
13.387087,16.465667
12.883754,16.526270
12.404292,18.155784
9.746405,18.900358
8.915680,19.273975
13.214920,15.602893
12.892298,15.876285
13.994774,15.869914
13.509184,15.985056
13.537804,15.329521
15.544661,15.544877
13.899082,16.377477
14.554902,16.481665
14.701360,15.303491
14.204719,15.405618
13.860988,17.069383
13.173656,16.963205
10.261520,18.896824
10.063540,19.549923
9.978125,18.438950
9.246435,19.949412
7.991099,20.479615
8.980295,18.369445
9.360228,18.183765
9.216659,18.831115
8.600690,18.555198
9.428632,19.305912
14.458155,14.458396
14.159559,14.757084
15.256250,14.659820
14.782423,14.814756
14.756959,14.159673
16.775305,14.208138
15.204261,15.173510
15.866385,15.223188
15.914557,14.037437
15.428103,14.180114
15.222984,15.866514
14.530225,15.816757
8.164787,19.672324
8.662050,19.699442
8.414984,20.314182
7.299000,19.938508
8.399055,19.211478
7.798551,20.026742
7.567475,20.644800
15.602656,13.215146
15.329358,13.537870
16.415361,13.349946
15.955659,13.543442
15.876142,12.892400
17.891255,12.774517
16.405121,13.866299
17.069247,13.861197
17.019658,12.675386
16.546582,12.857576
16.481457,14.555032
15.785906,14.563298
7.432687,19.048435
7.826544,18.894581
7.648179,19.525081
7.039022,19.202173
7.981800,19.267967
6.272553,21.069720
16.640768,11.881329
16.395338,12.225322
17.461775,11.948835
17.019542,12.179621
16.886414,11.537417
18.884838,11.253203
17.494306,12.464217
18.155596,12.404367
18.007952,11.226294
17.551644,11.447226
17.626966,13.144619
16.935006,13.209907
6.510151,20.272316
7.006734,20.343317
6.708675,20.939826
5.627028,20.473873
6.789123,19.837450
6.119401,20.600939
5.836768,21.199438
17.564841,10.466678
17.348548,10.829887
18.388340,10.465917
17.966909,10.732411
17.781316,10.103586
19.749405,9.655110
18.463618,10.976778
19.117571,10.862384
18.873366,9.701050
18.436841,9.958682
18.652158,11.643969
17.968107,11.766084
5.834313,19.597430
6.239565,19.476503
5.429252,19.718158
4.511189,21.516012
18.369166,8.980418
18.183553,9.360248
19.189915,8.911805
18.791828,9.212138
18.554900,8.600731
20.479263,7.991297
19.306734,9.414720
19.949196,9.246579
19.610011,8.109465
19.196255,8.402273
19.549652,10.063612
18.877776,10.242162
6.005793,20.090281
6.365325,19.864204
4.813980,20.741620
5.302748,20.853085
4.956546,21.422608
3.916977,20.868796
5.127327,20.330772
4.397069,21.036242
4.066260,21.609264
19.048064,7.432842
18.894429,7.826732
19.860415,7.296731
19.488465,7.628876
19.201820,7.039126
21.069306,6.272740
20.018251,7.788326
20.644585,7.567598
20.212790,6.462417
19.824617,6.788377
20.313944,8.414958
19.659186,8.648352
4.196048,20.012415
4.609839,19.925458
3.782386,20.099106
2.719026,21.814873
19.596981,5.834407
19.476330,6.239690
20.395345,5.631757
20.052045,5.993452
19.717709,5.429339
21.515462,4.511306
20.593078,6.108658
21.199147,5.836842
20.677625,4.771230
20.317726,5.128136
20.939449,6.708619
20.306203,6.995322
4.326508,20.517846
4.703050,20.322005
3.085074,21.068723
3.562832,21.220096
3.170597,21.758842
2.180842,21.120734
3.430831,20.684736
2.645236,21.327503
2.267996,21.871061
20.011853,4.196155
19.925156,4.609993
20.790945,3.928045
20.478679,4.317020
20.098442,3.782481
21.814337,2.719073
21.027284,4.387184
21.608797,4.066266
21.000680,3.047021
20.671554,3.432731
21.422139,4.956431
20.814743,5.294612
2.529212,20.290825
2.948682,20.238113
2.109745,20.343114
0.908477,21.964910
20.290147,2.529369
20.237676,2.948792
21.043756,2.197952
20.765094,2.611052
20.342363,2.109875
21.964267,0.908575
21.317652,2.635763
21.870303,2.267855
21.180896,1.303095
20.884716,1.714153
21.758188,3.170528
21.180900,3.557101
2.618056,20.805181
3.008991,20.640637
1.334277,21.250478
1.798147,21.441122
1.362834,21.946192
0.000000,21.022185
0.844873,20.430569
0.510998,20.444041
1.711718,20.897776
1.267328,20.412930
0.629179,21.338784
1.015654,21.549897
0.454079,21.983774
0.000000,21.511775
0.466768,20.904056
0.977212,20.902315
20.429752,0.844956
20.412059,1.267451
21.231695,0.000000
20.443317,0.510990
21.366180,0.657911
21.554679,1.067078
20.919203,0.871272
21.982958,0.453910
21.510730,0.000000
20.952991,0.000000
20.860869,0.432941
21.402009,1.796507
