28.901096,0.000000
28.798454,2.386746
28.502299,4.755788
28.011750,7.094471
27.329582,9.383838
26.461448,11.608777
25.412323,13.754256
24.189478,15.805858
22.802110,17.749185
21.257930,19.572336
19.570379,21.259713
17.746226,22.804672
15.803514,24.191945
13.754368,25.413143
11.606783,26.461929
9.382418,27.330617
7.092888,28.012291
4.756126,28.502594
2.386659,28.800261
0.000000,28.902632
-0.000000,30.009778
2.480613,29.906202
4.940437,29.600701
7.367779,29.091634
9.745207,28.383703
12.055192,27.482199
14.284253,26.392848
16.415393,25.123389
18.433508,23.681616
20.325376,22.079103
22.079372,20.324387
23.681665,18.432741
25.123133,16.414461
26.392468,14.283168
27.481794,12.055384
28.383407,9.744748
29.091640,7.366889
29.599931,4.941276
29.906948,2.478966
30.008693,0.000000
14.783748,24.810571
15.352510,25.765691
14.562579,25.582005
14.274550,25.112482
15.545394,24.941558
14.934258,25.122077
15.293578,24.504341
17.428077,24.409780
15.194935,25.433099
15.888149,25.444178
16.621079,24.296297
16.016938,24.469113
16.176295,24.817529
15.727148,25.186804
14.817570,26.083881
13.173028,26.945086
16.781284,23.505019
16.299623,23.848368
17.553606,23.575427
16.955948,23.805486
17.265011,23.159025
19.384032,22.887408
17.240320,24.093519
17.936155,24.046443
18.571094,22.840500
17.980778,23.064185
16.921138,24.771520
13.507657,26.192179
12.364716,26.727157
18.664841,22.037986
18.213528,22.421419
19.440550,22.045480
18.864290,22.323452
19.120022,21.653793
21.207726,21.207895
19.171072,22.587942
19.860350,22.483587
20.394230,21.229145
19.824639,21.500416
18.907275,23.290019
18.169782,23.396966
14.145697,26.050166
13.734360,26.670087
13.922835,25.727906
12.611807,27.218298
10.902310,27.940938
12.684314,25.945054
13.219804,25.684766
12.860213,26.274176
12.152957,26.207628
13.003268,26.624391
20.420886,20.421806
20.002775,20.840882
21.193377,20.365006
20.642597,20.689390
20.841600,20.001580
22.886208,19.384624
20.970725,20.927060
21.649321,20.766791
22.076905,19.472892
21.531949,19.790207
20.766024,21.649526
20.040883,21.815869
11.306401,27.241045
11.936092,27.145835
11.486320,27.711918
10.123408,27.651032
11.717291,26.804725
10.754860,27.614588
10.320676,28.166360
22.037327,18.666041
21.654611,19.118615
22.803050,18.545441
22.280939,18.914179
22.422363,18.211952
24.408758,17.428814
22.626911,19.124248
23.290272,18.908304
23.609891,17.583405
23.092705,17.944258
22.483371,19.860725
21.772720,20.087289
10.498622,26.904771
11.051603,26.686574
10.671634,27.240566
9.946714,27.121341
11.165706,26.952874
8.556614,28.745916
23.503455,16.781830
23.159920,17.264857
24.256688,16.599198
23.766346,17.009604
23.849740,16.298847
25.764269,15.353918
24.128823,17.190684
24.771832,16.920835
24.980902,15.573794
24.495482,15.976091
24.046213,17.936761
23.357329,18.220681
9.016900,28.076457
9.654707,28.035694
9.158292,28.566203
7.804162,28.392964
9.471542,27.678331
8.439881,28.406813
7.959772,28.922258
24.808907,14.783767
24.506055,15.294098
25.544120,14.539832
25.089681,14.988790
25.114024,14.274202
26.944173,13.173492
25.465873,15.139406
26.084258,14.817440
26.181556,13.458092
25.731220,13.898746
25.445002,15.889944
24.782368,16.229608
8.241142,27.679949
8.810898,27.507490
7.672895,27.850318
6.153083,29.354740
25.945286,12.684647
25.685215,13.218703
26.657609,12.380871
26.242047,12.865937
26.206492,12.151783
27.940120,10.903660
26.628875,12.985038
27.218709,12.612673
27.203538,11.250272
26.791008,11.726437
26.670263,13.734252
26.037413,14.128117
8.380666,28.029829
8.903042,27.784263
6.667505,28.726134
7.305908,28.737639
6.768009,29.225120
5.432694,28.940867
7.152862,28.366024
6.064733,29.006798
5.544694,29.481022
26.904265,10.498889
26.688900,11.052593
27.588818,10.137278
27.215100,10.654938
27.120464,9.946546
28.745084,8.559112
27.610294,10.741997
28.167232,10.321826
28.039483,8.965519
27.668003,9.473803
27.713217,11.485056
27.115194,11.929764
5.927020,28.266197
6.508830,28.141283
5.346454,28.388447
3.707025,29.761772
27.679352,8.240496
27.510572,8.811360
28.332296,7.824621
28.001811,8.370659
27.849482,7.672723
29.353746,6.155064
28.402811,8.425159
28.923331,7.960703
28.683892,6.619031
28.356150,7.156750
28.566799,9.156804
28.007820,9.649862
6.037593,28.625976
6.578180,28.424716
4.272757,29.178461
4.907496,29.243152
4.331772,29.684706
3.024313,29.289721
4.786455,28.860208
3.649421,29.408284
3.092723,29.839014
28.265776,5.927023
28.143986,6.509514
28.881318,5.457006
28.598524,6.028997
28.386255,5.346839
29.762854,3.709209
29.001758,6.051401
29.481655,5.544694
29.133481,4.226742
28.849567,4.791460
29.225792,6.766396
28.709428,7.303516
3.573522,28.659985
4.162201,28.582639
2.984051,28.731785
1.239471,29.965993
28.659512,3.574561
28.585223,4.162579
29.232119,3.054229
28.999794,3.646415
28.731192,2.984795
29.968237,1.241529
29.403205,3.636786
29.837807,3.091068
29.381292,1.808650
29.147880,2.393349
29.684769,4.330998
29.213714,4.906175
3.653384,29.028070
4.208280,28.870024
1.848212,29.432044
2.476120,29.548198
1.862139,29.942137
0.000000,29.292934
1.193238,28.856860
0.721100,28.873463
2.388544,29.158191
1.786732,28.830670
0.868070,29.518272
1.400745,29.661046
0.615840,29.991937
0.000000,29.646491
0.657727,29.205504
1.363915,29.192367
28.856627,1.194008
28.829305,1.788093
29.442958,0.000000
28.874290,0.720951
29.539978,0.909818
29.662886,1.471787
29.207822,1.216031
29.991532,0.613282
29.644278,0.000000
29.244457,0.000000
29.175788,0.611573
29.520072,2.476599
