22.533804,0.000000
22.454984,1.860822
22.224135,3.708471
21.841950,5.531438
21.310169,7.316365
20.633192,9.051241
19.815211,10.724125
18.861860,12.323862
17.780153,13.839129
16.575886,15.260860
15.260038,16.576678
13.838020,17.781236
12.322987,18.862977
10.724070,19.815751
9.050536,20.633472
7.315880,21.310797
5.530930,21.842464
3.708540,22.224626
1.860655,22.456216
-0.000000,22.535066
-0.000000,23.939635
1.977749,23.856542
3.940765,23.612551
5.876999,23.206370
7.773348,22.641556
9.616219,21.922436
11.393825,21.053488
13.093826,20.041154
14.703962,18.891092
16.213185,17.612599
17.612504,16.213025
18.890928,14.703792
20.040768,13.093641
21.053176,11.393505
21.922240,9.616268
22.641366,7.773035
23.206178,5.876492
23.612078,3.940697
23.856280,1.976872
23.938223,0.000000
11.525089,19.341958
12.244572,20.549621
11.486807,20.179424
11.126176,19.579082
12.250450,19.655748
11.728930,19.729850
11.924437,19.103174
13.899977,19.468369
12.031628,20.138930
12.670331,20.295357
13.111286,19.165847
12.584054,19.225324
12.807966,19.650945
12.468984,19.971782
11.819253,20.802761
10.505917,21.490389
13.082595,18.324200
12.704845,18.593661
13.833514,18.579973
13.317397,18.696242
13.461062,18.053844
15.459928,18.254051
13.651162,19.078565
14.303535,19.180050
14.649228,18.017581
14.127541,18.121677
13.497080,19.755986
10.661806,20.674978
9.755326,21.088259
14.551131,17.180647
14.196862,17.481221
15.321321,17.374238
14.816262,17.532312
14.906771,16.880071
16.914447,16.914779
15.179823,17.886214
15.838193,17.933554
16.087353,16.746098
15.576086,16.892937
15.081696,18.573921
14.387152,18.526047
11.204698,20.634232
10.951439,21.272384
10.940554,20.217698
10.060613,21.707681
8.695101,22.284583
9.888441,20.227049
10.306900,20.022883
10.105659,20.647571
9.471626,20.431683
10.296952,21.083880
15.920107,15.920551
15.592178,16.248899
16.702467,16.049630
16.212861,16.248796
16.249093,15.591937
18.253443,15.460313
16.605125,16.571257
17.265221,16.564210
17.414853,15.360717
16.917587,15.549118
16.563864,17.265203
15.868724,17.274020
8.929054,21.513983
9.457004,21.507571
9.157915,22.103767
7.986527,21.816020
9.208699,21.064317
8.516710,21.870023
8.233544,22.464128
17.180334,14.551591
16.880175,14.906364
17.971368,14.615544
17.499633,14.854456
17.481446,14.196599
19.467758,13.900400
17.916608,15.143609
18.574035,15.082170
18.624133,13.870225
18.144010,14.098824
17.933319,15.838276
17.240072,15.905128
8.184265,20.974847
8.617528,20.805064
8.385898,21.407868
7.751883,21.144053
8.759646,21.145154
6.824873,22.926600
18.323416,13.082786
18.053899,13.461133
19.116997,13.081678
18.666433,13.358599
18.594029,12.704741
20.548962,12.245202
19.106081,13.612413
19.756019,13.496987
19.705672,12.284695
19.246164,12.552344
19.179765,14.303653
18.494977,14.427066
7.120023,22.171311
7.649614,22.211299
7.301138,22.784793
6.156997,22.401633
7.443656,21.750789
6.683114,22.497162
6.350347,23.067439
19.341079,11.525096
19.103534,11.924643
20.131546,11.458361
19.705657,11.771408
19.579554,11.126059
21.489866,10.506255
20.164805,11.988026
20.802853,11.819241
20.652769,10.615730
20.216989,10.920147
20.295355,12.670942
19.623314,12.850319
6.424311,21.579303
6.870284,21.445520
5.979270,21.712181
4.908170,23.412152
20.226861,9.888595
20.022981,10.306527
21.009160,9.756933
20.610554,10.104058
20.431346,9.471331
22.284112,8.695808
21.085672,10.282091
21.707769,10.060991
21.458860,8.874110
21.049724,9.213452
21.272200,10.951418
20.616967,11.186145
6.585217,22.027805
6.985279,21.798657
5.264860,22.684487
5.789049,22.767641
5.394621,23.310158
4.285926,22.833780
5.621565,22.291458
4.802239,22.972410
4.423945,23.513278
20.974399,8.184543
20.805662,8.617975
21.743134,7.988774
21.374679,8.367523
21.143700,7.751933
22.926127,6.825772
21.862771,8.505890
22.464379,8.233967
22.118398,7.071823
21.738718,7.443660
22.103895,9.157487
21.470419,9.445476
4.620334,22.036293
5.075616,21.939748
4.165714,22.131642
2.957946,23.737077
21.578796,6.424310
21.446315,6.870485
22.328809,6.165953
21.992735,6.573742
21.711722,5.979276
23.411488,4.908866
22.490439,6.671390
23.067672,6.350708
22.626868,5.221011
22.279439,5.623166
22.784535,7.300717
22.177060,7.640130
4.743977,22.496466
5.161139,22.301022
3.373977,23.041990
3.889243,23.168304
3.451292,23.676299
2.386037,23.109234
3.761585,22.679710
2.889215,23.290396
2.467565,23.798484
22.035705,4.620496
21.940334,5.075996
22.761777,4.300504
22.460865,4.734891
22.130602,4.165866
23.737056,2.958446
22.964569,4.791498
23.513173,4.424068
22.980766,3.334231
22.667318,3.764320
23.309875,5.394088
22.732467,5.782599
2.785195,22.342985
3.246408,22.283988
2.323976,22.399953
0.988584,23.900361
22.342334,2.785691
22.284408,3.246643
23.038240,2.406516
22.775442,2.863687
22.399096,2.324361
23.900374,0.989204
23.281975,2.878934
23.797512,2.467031
23.177322,1.426127
22.901317,1.879844
23.675635,3.451115
23.132180,3.884688
2.870585,22.811906
3.301927,22.650590
1.459034,23.241383
1.962756,23.409728
1.483557,23.880638
0.000000,23.039377
0.930027,22.496872
0.562121,22.510715
1.876729,22.913586
1.394860,22.476716
0.687322,23.328344
1.109144,23.518937
0.493323,23.920879
-0.000000,23.487219
0.513462,22.931023
1.071711,22.926088
22.496003,0.930347
22.475500,1.395323
23.230278,0.000000
22.510314,0.562057
23.353764,0.719234
23.522579,1.165235
22.942180,0.955627
23.920021,0.492498
23.485410,0.000000
22.976592,0.000000
22.891748,0.476662
23.373931,1.961650
