22.745703,-0.000000
22.666028,1.878314
22.433003,3.743304
22.047202,5.583430
21.510415,7.385137
20.827079,9.136318
20.001407,10.824923
19.039087,12.439690
17.947209,13.969199
16.731634,15.404287
15.403420,16.732466
13.968020,17.948351
12.438758,19.040262
10.824874,20.001960
9.135570,20.827357
7.384624,21.511056
5.582892,22.047712
3.743391,22.433474
1.878146,22.667276
-0.000000,22.746973
-0.000000,24.139211
1.994295,24.055395
3.973650,23.809389
5.926021,23.399828
7.838182,22.830312
9.696400,22.105199
11.488849,21.229011
13.203014,20.208230
14.826564,19.048572
16.348366,17.759426
17.759344,16.348177
19.048417,14.826369
20.207843,13.202802
21.228701,11.488494
22.105008,9.696445
22.830132,7.837846
23.399656,5.925481
23.808926,3.973593
24.055186,1.993367
24.137791,-0.000000
11.633496,19.523905
12.346739,20.721105
11.588512,20.358056
11.230914,19.763174
12.359449,19.830614
11.835157,19.908568
12.036544,19.282853
14.015958,19.630826
12.136021,20.313641
12.776106,20.464630
13.227328,19.335473
12.697789,19.399061
12.919112,19.821434
12.576429,20.143752
11.917841,20.976369
10.593594,21.669721
13.205642,18.496564
12.824429,18.768485
13.956574,18.745221
13.437975,18.865573
13.587632,18.223679
15.588929,18.406378
13.769608,19.244057
14.422956,19.340039
14.778903,18.177031
14.255201,18.285422
13.609665,19.920862
10.755871,20.857327
9.841596,21.274667
14.687985,17.342236
14.330482,17.645584
15.457583,17.528758
14.950405,17.691092
15.046967,17.038875
17.055586,17.055922
15.311537,18.041373
15.970420,18.083144
16.229756,16.894318
15.716842,17.045588
15.207470,18.728947
14.511960,18.686776
11.301712,20.812919
11.042923,21.449841
11.039341,20.400251
10.144494,21.888834
8.767645,22.470544
9.981450,20.417285
10.403839,20.211233
10.196908,20.833992
9.560825,20.623851
10.386255,21.266717
16.069838,16.070300
15.738909,16.401679
16.851022,16.192385
16.359660,16.395959
16.401905,15.738628
18.405746,15.589327
16.749194,16.715000
17.409352,16.702378
17.569000,15.496675
17.070464,15.689628
16.702020,17.409323
16.006389,17.423891
9.007603,21.703239
9.538776,21.693552
9.234465,22.288142
8.057170,22.008921
9.291800,21.254483
8.590567,22.059585
8.302168,22.651578
17.341917,14.688467
17.039010,15.046513
18.131199,14.745544
17.658083,14.988995
17.645847,14.330174
19.630194,14.016400
18.072053,15.274970
18.729083,15.207966
18.788982,13.992989
18.307965,14.226223
18.082911,15.970501
17.389632,16.043129
8.261244,21.172131
8.698527,21.000723
8.461619,21.601105
7.824895,21.342919
8.839439,21.337729
6.881788,23.117913
18.495747,13.205839
18.223766,13.587693
19.287016,13.198039
18.835442,13.479589
18.768905,12.824299
20.720420,12.347405
19.271837,13.730494
19.920919,13.609557
19.880096,12.393438
19.420081,12.665769
19.339757,14.423079
18.655418,14.552245
7.182701,22.366458
7.715746,22.403431
7.362187,22.974871
6.211452,22.599700
7.510836,21.947161
6.741088,22.692170
6.403261,23.259905
19.522989,11.633498
19.283271,12.036756
20.310596,11.560298
19.884086,11.878030
19.763706,11.230781
21.669183,10.593944
20.339750,12.092020
20.976488,11.917819
20.835579,10.709704
20.399687,11.018826
20.464658,12.776758
19.793546,12.961825
6.484740,21.782267
6.934870,21.647178
6.035606,21.916393
4.949079,23.607513
20.417110,9.981606
20.211360,10.403429
21.196016,9.843736
20.797186,10.195585
20.623505,9.560495
22.470062,8.768392
21.268608,10.371288
21.888952,10.144892
21.648805,8.952669
21.239944,9.296705
21.449672,11.042893
20.795829,11.283224
6.644693,22.226657
7.048878,21.997116
5.311202,22.884143
5.839075,22.964569
5.439764,23.504625
4.323837,23.035672
5.672293,22.492694
4.843905,23.171528
4.460794,23.709456
21.171679,8.261528
21.001395,8.698995
21.936512,8.059852
21.568236,8.443322
21.342564,7.824936
23.117434,6.882752
22.052452,8.579681
22.651871,8.302618
22.314177,7.134433
21.935166,7.510913
22.288311,9.233995
21.656687,9.527451
4.663793,22.243558
5.123313,22.146045
4.204983,22.339799
2.982564,23.935125
21.781759,6.484722
21.648069,6.935076
22.527405,6.220823
22.191883,6.633289
21.915933,6.035601
23.606843,4.949829
22.685558,6.729260
23.260187,6.403647
22.827136,5.267224
22.480774,5.673971
22.974635,7.361727
22.369463,7.706443
4.786829,22.699538
5.208133,22.504056
3.403673,23.244772
3.922823,23.368691
3.480220,23.873843
2.407128,23.313544
3.795534,22.884460
2.914305,23.492263
2.488122,23.997065
22.242976,4.663955
22.146722,5.123710
22.964213,4.338761
22.664277,4.777771
22.338727,4.205138
23.935164,2.983116
23.163802,4.833077
23.709391,4.460926
23.184205,3.363740
22.872151,3.798349
23.504372,5.439190
22.929693,5.832784
2.811415,22.553144
3.276894,22.493516
2.345926,22.610599
0.996835,24.099762
22.552510,2.811937
22.494030,3.277135
23.243121,2.427941
22.981741,2.889615
22.609751,2.346329
24.099865,0.997509
23.483988,2.903942
23.996089,2.487552
23.382448,1.438768
23.108292,1.896851
23.873196,3.480033
23.332859,3.918383
2.896511,23.017856
3.331981,22.856796
1.471869,23.445965
1.979688,23.612212
1.495995,24.079928
-0.000000,23.246446
0.938762,22.708470
0.567376,22.722369
1.893671,23.120469
1.407918,22.688079
0.693296,23.532825
1.118762,23.721485
0.497358,24.120453
-0.000000,23.690392
0.518251,23.138993
1.081404,23.133754
22.707625,0.939103
22.686856,1.408411
23.435647,0.000000
22.722024,0.567309
23.558090,0.725535
23.725050,1.175339
23.149805,0.964274
24.119618,0.496470
23.688549,0.000000
23.184276,0.000000
23.100111,0.481143
23.576742,1.978636
