21.043561,-0.000000
20.970959,1.737804
20.755383,3.463516
20.398639,5.165826
19.902062,6.832764
19.269794,8.452968
18.505897,10.015322
17.615633,11.509378
16.605460,12.924494
15.480725,14.252287
14.251827,15.481185
12.923924,16.606067
11.508928,17.616272
10.015228,18.506287
8.452589,19.270063
6.832483,19.902538
5.165544,20.399132
3.463476,20.755957
1.737678,20.971965
0.000000,21.044631
-0.000000,22.542185
1.861856,22.464319
3.710479,22.234434
5.533759,21.851921
7.319405,21.320013
9.054850,20.642838
10.728521,19.824567
12.329383,18.871377
13.845609,17.788530
15.266770,16.584629
16.584477,15.266799
17.788333,13.845613
18.871053,12.329378
19.824285,10.728450
20.642615,9.054928
21.319766,7.319284
21.851601,5.533521
22.233908,3.710386
22.463747,1.861412
22.541019,0.000000
10.762753,18.062397
11.529264,19.348944
10.773231,18.926099
10.389650,18.284454
11.485563,18.428597
10.982999,18.474813
11.136051,17.839618
13.087956,18.330904
11.299725,18.913977
11.929783,19.110159
12.297158,17.975739
11.785494,18.005425
12.028749,18.455632
11.715881,18.766376
11.128948,19.587244
9.892060,20.234744
12.217325,17.112068
11.863967,17.364218
12.969984,17.420385
12.470725,17.507157
12.570979,16.859532
14.556756,17.187516
12.820734,17.918282
13.467432,18.059870
13.739437,16.898903
13.231231,16.971982
12.708782,18.601626
10.001935,19.395745
9.150082,19.780466
13.588776,16.044334
13.257286,16.325350
14.365165,16.289941
13.874364,16.417357
13.920847,15.763348
15.926297,15.926555
14.256382,16.798384
14.912439,16.886186
15.088281,15.706211
14.587833,15.821132
14.201101,17.488552
13.512180,17.399199
10.524624,19.381518
10.310926,20.029863
10.246995,18.935910
9.473294,20.439316
8.187233,20.982536
9.234397,18.889224
9.625136,18.698358
9.465016,19.338613
8.844376,19.080262
9.670875,19.801959
14.867196,14.867492
14.560386,15.174493
15.660054,15.047877
15.182078,15.215422
15.174465,14.560401
17.187132,14.557016
15.595072,15.563453
16.256117,15.596820
16.333390,14.406849
15.844221,14.562569
15.596574,16.256190
14.903619,16.223292
8.378101,20.186388
8.883797,20.203825
8.621974,20.812821
7.490929,20.462653
8.625246,19.729122
7.998906,20.540994
7.753061,21.151703
16.044082,13.589065
15.763260,13.920774
16.849826,13.703318
16.387041,13.909733
16.325318,13.257296
18.330497,13.088218
16.826797,14.222641
17.488500,14.201390
17.467583,13.008941
16.992865,13.204340
16.885968,14.912546
16.191569,14.937628
7.642970,19.587462
8.047880,19.429139
7.854272,20.051093
7.238473,19.745530
8.199194,19.792582
6.426427,21.587095
17.111577,12.217478
16.859398,12.571105
17.923956,12.265148
17.479689,12.509023
17.364233,11.864016
19.348514,11.529613
17.943971,12.784545
18.601506,12.708809
18.481928,11.521771
18.025068,11.755966
18.059605,13.467535
17.370193,13.549462
6.680375,20.802384
7.186054,20.864403
6.873735,21.453898
5.774971,21.012039
6.971982,20.372000
6.276667,21.129955
5.979865,21.719898
18.061857,10.762814
17.839609,11.136209
18.875110,10.743039
18.452744,11.022714
18.284510,10.389665
20.234370,9.892279
18.938250,11.258911
19.587148,11.129011
19.370168,9.956415
18.934210,10.227300
19.109998,11.930105
18.429877,12.068564
5.999387,20.151972
6.416059,20.027428
5.583134,20.276093
4.621784,22.044322
18.888988,9.234529
18.698258,9.625039
19.697932,9.147800
19.300026,9.461357
19.079987,8.844327
20.982174,8.187603
19.803075,9.656720
20.439210,9.473521
20.126202,8.322944
19.714118,8.628911
20.029622,10.310978
19.362999,10.505527
6.167658,20.631587
6.538584,20.404803
4.939820,21.283932
5.438390,21.387152
5.078591,21.948541
4.019968,21.417355
5.265402,20.878539
4.510107,21.576397
4.165927,22.139758
19.587088,7.643177
19.429228,8.048156
20.386152,7.489982
20.015521,7.835269
19.745207,7.238575
21.586689,6.426828
20.532892,7.988531
21.151656,7.753283
20.744821,6.632556
20.359410,6.971460
20.812702,8.621842
20.164522,8.870749
4.314752,20.578715
4.740171,20.489046
3.889620,20.667819
2.785594,22.350448
20.151522,5.999475
20.027558,6.416216
20.935234,5.780922
20.594316,6.155601
20.275663,5.583214
22.043746,4.622070
21.122449,6.265658
21.719787,5.980027
21.221818,4.896796
20.865811,5.266446
21.453561,6.873585
20.828166,7.175219
4.443127,21.070631
4.831071,20.875052
3.165702,21.619522
3.653873,21.763556
3.248793,22.293121
2.238108,21.675860
3.523232,21.242094
2.713306,21.875121
2.323614,22.408100
20.578141,4.314894
20.489011,4.740409
21.341257,4.032046
21.032526,4.433783
20.667046,3.889744
22.350044,2.785753
21.567769,4.499985
22.139398,4.165970
21.553470,3.127202
21.229139,3.525380
21.948122,5.078355
21.349767,5.430756
2.600828,20.865048
3.031995,20.810551
2.169667,20.918633
0.930804,22.504207
20.864351,2.601105
20.810347,3.032161
21.600631,2.256182
21.326806,2.681638
20.917808,2.169892
22.503689,0.931045
21.865670,2.703603
22.407245,2.323347
21.738223,1.337442
21.448104,1.760442
22.292434,3.248686
21.725274,3.648483
2.688591,21.365838
3.090851,21.202339
1.369073,21.806234
1.844064,21.990284
1.396477,22.485221
-0.000000,21.585695
0.868669,21.008775
0.525263,21.022318
1.757806,21.460976
1.303011,20.990386
0.645412,21.894096
1.041730,22.099148
0.465030,22.523527
-0.000000,22.062879
0.479820,21.470489
1.003624,21.467807
21.007874,0.868828
20.989350,1.303245
21.789586,0.000000
21.021625,0.525238
21.920833,0.675029
22.103518,1.094441
21.484378,0.894862
22.522634,0.464670
22.061515,0.000000
21.518355,0.000000
21.428396,0.445168
21.952113,1.842575
