23.294552,-0.000000
23.212691,1.923623
22.974029,3.833536
22.578867,5.718108
22.029111,7.563279
21.329303,9.356698
20.483711,11.086025
19.498162,12.739727
18.379942,14.306128
17.135071,15.775814
15.774828,17.136011
14.304765,18.381238
12.738649,19.499487
11.085990,20.484305
9.355837,21.329591
7.562693,22.029798
5.717488,22.579376
3.833666,22.974465
1.923454,23.213990
0.000000,23.295852
-0.000000,24.657096
2.037227,24.571424
4.058977,24.320188
6.053226,23.901853
8.006419,23.320135
9.904467,22.579469
11.735431,21.684490
13.486353,20.641785
15.144713,19.457231
16.699156,18.140441
18.140386,16.698894
19.457094,15.144454
20.641395,13.486074
21.684176,11.734990
22.579279,9.904503
23.319965,8.006030
23.901720,6.052607
24.319733,4.058956
24.571337,2.036176
24.655653,0.000000
11.914303,19.995202
12.611859,21.166096
11.852202,20.821201
11.502220,20.240028
12.642031,20.283960
12.110478,20.371770
12.326925,19.748281
14.316923,20.052392
12.406759,20.766752
13.050589,20.903885
13.528195,19.775273
12.992580,19.849379
13.207367,20.263599
12.855116,20.589802
12.173664,21.426877
10.821110,22.135077
13.524371,18.943037
13.134189,19.221331
14.275612,19.173635
13.750492,19.304450
13.915481,18.663606
15.923682,18.801659
14.076792,19.673262
14.732847,19.755199
15.115115,18.590452
14.586085,18.709845
13.901810,20.348710
10.999767,21.330140
10.065273,21.757989
15.042478,17.760807
14.676601,18.071333
15.810845,17.929363
15.298083,18.102626
15.410108,17.450232
17.421834,17.422179
15.653134,18.443776
16.313542,18.471321
16.598967,17.278616
16.081671,17.441252
15.533841,19.131241
14.835654,19.103629
11.553330,21.276356
11.280322,21.910332
11.295395,20.873423
10.362157,22.358923
8.955898,22.953101
10.222370,20.910055
10.654927,20.699125
10.433423,21.317185
9.791880,21.121625
10.617861,21.740906
16.457686,16.458200
16.118985,16.797422
17.236156,16.562485
16.740137,16.777383
16.797723,16.118608
18.800960,15.924112
17.122830,17.087798
17.783362,17.060914
17.968659,15.849183
17.466711,16.053823
17.060523,17.783316
16.363424,17.812584
9.211281,22.193972
9.750864,22.175924
9.433106,22.766583
8.240332,22.509077
9.507197,21.747391
8.782113,22.551217
8.480239,23.138007
17.760463,15.043023
17.450442,15.409539
18.545565,15.082575
18.068756,15.337700
18.071686,14.676180
20.051703,14.317412
18.475192,15.615652
19.131422,15.534396
19.216388,14.311286
18.732923,14.556436
18.471089,16.313626
17.777519,16.401037
8.460648,21.683159
8.908333,21.507547
8.657886,22.101969
8.014022,21.858044
9.046225,21.836813
7.029484,23.614363
18.942133,13.524589
18.663773,13.915518
19.727794,13.499710
19.273484,13.793179
19.221874,13.133997
21.165338,12.612613
19.701719,14.036736
20.348819,13.901664
20.332324,12.675383
19.870856,12.959765
19.754922,14.732990
19.071523,14.876899
7.345225,22.872464
7.887272,22.901753
7.520609,23.468110
6.352641,23.113249
7.684963,22.456152
6.891440,23.197929
6.540568,23.759353
19.994184,11.914296
19.748838,12.327157
20.774785,11.824574
20.346539,12.154378
20.240700,11.502047
22.134494,10.821489
20.793459,12.361727
21.427055,12.173618
21.309548,10.953355
20.873221,11.274597
20.903982,13.051347
20.235042,13.251020
6.641274,22.308009
7.102156,22.169545
6.181539,22.445367
5.055243,24.114468
20.909903,10.222538
20.699314,10.654430
21.680439,10.068776
21.280897,10.432807
21.121240,9.791462
22.952583,8.956742
21.743041,10.602616
22.359103,10.362603
22.141276,9.156354
21.732976,9.512492
21.910194,11.280269
21.259704,11.534999
6.798854,22.742075
7.213699,22.511456
5.431369,23.401844
5.968829,23.475332
5.556911,24.009255
4.422133,23.559140
5.803778,23.014296
4.951965,23.687950
4.556414,24.218535
21.682688,8.460945
21.508395,8.908853
22.437845,8.244124
22.069897,8.639781
21.857668,8.014041
23.613858,7.030615
22.544374,8.771056
23.138392,8.480756
22.821771,7.296764
22.444339,7.685230
22.766851,9.432535
22.139765,9.740055
4.776369,22.780440
5.246858,22.680431
4.306707,22.878992
3.046450,24.449057
22.307487,6.641212
22.170666,7.102379
23.042268,6.363075
22.708035,6.787624
22.444891,6.181505
24.113771,5.056130
23.191585,6.879347
23.759743,6.541019
23.346373,5.387048
23.002615,5.805655
23.467924,7.520048
22.868454,7.878428
4.897903,23.225896
5.329920,23.030254
3.480675,23.770579
4.009922,23.888427
3.555295,24.386455
2.461820,23.843285
3.883528,23.415171
2.979374,24.015814
2.541464,24.512376
22.779865,4.776528
22.681324,5.247297
23.489032,4.437946
23.191478,4.888913
22.877828,4.306873
24.449232,3.047136
23.680501,4.940911
24.218560,4.556562
23.711661,3.440249
23.403057,3.886551
24.009071,5.556232
23.441195,5.962940
2.879334,23.097524
3.355854,23.036271
2.402786,23.156242
1.018244,24.617200
23.096920,2.879920
23.037008,3.356110
23.774284,2.483489
23.516419,2.956819
23.155411,2.403233
24.617524,1.019055
24.007897,2.968802
24.511379,2.540801
23.914283,1.471545
23.644746,1.940933
24.385846,3.555078
23.853314,4.005776
2.963713,23.551668
3.409868,23.391214
1.505161,23.976435
2.023604,24.137385
1.528271,24.597070
0.000000,23.783201
0.961398,23.256573
0.581003,23.270630
1.937590,23.656702
1.441738,23.235587
0.708784,24.063063
1.143710,24.246846
0.507825,24.638345
-0.000000,24.217350
0.530660,23.678005
1.106522,23.671993
23.255780,0.961791
23.234341,1.442307
23.968124,0.000000
23.270416,0.580927
24.087930,0.741873
24.250212,1.201553
23.687939,0.986677
24.637556,0.506775
24.215423,0.000000
23.722564,0.000000
23.640104,0.492755
24.102727,2.022690
