20.307747,-0.000000
20.238370,1.677050
20.030282,3.342562
19.686079,4.985306
19.206857,6.593995
18.596648,8.157590
17.859466,9.665406
17.000390,11.107319
16.025570,12.473004
14.940117,13.754423
13.754152,14.940409
12.472719,16.025929
11.107087,17.000782
9.665296,17.859805
8.157403,18.596978
6.593848,19.207297
4.985171,19.686582
3.342510,20.030873
1.676988,20.239149
0.000000,20.308569
-0.000000,21.856504
1.804960,21.781334
3.597471,21.558393
5.365366,21.187500
7.096710,20.671726
8.779471,20.015109
10.402136,19.221691
11.954385,18.297527
13.424559,17.247695
14.802538,16.080395
16.080215,14.802659
17.247478,13.424652
18.297243,11.954459
19.221398,10.402174
20.014808,8.779535
20.671376,7.096687
21.187068,5.365286
21.557831,3.597417
21.780691,1.804802
21.855648,-0.000000
10.386396,17.430632
11.178354,18.759900
10.422108,18.309376
10.026041,17.645255
11.109099,17.824587
10.615511,17.856459
10.746811,17.215790
12.689611,17.772896
10.939960,18.311836
11.566505,18.528714
11.896591,17.390161
11.392140,17.404508
11.645750,17.868089
11.345843,18.174075
10.790267,18.990940
9.590916,19.618715
11.790173,16.513627
11.448878,16.757221
12.545001,16.849691
12.053635,16.921339
12.131557,16.269916
14.113716,16.664325
12.412551,17.347972
13.057277,17.510344
13.291809,16.348519
12.789756,16.405698
12.322037,18.035351
9.677308,18.766399
8.852294,19.137007
13.113706,15.483379
12.793487,15.754703
13.894610,15.756327
13.410395,15.868107
13.434098,15.212069
15.441576,15.441779
13.802502,16.263704
14.458326,16.372397
14.596734,15.194596
14.101083,15.293217
13.769116,16.956162
13.082152,16.845353
10.190401,18.765800
9.996713,19.420269
9.905390,18.304503
9.185151,19.817068
7.938118,20.343753
8.911497,18.228708
9.288501,18.044434
9.149473,18.693816
8.534712,18.413030
9.363149,19.171813
14.347412,14.347641
14.051041,14.644076
15.147048,14.554879
14.674306,14.706367
14.643921,14.051184
16.664062,14.113898
15.098622,15.068107
15.761112,15.122263
15.801299,13.937547
15.315536,14.076657
15.122071,15.761259
14.429296,15.706871
8.107109,19.533318
8.602111,19.563102
8.359070,20.179476
7.247100,19.796765
8.337865,19.071438
7.744391,19.887724
7.517341,20.507866
15.483141,13.113915
15.211883,13.434204
16.297863,13.254384
15.838956,13.444351
15.754525,12.793612
17.772600,12.689773
16.291136,13.769977
16.955997,13.769301
16.898529,12.585189
16.425850,12.763771
16.372190,14.458463
15.676253,14.462116
7.375754,18.902487
7.766615,18.749845
7.592427,19.382776
6.985021,19.055052
7.922977,19.126015
6.230988,20.929954
16.513290,11.790322
16.269691,12.131705
17.336774,11.863290
16.895050,12.090507
16.757034,11.448995
18.759574,11.178528
17.372748,12.377626
18.035138,12.322123
17.879769,11.146390
17.423562,11.363704
17.510097,13.057391
16.817369,13.118122
6.464124,20.128982
6.958264,20.202459
6.664088,20.800950
5.587023,20.328339
6.739655,19.692834
6.076888,20.457931
5.798112,21.058841
17.430258,10.386500
17.215581,10.746950
18.256679,10.390966
17.835457,10.653869
17.645057,10.026130
19.618381,9.591034
18.335302,10.900507
18.990710,10.790349
18.739002,9.631988
18.302271,9.886008
18.528474,11.566671
17.843276,11.684315
5.789620,19.447281
6.191778,19.327337
5.387591,19.567091
4.481314,21.373291
18.228403,8.911613
18.044177,9.288550
19.052501,8.847974
18.654319,9.144707
18.412709,8.534773
20.343389,7.938261
19.172542,9.349294
19.816808,9.185265
19.470401,8.051728
19.056136,8.340954
19.419980,9.996782
18.746595,10.170962
5.962006,19.943837
6.318446,19.717929
4.779956,20.594974
5.266085,20.708720
4.923579,21.280527
3.889127,20.720449
5.089975,20.182581
4.366511,20.890221
4.039334,21.465954
18.902102,7.375886
18.749611,7.766771
19.718209,7.244460
19.345853,7.573031
19.054675,6.985118
20.929526,6.231113
19.879110,7.734199
20.507588,7.517431
20.068899,6.416402
19.679920,6.738841
20.179192,8.359066
19.522562,8.588226
4.163911,19.859079
4.574552,19.772861
3.753357,19.945117
2.701042,21.670186
19.446822,5.789706
19.327067,6.191885
20.249319,5.591411
19.905320,5.949577
19.566627,5.387670
21.372746,4.481386
20.449959,6.066213
21.058489,5.798160
20.530453,4.737272
20.169439,5.090714
20.800551,6.664054
20.165087,6.946687
4.294962,20.368296
4.668411,20.172361
3.063274,20.919778
3.538224,21.073187
3.149474,21.614501
2.165359,20.970607
3.405835,20.533945
2.626834,21.179460
2.252969,21.725975
19.858521,4.164000
19.772482,4.574673
20.642108,3.899916
20.328830,4.285426
19.944485,3.753435
21.669624,2.701064
20.881170,4.356690
21.465457,4.039331
20.851191,3.025337
20.520705,3.407662
21.280041,4.923497
20.670102,5.257806
2.509824,20.135338
2.926126,20.083116
2.093525,20.187278
0.902443,21.819208
20.134680,2.509940
20.082622,2.926212
20.893155,2.182204
20.613124,2.591955
20.186566,2.093622
21.818556,0.902505
21.169510,2.617425
21.725260,2.252867
21.030190,1.293807
20.732306,1.701629
21.613866,3.149420
21.033739,3.532399
2.598977,20.653493
2.986843,20.488646
1.324872,21.100184
1.785735,21.292667
1.353743,21.800562
0.000000,20.869731
0.838436,20.273997
0.507142,20.287454
1.699251,20.745399
1.257668,20.256569
0.624790,21.188618
1.008605,21.401420
0.451117,21.837950
0.000000,21.362786
0.463237,20.750783
0.970065,20.749306
20.273229,0.838495
20.255768,1.257756
21.080841,0.000000
20.286747,0.507139
21.216226,0.653283
21.406344,1.059684
20.766311,0.864886
21.837182,0.451003
21.361862,0.000000
20.800044,0.000000
20.707319,0.429631
21.253309,1.784054
