20.739201,-0.000000
20.667919,1.712678
20.455450,3.413491
20.103899,5.091163
19.614506,6.734008
18.991366,8.330795
18.238517,9.870586
17.361147,11.343070
16.365590,12.737737
15.257100,14.046348
14.045959,15.257497
12.737278,16.366102
11.342705,17.361691
9.870481,18.238889
8.330488,18.991659
6.733774,19.614972
5.090933,20.104408
3.413437,20.456053
1.712571,20.668869
-0.000000,20.740212
-0.000000,22.258219
1.838296,22.181456
3.663678,21.954442
5.464014,21.576739
7.227169,21.051513
8.940792,20.382853
10.593339,19.574874
12.174063,18.633702
13.671212,17.564523
15.074484,16.375778
16.375610,15.074556
17.564311,13.671257
18.633388,12.174097
19.574584,10.593319
20.382598,8.940871
21.051222,7.227091
21.576364,5.463840
21.953883,3.663593
22.180821,1.837962
22.257135,-0.000000
10.607077,17.801090
11.383924,19.104981
10.627893,18.670833
10.239247,18.020072
11.329743,18.178606
10.830925,18.218940
10.975047,17.581590
12.922966,18.099790
11.150777,18.664692
11.779318,18.869342
12.131349,17.733358
11.622710,17.756755
11.870180,18.212387
11.562667,18.521144
10.988676,19.340273
9.767333,19.979608
12.040634,16.864538
11.692264,17.113152
12.794077,17.184175
12.298120,17.264740
12.389214,16.615650
14.373250,16.970818
12.651738,17.682168
13.297550,17.832268
13.554146,16.671082
13.048529,16.737636
12.548600,18.367087
9.867559,19.135244
9.026818,19.514129
13.392261,15.812302
13.065431,16.089313
14.170392,16.069073
13.682355,16.190066
13.719505,15.535318
15.725525,15.725768
14.068463,16.577017
14.724346,16.673382
14.884808,15.494436
14.386392,15.602662
14.022176,17.268041
13.334134,17.169897
10.386246,19.126608
10.180785,19.777393
10.105625,18.674626
9.353952,20.181603
8.084052,20.717977
9.100834,18.616025
9.485896,18.427883
9.334432,19.071788
8.716287,18.804285
9.543471,19.541083
14.652187,14.652460
14.349694,14.955094
15.447711,14.843820
14.971943,15.004762
14.955009,14.349767
16.970477,14.373484
15.389527,15.358371
16.051086,15.400265
16.113136,14.212589
15.625427,14.361480
15.400036,16.051193
14.707232,16.009483
8.265922,19.916062
8.767170,19.938557
8.513083,20.550514
7.390000,20.187034
8.506318,19.456961
7.893533,20.270541
7.655431,20.885047
15.812052,13.392522
15.535183,13.719510
16.621361,13.517500
16.160226,13.717146
16.089216,13.065496
18.099422,12.923193
16.605019,14.035230
17.267939,14.022428
17.232033,12.833538
16.758212,13.022016
16.673163,14.724469
15.978210,14.740755
7.532438,19.304146
7.931541,19.148171
7.745910,19.774533
7.133635,19.459938
8.084899,19.516774
6.345478,21.314932
16.864104,12.040788
16.615472,12.389353
17.680919,12.098819
17.237751,12.335832
17.113078,11.692346
19.104589,11.384208
17.707474,12.616076
18.366924,12.548656
18.232682,11.366393
17.776148,11.593637
17.832003,13.297660
17.141308,13.370879
6.590857,20.523643
7.091740,20.590351
6.786901,21.183474
5.697173,20.729046
6.875837,20.090951
6.193955,20.851738
5.904587,21.446111
17.800613,10.607158
17.581493,10.975200
18.619147,10.597320
18.197304,10.870082
18.020021,10.239296
19.979248,9.767518
18.688626,11.110533
19.340119,10.988753
19.108922,9.822133
18.672703,10.086068
18.869142,11.779581
18.187014,11.909482
5.912618,19.860501
6.323291,19.737856
5.502247,19.982838
4.563603,21.766407
18.615759,9.100965
18.427718,9.485862
19.430799,9.023708
19.032831,9.330328
18.803992,8.716290
20.717612,8.084336
19.542037,9.529450
20.181433,9.354140
19.854761,8.210688
19.441837,8.509753
19.777128,10.180851
19.107805,10.367019
6.082550,20.346986
6.447492,20.120589
4.873642,20.998752
5.367049,21.106273
5.014386,21.671878
3.965808,21.128899
5.192804,20.590541
4.450657,21.292322
4.113497,21.860693
19.303765,7.532624
19.148126,7.931776
20.109700,7.388367
19.738411,7.726757
19.459591,7.133743
21.314512,6.345769
20.262230,7.883241
20.884906,7.655604
20.465048,6.543090
20.078225,6.875202
20.550325,8.513010
19.898752,8.753787
4.252356,20.281065
4.671665,20.192818
3.833252,20.368900
2.750576,22.068713
19.860040,5.912715
19.737818,6.323435
20.651336,5.702487
20.309204,6.070351
19.982386,5.502336
21.765829,4.563800
20.844037,6.183089
21.445896,5.904704
20.935645,4.830767
20.577635,5.193728
21.183105,6.786803
20.553650,7.080608
4.381809,20.779996
4.763764,20.584294
3.123300,21.329881
3.605990,21.477738
3.207657,22.012070
2.207992,21.383953
3.474649,20.949056
2.677506,21.587124
2.294357,22.125596
20.280481,4.252485
20.192629,4.671864
21.051874,3.977359
20.741323,4.372394
20.368166,3.833365
22.068218,2.750672
21.283507,4.440660
21.860261,4.113520
21.262771,3.085038
20.935963,3.476668
21.671417,5.014213
21.068378,5.359155
2.563183,20.563236
2.988204,20.509675
2.138168,20.616139
0.919060,22.220519
20.562526,2.563402
20.509328,2.988345
21.307790,2.225562
21.031465,2.644526
20.615327,2.138347
22.219905,0.919224
21.577442,2.667924
22.124767,2.294154
21.445134,1.319381
21.151872,1.736104
22.011378,3.207567
21.438963,3.600422
2.651502,21.071067
3.047812,20.907034
1.350772,21.513992
1.819914,21.701470
1.378780,22.201675
0.000000,21.289420
0.856158,20.704874
0.517760,20.718377
1.733572,21.164870
1.284254,20.686874
0.636876,21.602081
1.028015,21.810285
0.459271,22.239599
-0.000000,21.773050
0.472959,21.172697
0.989738,21.170504
20.703986,0.856278
20.685894,1.284432
21.496196,0.000000
20.717637,0.517745
21.629128,0.666027
21.814838,1.080047
21.187207,0.882462
22.238715,0.459010
21.771817,0.000000
21.221087,0.000000
21.130004,0.438741
21.662783,1.818346
