20.153470,-0.000000
20.084782,1.664305
19.878250,3.317191
19.536664,4.947444
19.061070,6.543918
18.455483,8.095647
17.723907,9.592035
16.871383,11.023023
15.903989,12.378350
14.826783,13.650048
13.649823,14.827035
12.378134,15.904295
11.022848,16.871725
9.591932,17.724243
8.095516,18.455835
6.543817,19.061503
4.947356,19.537154
3.317152,19.878807
1.664267,20.085452
-0.000000,20.154169
-0.000000,21.713081
1.793056,21.638492
3.573836,21.417013
5.330154,21.048558
7.050146,20.536162
8.721895,19.883846
10.333894,19.095629
11.875984,18.177543
13.336535,17.134625
14.705491,15.974980
15.974799,14.705624
17.134405,13.336637
18.177268,11.876062
19.095328,10.333940
19.883517,8.721942
20.535782,7.050138
21.048110,5.330110
21.416474,3.573800
21.637891,1.792971
21.712365,-0.000000
10.307492,17.298154
11.104986,18.636732
10.348600,18.180246
9.949810,17.511217
11.030278,17.698106
10.538537,17.726916
10.665205,17.084981
12.606330,17.656227
10.864677,18.185818
11.490552,18.407137
11.812737,17.267563
11.309756,17.278632
11.565608,17.745134
11.268424,18.050140
10.719452,18.866253
9.527951,19.489895
11.700626,16.388146
11.361860,16.629944
12.456029,16.730201
11.966278,16.798623
12.039436,16.146289
14.021097,16.554942
12.327140,17.228628
12.971528,17.395450
13.198108,16.233300
12.697299,16.287089
12.241177,17.916954
9.609352,18.634634
8.789953,19.002279
13.014114,15.365770
12.696260,15.635057
13.796099,15.644608
13.313223,15.753062
13.332054,15.096490
15.340244,15.340428
13.707535,16.151823
14.363393,16.264981
14.493841,15.087496
13.999144,15.182650
13.678806,16.844859
12.992177,16.729460
10.120468,18.636945
9.931016,19.292796
9.833843,18.172233
9.124902,19.686948
7.886034,20.210172
8.843798,18.090198
9.217918,17.907309
9.083384,18.558739
8.469788,18.273110
9.298755,19.039929
14.238442,14.238655
13.944262,14.532871
15.039649,14.451664
14.567957,14.599744
14.532691,13.944428
16.554709,14.021252
14.994748,14.964458
15.657630,15.023048
15.689914,13.839304
15.204811,13.974888
15.022875,15.657790
14.330055,15.598814
8.050385,19.396588
8.543171,19.429015
8.304102,20.047032
7.196056,19.657338
8.277673,18.933662
7.691131,19.750999
7.468054,20.373230
15.365535,13.014300
15.096285,13.332192
16.182301,13.160391
15.724157,13.346875
15.634847,12.696401
17.655957,12.606459
16.179052,13.675257
16.844671,13.678958
16.779396,12.496476
16.307087,12.671496
16.264781,14.363529
15.568433,14.362618
7.319730,18.758844
7.707642,18.607396
7.537584,19.242771
6.931884,18.910255
7.865108,18.986347
6.190125,20.792531
16.387842,11.700766
16.146046,12.039580
17.213825,11.779147
16.772583,12.002843
16.629710,11.361982
18.636425,11.105107
17.253212,12.292471
17.916720,12.241264
17.753690,11.067795
17.297561,11.281540
17.395210,12.971636
16.701693,13.027863
6.418857,19.987991
6.910602,20.063927
6.620255,20.664402
5.547677,20.185179
6.690994,19.550554
6.035082,20.317278
5.760107,20.920601
17.297811,10.307597
17.084726,10.665331
18.127172,10.317239
17.706136,10.576600
17.510957,9.949905
19.489562,9.528031
18.209111,10.825495
18.865989,10.719523
18.606836,9.564054
18.169881,9.814511
18.406879,11.490672
17.720518,11.603901
5.745642,19.299500
6.144752,19.180525
5.346596,19.418407
4.451943,21.232959
18.089868,8.843898
17.907009,9.217987
18.917330,8.785181
18.519033,9.078366
18.272768,8.469858
20.209799,7.886115
19.040566,9.284946
19.686646,9.124977
19.333073,7.994934
18.918284,8.280625
19.292491,9.931075
18.617585,10.100937
5.918934,19.799756
6.272328,19.574007
4.746493,20.450722
5.230031,20.566733
4.891167,21.140825
3.861736,20.574516
5.053232,20.036780
4.336460,20.746600
4.012860,21.325042
18.758452,7.319829
18.607085,7.707755
19.578324,7.193038
19.205545,7.518086
18.909860,6.931962
20.792099,6.190188
19.742265,7.680963
20.372894,7.468106
19.927363,6.371137
19.537567,6.690103
20.046705,8.304112
19.388195,8.529090
4.132289,19.708158
4.539829,19.622670
3.724793,19.793553
2.683359,21.527914
19.299045,5.745709
19.180172,6.144831
20.105681,5.551723
19.760970,5.906409
19.417943,5.346658
21.232440,4.451972
20.309207,6.024467
20.920200,5.760129
20.385697,4.703868
20.023560,5.053895
20.663991,6.620240
20.026303,6.898854
4.263930,20.221154
4.634335,20.025120
3.041834,20.773260
3.514025,20.928694
3.128705,21.472571
2.150131,20.822917
3.381246,20.385580
2.608737,21.033845
2.238192,21.583311
19.707628,4.132351
19.622237,4.539907
20.495712,3.872246
20.181416,4.254341
19.792981,3.724847
21.527364,2.683363
20.737480,4.326700
21.324541,4.012852
20.704166,3.004008
20.372314,3.382998
21.140342,4.891121
20.527858,5.221608
2.490747,19.982295
2.903930,19.930556
2.077567,20.033891
0.896510,21.675932
19.981694,2.490816
19.930042,2.903984
20.745036,2.166714
20.463630,2.573165
20.033258,2.077623
21.675321,0.896537
21.023834,2.599390
21.582679,2.238134
20.881973,1.284670
20.582387,1.689309
21.471988,3.128670
20.889025,3.508107
2.580210,20.504244
2.965055,20.339090
1.315623,20.952331
1.773528,21.146647
1.344804,21.657358
0.000000,20.719725
0.832104,20.119880
0.503350,20.133324
1.686989,20.595467
1.248164,20.102663
0.620472,21.040895
1.001674,21.255378
0.448203,21.694553
0.000000,21.216236
0.459762,20.599960
0.963034,20.598746
20.119210,0.832137
20.101979,1.248213
20.932483,0.000000
20.132684,0.503350
21.068765,0.648731
21.260494,1.052415
20.615919,0.858602
21.693883,0.448145
21.215484,0.000000
20.649597,0.000000
20.556269,0.426374
21.107090,1.771808
