20.049205,0.000000
19.980984,1.655684
19.775496,3.300030
19.435672,4.921833
18.962524,6.510048
18.360057,8.053751
17.632272,9.542414
16.784182,10.966017
15.821813,12.314341
14.750183,13.579464
13.579312,14.750362
12.314208,15.822027
10.965911,16.784427
9.542344,17.632535
8.053682,18.360344
6.509996,18.962856
4.921792,19.436039
3.300010,19.775899
1.655668,19.981433
0.000000,20.049667
-0.000000,21.616088
1.785010,21.541896
3.557863,21.321414
5.306362,20.954616
7.018686,20.444513
8.682999,19.795114
10.287797,19.010424
11.823031,18.096456
13.277088,17.058220
14.639955,15.903753
15.903614,14.640060
17.058047,13.277167
18.096244,11.823086
19.010183,10.287831
19.794843,8.683023
20.444204,7.018685
20.954266,5.306345
21.321018,3.557847
21.541469,1.784980
21.615620,-0.000000
10.254160,17.208536
11.055429,18.553487
10.298931,18.092933
9.898284,17.420541
10.977020,17.612586
10.486521,17.639309
10.610047,16.996495
12.550082,17.577384
10.813816,18.100624
11.439251,18.324971
11.756084,17.184676
11.254087,17.193514
11.511467,17.662014
11.216123,17.966361
10.671617,18.781979
9.485416,19.402820
11.640103,16.303271
11.303047,16.543852
12.395917,16.649417
11.907249,16.715644
11.977173,16.062672
13.958549,16.481031
12.269443,17.147956
12.913616,17.317810
13.134805,16.155411
12.634827,16.206894
12.186563,17.836941
9.563435,18.545536
8.747827,18.911172
12.946804,15.286228
12.630549,15.554136
13.729547,15.569086
13.247568,15.675278
13.263086,15.018323
15.271816,15.271947
13.643386,16.076203
14.299284,16.192399
14.424331,15.015102
13.930269,15.107899
13.617815,16.769649
12.931399,16.651125
10.073220,18.549828
9.886637,19.206634
9.785495,18.082781
9.084201,19.598992
7.850847,20.119868
8.798037,17.996490
9.170207,17.814541
9.038722,18.467383
8.425902,18.178447
9.255248,18.950758
14.164793,14.164950
13.872094,14.457664
14.967092,14.381893
14.496101,14.527660
14.457513,13.872232
16.480864,13.958652
14.924584,14.894406
15.587750,14.956011
15.614667,13.772897
15.129998,13.906087
14.955888,15.587878
14.263022,15.525781
8.012055,19.304125
8.503347,19.338353
8.266967,19.957500
7.161561,19.563042
8.236995,18.840476
7.655142,19.658545
7.434756,20.282212
15.286046,12.946935
15.018155,13.263206
16.104226,13.096855
15.646589,13.280976
15.553957,12.630662
17.577185,12.550162
16.103343,13.611240
16.769492,13.617914
16.698911,12.436510
16.226841,12.609114
16.192249,14.299386
15.495605,14.295373
7.281860,18.661656
7.667777,18.511018
7.500520,19.148074
6.895963,18.812283
7.825997,18.891874
6.162516,20.699621
16.303048,11.640204
16.062473,11.977280
17.130755,11.722267
16.689830,11.943576
16.543646,11.303139
18.553254,11.055492
17.172465,12.234917
17.836749,12.186625
17.668506,11.014667
17.212418,11.225991
17.317626,12.913692
16.623555,12.966860
6.388267,19.892637
6.878396,19.970249
6.590639,20.572085
5.521087,20.088350
6.658106,19.454312
6.006831,20.222159
5.734429,20.827136
17.208280,10.254237
16.996273,10.610134
18.039665,10.267398
17.618746,10.524359
17.420308,9.898354
19.402558,9.485455
18.123862,10.774794
18.781755,10.671662
18.517535,9.518130
18.080416,9.766172
18.324759,11.439317
17.637592,11.549550
5.715912,19.199503
6.112962,19.081187
5.318884,19.317797
4.432095,21.138072
17.996220,8.798101
17.814285,9.170264
18.825993,8.742730
18.427607,9.033509
18.178167,8.425954
20.119571,7.850878
18.951404,9.241450
19.598734,9.084236
19.240283,7.956539
18.825125,8.239834
19.206386,9.886672
18.530430,10.053606
5.889823,19.702293
6.241157,19.476647
4.723878,20.353153
5.205668,20.470711
4.869267,21.046365
3.843224,20.475803
5.028398,19.938148
4.316151,20.649466
3.994970,21.229761
18.661346,7.281914
18.510739,7.667838
19.483804,7.158274
19.110727,7.480935
18.811967,6.896010
20.699285,6.162535
19.649815,7.644979
20.281922,7.434775
19.831734,6.340537
19.441369,6.657150
19.957223,8.266977
19.297418,8.489118
4.110913,19.606027
4.516355,19.521037
3.705485,19.690986
2.671409,21.431707
19.199155,5.715950
19.080876,6.113005
20.008632,5.524891
19.663425,5.877220
19.317442,5.318918
21.137690,4.432101
20.214121,5.996252
20.826806,5.734434
20.287900,4.681288
19.924987,5.029001
20.571761,6.590635
19.932545,6.866522
4.242956,20.121611
4.611302,19.925507
3.027343,20.674150
3.497671,20.830967
3.114670,21.376595
2.139840,20.723009
3.364626,20.285205
2.596505,20.935353
2.228204,21.486837
19.605639,4.110942
19.520684,4.516391
20.396808,3.853541
20.081807,4.233323
19.690581,3.705511
21.431301,2.671406
20.640419,4.306431
21.229381,3.994963
20.604844,2.989590
20.272051,3.366322
21.045999,4.869249
20.431769,5.197142
2.477851,19.878721
2.888924,19.827312
2.066779,19.930083
0.892499,21.579040
19.878297,2.477879
19.826919,2.888948
20.644976,2.156243
20.362623,2.560461
19.929647,2.066802
21.578607,0.892507
20.925439,2.587203
21.486402,2.228182
20.781853,1.278495
20.481100,1.680979
21.376182,3.114655
20.791276,3.491690
2.567525,20.403266
2.950327,20.237902
1.309373,20.852310
1.765278,21.047880
1.338761,21.560515
0.000000,20.618232
0.827824,20.015573
0.500788,20.029008
1.678700,20.494024
1.241740,19.998502
0.617553,20.940963
0.996988,21.156595
0.446233,21.597579
0.000000,21.117106
0.457413,20.497908
0.958280,20.496875
20.015120,0.827837
19.998046,1.241758
20.832271,0.000000
20.028565,0.500789
20.969164,0.645654
21.161992,1.047504
20.514313,0.854352
21.597126,0.446213
21.116625,0.000000
20.547953,0.000000
20.454214,0.424171
21.008333,1.763533
