21.383081,0.000000
21.309027,1.765832
21.089978,3.519323
20.727438,5.249120
20.222843,6.942937
19.580392,8.589266
18.804174,10.176797
17.899533,11.694926
16.873060,13.132858
15.730206,14.482053
14.481500,15.730754
13.132156,16.873791
11.694373,17.900300
10.176709,18.804613
8.588807,19.580673
6.942606,20.223370
5.248783,20.727953
3.519302,21.090554
1.765690,21.310118
-0.000000,21.384233
-0.000000,22.859583
1.888184,22.780501
3.762786,22.547411
5.611712,22.159523
7.422499,21.620143
9.182336,20.933445
10.879614,20.103667
12.502986,19.137044
14.040537,18.038925
15.481695,16.818081
16.817934,15.481687
18.038725,14.040505
19.136689,12.502944
20.103365,10.879488
20.933220,9.182410
21.619901,7.422331
22.159220,5.611408
22.546884,3.762688
22.779975,1.887628
22.858313,0.000000
10.936426,18.353921
11.691713,19.621635
10.935531,19.211170
10.557441,18.579409
11.659554,18.707754
11.152758,18.760454
11.315664,18.127488
13.272367,18.589236
11.466107,19.192454
12.097961,19.379334
12.482320,18.246426
11.967217,18.283041
12.205882,18.727365
11.887049,19.040356
11.285727,19.863301
10.031470,20.519922
12.414443,17.388224
12.055524,17.644320
13.166408,17.684161
12.663406,17.777780
12.773756,17.131623
14.761864,17.429736
13.009512,18.182050
13.657312,18.314276
13.946357,17.153334
13.435194,17.233613
12.887814,18.863789
10.152003,19.686680
9.287735,20.077911
13.808010,16.303206
13.471325,16.588687
14.582656,16.536586
14.088711,16.671101
14.145460,16.017757
16.150703,16.150990
14.466300,17.045679
15.122675,17.124053
15.315504,15.942722
14.812716,16.065038
14.401086,17.735040
13.711072,17.655360
10.679207,19.666289
10.456388,20.312061
10.404817,19.227610
9.606682,20.727378
8.302566,21.278251
9.383399,19.194019
9.780465,19.000116
9.610797,19.636497
8.987273,19.388155
9.813195,20.093386
15.107061,15.107398
14.795437,15.419269
15.897164,15.275748
15.416655,15.450599
15.419285,14.795401
17.429288,14.762162
15.824679,15.792556
16.485283,15.816522
16.579352,14.623796
16.088473,14.787072
15.816246,16.485336
15.123000,16.462148
8.503387,20.488308
9.014087,20.500180
8.743686,21.106016
7.603643,20.770466
8.758015,20.032969
8.116615,20.843124
7.862184,21.449767
16.302933,13.808344
16.017703,14.145315
17.104936,13.910822
16.640236,14.124733
16.588706,13.471283
18.588767,13.272672
17.074534,14.432002
17.735023,14.401425
17.730623,13.204830
17.254817,13.407890
17.123822,15.122778
16.429907,15.157563
7.766281,19.903546
8.177663,19.742607
7.975245,20.359853
7.355433,20.064153
8.326766,20.100458
6.516910,21.891315
17.387649,12.414607
17.131517,12.773875
18.195332,12.450885
17.749760,12.702368
17.644406,12.055544
19.621139,11.692133
18.208144,12.972742
18.863695,12.887814
18.760255,11.695290
18.302941,11.937192
18.313993,13.657416
17.625872,13.748961
6.780352,21.113705
7.291418,21.170571
6.970796,21.756169
5.861855,21.328089
7.079316,20.685770
6.369062,21.440763
6.064005,22.025936
18.353286,10.936473
18.127550,11.315835
19.160911,10.905756
18.737879,11.193103
18.579552,10.557426
20.519501,10.031722
19.217078,11.424662
19.863240,11.285775
19.661886,10.106372
19.226125,10.384969
19.379195,12.098351
18.701164,12.246276
6.096188,20.477156
6.519547,20.350499
5.673375,20.603270
4.686818,22.354973
19.193782,9.383537
19.000053,9.780303
19.996200,9.286364
19.598277,9.607626
19.387860,8.987170
21.277852,8.303022
20.094647,9.798888
20.727308,9.606948
20.429303,8.448303
20.018056,8.761934
20.311819,10.456425
19.648052,10.660251
6.262673,20.949325
6.640260,20.722067
5.013732,21.602444
5.518091,21.700951
5.150357,22.257788
4.080453,21.739508
5.346450,21.200073
4.576517,21.893751
4.224528,22.451696
19.903141,7.766511
19.742804,8.177984
20.694826,7.603447
20.324838,7.956401
20.063815,7.355527
21.890881,6.517430
20.835212,8.106144
21.449783,7.862455
21.057227,6.732465
20.673289,7.078918
21.105940,8.743487
20.461382,9.001401
4.384364,20.910792
4.816595,20.819544
3.952510,21.001314
2.824735,22.665367
20.476678,6.096262
20.350772,6.519717
21.252225,5.868506
20.912566,6.250765
20.602821,5.673442
22.354359,4.687201
21.433429,6.357893
22.025897,6.064215
21.541376,4.970534
21.187499,5.347625
21.755831,6.970585
21.134797,7.280905
4.511585,21.395107
4.906201,21.199624
3.213061,21.943017
3.707369,22.082871
3.294776,22.607268
2.271745,22.001867
3.577471,21.569252
2.753295,22.196855
2.356310,22.723876
20.910195,4.384517
20.819639,4.816872
21.664375,4.093112
21.357581,4.502310
21.000462,3.952643
22.665031,2.824967
21.885291,4.566254
22.451379,4.224592
21.878085,3.174289
21.556411,3.579757
22.257378,5.150052
21.664079,5.510739
2.642827,21.201765
3.080847,21.146232
2.204814,21.256115
0.943929,22.821300
21.201054,2.643162
21.146153,3.081035
21.927623,2.290376
21.656483,2.723067
21.255252,2.205082
22.820869,0.944256
22.187625,2.743459
22.722965,2.355978
22.065515,1.357612
21.778793,1.787612
22.606558,3.294652
22.045087,3.702174
2.729999,21.694925
3.138894,21.531986
1.389519,22.132623
1.871043,22.312942
1.416255,22.802152
0.000000,21.916479
0.882636,21.347816
0.533643,21.361413
1.784863,21.791552
1.323937,21.329005
0.654944,22.220251
1.057052,22.421868
0.471463,22.840890
0.000000,22.386662
0.487479,21.802917
1.019123,21.799702
21.346884,0.882834
21.327890,1.324228
22.117225,0.000000
21.360752,0.533608
22.246634,0.685082
22.426025,1.110525
21.816115,0.908700
22.839968,0.470993
22.385145,0.000000
21.850196,0.000000
21.761458,0.452340
22.275308,1.869642
