22.905456,-0.000000
22.825141,1.891501
22.590476,3.769567
22.201950,5.622628
21.661387,7.436986
20.973257,9.200461
20.141787,10.900918
19.172705,12.527017
18.073160,14.067264
16.849057,15.512421
15.511521,16.849919
14.066032,18.074345
12.526043,19.173921
10.900874,20.142348
9.199680,20.973534
7.436452,21.662038
5.622067,22.202454
3.769666,22.590931
1.891333,22.826399
-0.000000,22.906731
-0.000000,24.289809
2.006781,24.205450
3.998464,23.957924
5.963012,23.545811
7.887105,22.972747
9.756905,22.243112
11.560555,21.361460
13.285408,20.334304
14.919081,19.167407
16.450375,17.870222
17.870149,16.450163
19.167260,14.918865
20.333919,13.285175
21.361153,11.560174
22.242926,9.756947
22.972575,7.886753
23.545656,5.962448
23.957469,3.998416
24.205282,2.005815
24.288386,0.000000
11.715228,19.661080
12.423835,20.850505
11.665226,20.492793
11.309880,19.901965
12.441662,19.962506
11.915269,20.043346
12.121063,19.418318
14.103478,19.753415
12.214773,20.445440
12.855924,20.592362
13.314857,19.463419
12.783564,19.530087
13.002959,19.950049
12.657489,20.273490
11.992235,21.107373
10.659755,21.805044
13.298411,18.626513
12.914587,18.900289
14.049393,18.869859
13.528909,18.993273
13.683057,18.351721
15.686274,18.521324
13.858962,19.368902
14.513072,19.460765
14.876715,18.297302
14.351477,18.408913
13.694621,20.045276
10.826824,20.994873
9.906668,21.415272
14.791164,17.464063
14.431223,17.769501
15.560359,17.645306
15.051569,17.810836
15.152665,17.158602
17.162090,17.162428
15.410901,18.158422
16.070199,18.196024
16.337168,17.006117
15.822995,17.160711
15.302378,18.845930
14.606116,18.808027
11.374901,20.947719
11.111958,21.583749
11.113843,20.537926
10.207790,22.025532
8.822387,22.610868
10.051572,20.560709
10.476922,20.353236
10.265725,20.974583
9.628076,20.768731
10.453624,21.404647
16.182725,16.183201
15.849534,16.516863
16.963071,16.300058
16.470369,16.506942
16.517113,15.849223
18.520674,15.686681
16.857878,16.823439
17.518114,16.806638
17.685270,15.599226
17.185759,15.795595
16.806273,17.518077
16.110243,17.536952
9.066854,21.845996
9.600466,21.833857
9.292229,22.427269
8.110455,22.154424
9.354473,21.397900
8.646284,22.202588
8.353951,22.793027
17.463739,14.791663
17.158762,15.152175
18.251753,14.843596
17.777578,15.090457
17.769794,14.430880
19.752769,14.103933
18.189319,15.374066
18.846083,15.302890
18.913325,14.085587
18.431615,14.322302
18.195793,16.070279
17.502460,16.147235
8.319281,21.320869
8.759594,21.148236
8.518726,21.746837
7.879942,21.492849
8.899612,21.482953
6.924737,23.262277
18.625673,13.298613
18.351835,13.683109
19.415254,13.285804
18.962901,13.570834
18.900748,12.914438
20.849802,12.424526
19.396882,13.819573
20.045352,13.694501
20.011660,12.475461
19.551243,12.751311
19.460487,14.513199
18.776454,14.646678
7.229981,22.513658
7.765637,22.548376
7.408255,23.118302
6.252526,22.749098
7.561501,22.095257
6.784822,22.839282
6.443190,23.405140
19.660136,11.715225
19.418780,12.121280
20.445645,11.637184
20.018649,11.958439
19.902542,11.309734
21.804496,10.660113
20.471727,12.170472
21.107513,11.992205
20.973469,10.780586
20.537472,11.093246
20.592414,12.856606
19.921968,13.045945
6.530300,21.935287
6.983561,21.799215
6.078081,22.070353
4.979950,23.754931
20.560543,10.051731
20.353385,10.476486
21.336952,9.909207
20.937935,10.264609
20.768379,9.627719
22.610380,8.823163
21.406613,10.438576
22.025673,10.208202
21.792078,9.011925
21.383403,9.359491
21.583593,11.111920
20.930761,11.356459
6.689548,22.376624
7.096839,22.146778
5.346159,23.034745
5.876816,23.113132
5.473829,23.651368
4.352433,23.187956
5.710550,22.644459
4.875338,23.321741
4.488601,23.857491
21.320415,8.319569
21.148964,8.760077
22.082368,8.113463
21.714208,8.500486
21.492493,7.879976
23.261795,6.925750
22.195544,8.635348
22.793352,8.354420
22.461849,7.181658
22.083320,7.561633
22.427472,9.291729
21.797205,9.589293
4.696559,22.399820
5.159273,22.301580
4.234590,22.496733
3.001142,24.084571
21.934779,6.530269
21.800178,6.983771
22.677198,6.262208
22.342072,6.678196
22.069894,6.078067
23.754258,4.980741
22.832753,6.772917
23.405459,6.443595
22.978196,5.302083
22.632615,5.712286
23.118084,7.407765
22.514610,7.756469
4.819147,22.852688
5.243572,22.657168
3.426073,23.397732
3.948157,23.519864
3.502050,24.022907
2.423038,23.467652
3.821137,23.038876
2.933232,23.644549
2.503634,24.146913
22.399245,4.696720
22.302325,5.159682
23.116902,4.367617
22.817681,4.810110
22.495640,4.234748
24.084656,3.001732
23.314101,4.864444
23.857458,4.488737
23.337656,3.385998
23.026630,3.824013
23.651140,5.473224
23.078480,5.870644
2.831183,22.711589
3.299877,22.651486
2.362475,22.769410
1.003061,24.250228
22.710969,2.831724
22.652071,3.300122
23.397655,2.444102
23.137321,2.909169
22.768572,2.362891
24.250401,1.003775
23.636385,2.922808
24.145936,2.503037
23.537173,1.448303
23.264385,1.909677
24.022276,3.501855
23.484250,3.943803
2.916064,23.173175
3.354645,23.012300
1.481552,23.600282
1.992462,23.764966
1.505380,24.230310
0.000000,23.402615
0.945349,22.867999
0.571340,22.881942
1.906450,23.276492
1.417763,22.847433
0.697802,23.687070
1.126019,23.874291
0.500403,24.271052
0.000000,23.843666
0.521862,23.295830
1.088713,23.290365
22.867173,0.945705
22.846207,1.418278
23.590555,0.000000
22.881640,0.571270
23.712222,0.730288
23.877802,1.182963
23.306388,0.970793
24.270234,0.499467
23.841802,0.000000
23.340904,0.000000
23.257243,0.484523
23.729741,1.991450
