23.456743,0.000000
23.374243,1.937013
23.133916,3.860203
22.735988,5.757910
22.182400,7.615927
21.477724,9.421828
20.626245,11.163191
19.633832,12.828399
18.507827,14.405702
17.254299,15.885614
15.884591,17.255273
14.404284,18.509171
12.827276,19.635204
11.163158,20.626855
9.420933,21.478021
7.615318,22.183105
5.757265,22.736503
3.860345,23.134348
1.936845,23.375564
0.000000,23.458057
0.000000,24.810394
2.049933,24.724178
4.084232,24.471393
6.090878,24.050461
8.056217,23.465130
9.966056,22.719860
11.808420,21.819318
13.570224,20.770123
15.238887,19.578199
16.802992,18.253226
18.253176,16.802711
19.578065,15.238612
20.769728,13.569926
21.818997,11.807955
22.719664,9.966090
23.464957,8.055815
24.050332,6.090239
24.470933,4.084224
24.724119,2.048849
24.808941,0.000000
11.997289,20.134484
12.690336,21.297817
11.930194,20.958191
11.582399,20.380953
12.725607,20.418042
12.191886,20.508732
12.412738,19.885832
14.406010,20.177179
12.486857,20.900809
13.131838,21.033908
13.617184,19.905358
13.079747,19.982537
13.292649,20.394419
12.937574,20.721783
12.249387,21.560233
10.888456,22.272827
13.618565,19.074985
13.225733,19.355161
14.369969,19.300345
13.842898,19.434221
14.012368,18.793620
16.022770,18.918666
14.167673,19.800247
14.824576,19.878090
15.214558,18.712737
14.683926,18.835348
13.988284,20.475359
11.071909,21.469997
10.131433,21.900951
15.147241,17.884509
14.778890,18.197155
15.915325,18.047848
15.400886,18.224313
15.517423,17.571802
17.530244,17.530593
15.754196,18.562830
16.415108,18.586224
16.708170,17.392286
16.189549,17.558250
15.630447,19.250325
14.931422,19.226960
11.627777,21.413472
11.350594,22.046641
11.371111,21.013341
10.426585,22.498075
9.011623,23.095943
10.293569,21.055684
10.729128,20.843314
10.503360,21.460066
9.860163,21.268733
10.686383,21.881199
16.572305,16.572837
16.231307,16.914376
17.350062,16.671947
16.852638,16.890165
16.914695,16.230906
18.917945,16.023211
17.233370,17.198093
17.894069,17.167043
18.086868,15.953448
17.583878,16.161516
17.166640,17.894023
16.469056,17.927584
9.271530,22.339133
9.813615,22.318647
9.491905,22.908207
8.294509,22.657017
9.570890,21.893146
8.838783,22.696672
8.532948,23.281997
17.884154,15.147806
17.572031,15.516824
18.668116,15.182256
18.190186,15.440808
18.197530,14.778437
20.176471,14.406514
18.594461,15.716445
19.250515,15.631021
19.342804,14.405434
18.858581,14.654080
18.585990,16.415195
17.892278,16.506928
8.519579,21.834185
8.970334,21.657332
8.715923,22.250077
8.069915,22.010280
9.107363,21.984377
7.073205,23.761318
19.074051,13.618791
18.793807,14.012399
19.858157,13.588933
19.403005,13.885904
19.355735,13.225525
21.297034,12.691116
19.828899,14.127341
20.475478,13.988130
20.466081,12.758778
20.004147,13.046700
19.877811,14.824727
19.194630,14.972951
7.393300,23.022143
7.938022,23.049194
7.567504,23.614113
6.394403,23.265152
7.736452,22.606663
6.935923,23.347565
6.581211,23.907197
20.133433,11.997282
19.886425,12.412979
20.912070,11.902736
20.483277,12.236091
20.381660,11.582216
22.272225,10.888844
20.927688,12.441522
21.560423,12.249335
21.449735,11.025422
21.013241,11.350229
21.034022,13.132628
20.365661,13.336582
6.687536,22.463384
7.151592,22.323925
6.224668,22.601697
5.086669,24.264533
21.055534,10.293742
20.843516,10.728607
21.823709,10.135334
21.423921,10.502950
21.268330,9.859721
23.095409,9.012495
21.883401,10.671057
22.498266,10.427045
22.286936,9.216601
21.878761,9.576300
22.046508,11.350536
21.396943,11.609489
6.844440,22.894486
7.262429,22.663532
5.466915,23.554982
6.007221,23.626456
5.591588,24.158630
4.451207,23.713977
5.842658,23.168537
4.983935,23.840742
4.584718,24.369230
21.833703,8.519880
21.658225,8.970870
22.586115,8.298624
22.218228,8.697873
22.009891,8.069928
23.760798,7.074384
22.689908,8.827675
23.282401,8.533485
22.971903,7.344779
22.594896,7.736776
22.908499,9.491305
22.282685,9.802956
4.809639,22.939107
5.283368,22.838363
4.336771,23.038343
3.065362,24.601188
22.462851,6.687460
22.325105,7.151820
23.194541,6.405148
22.860650,6.833259
22.601209,6.224626
24.263821,5.087595
23.341292,6.923752
23.907611,6.581681
23.499950,5.422490
23.156918,5.844594
23.613937,7.566913
23.016082,7.929312
4.930748,23.381542
5.365927,23.185837
3.503453,23.926117
4.035693,24.042206
3.577519,24.538193
2.477998,23.999978
3.909549,23.572105
2.998624,24.170715
2.557253,24.664915
22.938528,4.809797
22.839311,5.283818
23.644248,4.467281
23.347360,4.921776
23.037144,4.336941
24.601395,3.066088
23.833366,4.972814
24.369274,4.584869
23.867667,3.462880
23.560040,3.912631
24.158461,5.590879
23.592524,6.001448
2.899407,23.258407
3.379187,23.196676
2.419592,23.317500
1.024581,24.770368
23.257804,2.900010
23.197471,3.379448
23.931379,2.499919
23.674511,2.976691
23.316668,2.420051
24.770751,1.025432
24.162894,2.987991
24.663905,2.556563
24.071585,1.481240
23.803369,1.953969
24.537590,3.577293
24.007292,4.031633
2.983585,23.709517
3.432897,23.549227
1.515011,24.133350
2.036598,24.292773
1.537826,24.750149
0.000000,23.941933
0.968089,23.418556
0.585034,23.432663
1.950578,23.815268
1.451731,23.397398
0.713366,24.219917
1.151092,24.402294
0.510922,24.791648
-0.000000,24.373265
0.534328,23.837382
1.113949,23.831146
23.417772,0.968497
23.396139,1.452322
24.125621,0.000000
23.432481,0.584956
24.244665,0.746705
24.405598,1.209310
23.847058,0.993299
24.790867,0.509825
24.371310,0.000000
23.881729,0.000000
23.799758,0.496187
24.258341,2.035724
