23.801998,0.000000
23.718148,1.965516
23.474275,3.916970
23.070461,5.842638
22.508716,7.727999
21.793677,9.560470
20.929666,11.327453
19.922641,13.017156
18.780065,14.617666
17.508108,16.119343
16.118249,17.509145
14.616138,18.781500
13.015944,19.924100
11.327429,20.930297
9.559506,21.793978
7.727343,22.509444
5.841940,23.070973
3.917138,23.474683
1.965350,23.719496
-0.000000,23.803324
-0.000000,25.137067
2.077009,25.049700
4.138050,24.793614
6.171116,24.367146
8.162340,23.774118
10.097307,23.019035
11.963965,22.106638
13.748960,21.043611
15.439580,19.835986
17.024277,18.493575
18.493545,17.023948
19.835865,15.439267
21.043220,13.748619
22.106317,11.963449
23.018839,10.097338
23.773950,8.161910
24.367042,6.170434
24.793156,4.138072
25.049717,2.075857
25.135615,-0.000000
12.173944,20.430967
12.857578,21.578516
12.096313,21.249964
11.753077,20.680934
12.903609,20.703606
12.365243,20.800380
12.595409,20.178631
14.595862,20.443101
12.657493,21.186385
13.304988,21.310988
13.806729,20.182426
13.265376,20.266096
13.474330,20.673101
13.113249,21.002956
12.410755,21.844418
11.031976,22.566370
13.819077,19.355855
13.420607,19.640039
14.570938,19.570210
14.039678,19.710556
14.218611,19.070376
16.233935,19.168008
14.361280,20.070758
15.020058,20.139971
15.426367,18.973190
14.892283,19.102605
14.172563,20.745250
11.225572,21.767886
10.272350,22.205448
15.370252,18.147831
14.996637,18.464986
16.137853,18.300196
15.619808,18.483436
15.745864,17.830587
17.761277,17.761626
15.969492,18.816448
16.631553,18.831084
16.940769,17.634391
16.419283,17.807396
15.836322,19.504099
15.135443,19.489691
11.786377,21.705572
11.500348,22.337115
11.532353,21.311294
10.563883,22.794610
9.130381,23.400338
10.445132,21.365678
10.887076,21.150246
10.652298,21.764325
10.005521,21.581873
10.832360,22.180060
16.816299,16.816862
16.470414,17.163330
17.592667,16.905077
17.092210,17.130330
17.163694,16.469952
19.167250,16.234393
17.468859,17.433052
18.129996,17.393206
18.338649,16.175525
17.833394,16.390848
17.392783,18.129944
16.694090,18.172567
9.399865,22.648324
9.947301,22.622697
9.617209,23.210005
8.409903,22.972116
9.706528,22.203532
8.959509,23.006531
8.645273,23.588841
18.147461,15.370856
17.830863,15.745195
18.929134,15.394558
18.448771,15.660371
18.465416,14.996110
20.442362,14.596392
18.848545,15.931164
19.504314,15.836930
19.612067,14.605960
19.126176,14.862015
18.830852,16.631645
18.136757,16.732508
8.645028,22.155666
9.102314,21.976173
8.839515,22.565469
8.188897,22.334335
9.237546,22.298586
7.166378,24.074477
19.354872,13.819318
19.070616,14.218624
20.135812,13.778960
19.678823,14.083359
19.640687,13.420358
21.577690,12.858408
20.099837,14.320354
20.745400,14.172389
20.750980,12.936402
20.288000,13.231830
20.139698,15.020225
19.456893,15.177573
7.495703,23.340954
8.046143,23.363293
7.667440,23.925243
6.483354,23.588690
7.846101,22.927173
7.030685,23.666328
6.667823,24.222252
20.429859,12.173934
20.179312,12.595662
21.204471,12.069208
20.774464,12.410095
20.681726,11.752872
22.565744,11.032379
21.213642,12.611509
21.844641,12.410689
21.748328,11.178921
21.311422,11.511288
21.311149,13.305844
20.643928,13.518855
6.786015,22.794121
7.256823,22.652546
6.316478,22.934468
5.153644,24.584321
21.365547,10.445314
21.150484,10.886503
22.128855,10.277089
21.728493,10.652319
21.581444,10.005025
23.399784,9.131306
22.182417,10.816855
22.794838,10.564373
22.597187,9.344921
22.189220,9.712181
22.337006,11.500279
21.689314,11.768175
6.941519,23.219040
7.366193,22.987351
5.542631,23.881162
6.089012,23.948400
5.665489,24.476945
4.513135,24.043764
5.925455,23.496991
5.052040,24.166228
4.645033,24.690362
22.155177,8.645335
21.977176,9.102882
22.901914,8.414698
22.534101,8.821576
22.333932,8.188896
24.073943,7.167657
22.999946,8.948291
23.589300,8.645852
23.291681,7.447046
22.915520,7.846544
23.210363,9.616550
22.587158,9.936954
4.880464,23.276851
5.361084,23.174546
4.400771,23.377544
3.105664,24.925381
22.793583,6.785909
22.653869,7.257062
23.518864,6.494756
23.185647,6.930437
22.933970,6.316419
24.583595,5.154652
23.660221,7.018348
24.222732,6.668331
23.827065,5.497981
23.485517,5.927516
23.925106,7.666787
23.330585,8.037711
5.000694,23.712986
5.442599,23.517123
3.551973,24.257408
4.090597,24.369805
3.624884,24.861542
2.512458,24.333721
3.964960,23.906292
3.039634,24.500697
2.590899,24.989974
23.276281,4.880618
23.175629,5.361558
23.974841,4.529760
23.679315,4.991759
23.376289,4.400949
24.925672,3.106476
24.159023,5.040777
24.690462,4.645191
24.199957,3.511080
23.894347,3.968171
24.476827,5.664715
23.914913,6.083483
2.942137,23.600869
3.428854,23.538123
2.455367,23.660760
1.038085,25.096769
23.600287,2.942777
23.539057,3.429123
24.265976,2.534911
24.011168,3.019010
23.659944,2.455851
25.097293,1.039021
24.493093,3.028870
24.988956,2.590151
24.406638,1.501890
24.141168,1.981729
24.860971,3.624637
24.335323,4.086719
3.025906,24.045652
3.481933,23.885689
1.535997,24.467574
2.064281,24.623801
1.558188,25.076355
0.000000,24.279964
0.982338,23.763356
0.593621,23.777576
1.978238,24.152931
1.473001,23.741838
0.723124,24.554024
1.166818,24.733458
0.517521,25.118338
0.000000,24.705414
0.542139,24.176757
1.129761,24.170048
23.762612,0.982777
23.740572,1.473638
24.461094,0.000000
23.777478,0.593537
24.578541,0.756998
24.736651,1.225837
24.185909,1.007399
25.117591,0.516324
24.703421,0.000000
24.220678,0.000000
24.139728,0.503495
24.589858,2.063492
