20.516691,0.000000
20.446387,1.694305
20.236181,3.376913
19.888423,5.036572
19.404278,6.661801
18.787808,8.241470
18.043037,9.764767
17.175097,11.221481
16.190231,12.601199
15.093619,13.895785
13.895461,15.093957
12.600832,16.190657
11.221186,17.175554
9.764659,18.043380
8.241221,18.788105
6.661608,19.404718
5.036387,19.888918
3.376856,20.236773
1.694218,20.447250
0.000000,20.517609
-0.000000,22.050911
1.821094,21.974965
3.629512,21.750050
5.413105,21.375860
7.159843,20.855512
8.857538,20.193068
10.494665,19.392603
12.060693,18.460207
13.543919,17.401010
14.934137,16.223332
16.223162,14.934232
17.400802,13.543988
18.459916,12.060748
19.392323,10.494677
20.192803,8.857613
20.855205,7.159794
21.375468,5.412978
21.749497,3.629440
21.974325,1.820847
22.049939,-0.000000
10.493264,17.610031
11.277835,18.926892
10.521726,18.484351
10.129289,17.826765
11.215913,17.995966
10.719804,18.031954
10.857338,17.392932
12.802537,17.931085
11.042002,18.482627
11.669491,18.693550
12.010233,17.556294
11.503769,17.575043
11.754380,18.034737
11.450788,18.342058
10.886284,19.159989
9.676289,19.793360
11.911461,16.683558
11.566739,16.929584
12.665577,17.011610
12.172002,17.087594
12.256330,16.437339
14.239310,16.812640
12.528324,17.509729
13.173551,17.666127
13.418800,16.504660
12.915037,16.566398
12.431678,18.195883
9.769404,18.944946
8.936778,19.319563
13.248598,15.642659
12.925177,15.916739
14.028114,15.907721
13.542062,16.023978
13.572310,15.368601
15.578984,15.579204
13.931233,16.415351
14.587058,16.518046
14.736184,15.339737
14.239211,15.443027
13.891577,17.107082
13.204117,17.002437
10.285194,18.940439
10.085790,19.593090
10.002332,18.483694
9.266839,19.993475
8.008739,20.524849
9.003186,18.416271
9.384094,18.230123
9.239019,18.876808
8.622642,18.602501
9.450430,19.350550
14.495003,14.495248
14.195666,14.794686
15.292597,14.694750
14.818405,14.850830
14.794570,14.195771
16.812344,14.239516
15.239427,15.208598
15.901436,15.256791
15.952254,14.070686
15.465567,14.214546
15.256584,15.901560
14.563823,15.853338
8.183985,19.718592
8.682003,19.744828
8.433601,20.359031
7.316275,19.985686
8.419420,19.258084
7.816580,20.073017
7.584167,20.690392
15.642422,13.248829
15.368446,13.572363
16.454469,13.381754
15.994499,13.576420
15.916607,12.925271
17.930760,12.802732
16.443065,13.898364
17.106954,13.891794
17.059975,12.705408
16.586763,12.888795
16.517838,14.587186
15.822408,14.596980
7.451630,19.096995
7.846484,18.942738
7.666734,19.572440
7.056989,19.251123
8.001375,19.315206
6.286392,21.116253
16.683182,11.911610
16.437144,12.256472
17.503379,11.977308
17.060972,12.209279
16.929460,11.566838
18.926543,11.278065
17.534769,12.493042
18.195701,12.431750
18.050615,11.252890
17.594270,11.475023
17.665877,13.173662
16.974166,13.240461
6.525471,20.320024
7.022868,20.390206
6.723520,20.986063
5.640344,20.522313
6.805586,19.885578
6.133552,20.648543
5.849638,21.246249
17.609617,10.493356
17.392787,10.857482
18.432159,10.490863
18.010654,10.758549
17.826650,10.129358
19.793026,9.676443
18.506330,11.002167
19.159807,10.886366
18.918086,9.724036
18.481624,9.982867
18.693338,11.669705
18.009660,11.793302
5.849183,19.647388
6.255465,19.526134
5.443114,19.768421
4.521136,21.563529
18.415999,9.003311
18.229924,9.384103
19.235647,8.933050
18.837588,9.234578
18.602208,8.622677
20.524499,8.008954
19.351401,9.436498
19.993272,9.266993
19.656477,8.128681
19.242884,8.422679
19.592823,10.085861
18.921441,10.265862
6.020365,20.139017
6.380926,19.912882
4.825306,20.790430
5.314953,20.901142
4.967522,21.469912
3.926246,20.918171
5.139758,20.380090
4.407241,21.084849
4.075225,21.656978
19.096626,7.451791
18.942611,7.846681
19.907742,7.314128
19.535923,7.647461
19.250775,7.057095
21.115843,6.286599
20.064565,7.806343
20.690195,7.584300
20.260681,6.477732
19.872769,6.804862
20.358806,8.433566
19.704662,8.668366
4.206741,20.063433
4.621580,19.976230
3.792045,20.150340
2.725014,21.863045
19.646940,5.849279
19.525991,6.255594
20.443945,5.645185
20.100872,6.008053
19.767975,5.443202
21.562977,4.521268
20.640717,6.122786
21.245977,5.849721
20.726609,4.782532
20.367075,5.140590
20.985692,6.723456
20.353175,7.011511
4.337007,20.567616
4.714578,20.371804
3.092330,21.118298
3.571024,21.268998
3.177630,21.806898
2.185996,21.170701
3.439150,20.734918
2.651362,21.376782
2.272999,21.919365
20.062869,4.206853
19.975953,4.621743
20.840482,3.937407
20.528547,4.327534
20.149666,3.792144
21.862519,2.725069
21.075921,4.397335
21.656520,4.075233
21.050436,3.054238
20.721756,3.441073
21.469448,4.967396
20.862889,5.306863
2.535663,20.342557
2.956188,20.289684
2.115142,20.394962
0.910485,22.013418
20.341875,2.535833
20.289266,2.956304
21.093881,2.203193
20.815669,2.617408
20.394201,2.115282
22.012781,0.910596
21.366966,2.641868
21.918595,2.272846
21.231059,1.306187
20.935439,1.718320
21.806238,3.177557
21.229886,3.565324
2.624405,20.855661
3.016362,20.691216
1.337408,21.300501
1.802279,21.490539
1.365861,21.994676
-0.000000,21.072921
0.847016,20.482662
0.512281,20.496139
1.715867,20.948486
1.270542,20.464953
0.630640,21.388765
1.018000,21.599321
0.455064,22.032323
0.000000,21.561369
0.467944,20.955061
0.979590,20.953234
20.481831,0.847106
20.464062,1.270676
21.281907,0.000000
20.495412,0.512272
21.416095,0.659452
21.604059,1.069539
20.970087,0.873397
22.031495,0.454878
21.560288,0.000000
21.003893,0.000000
20.911970,0.434043
21.451508,1.800652
