20.748248,-0.000000
20.676926,1.713425
20.464365,3.414979
20.112660,5.093385
19.623054,6.736946
18.999643,8.334430
18.246466,9.874893
17.368713,11.348018
16.372722,12.743294
15.263749,14.052476
14.052080,15.264154
12.742828,16.373244
11.347648,17.369268
9.874785,18.246848
8.334119,18.999946
6.736709,19.623533
5.093152,20.113181
3.414925,20.464981
1.713318,20.677892
0.000000,20.749275
-0.000000,22.266666
1.838996,22.189869
3.665069,21.962770
5.466087,21.584923
7.229910,21.059498
8.944181,20.390585
10.597356,19.582300
12.178679,18.640770
13.676393,17.571183
15.080197,16.381988
16.381814,15.080271
17.570966,13.676440
18.640447,12.178713
19.582001,10.597336
20.390321,8.944261
21.059197,7.229831
21.584538,5.465911
21.962199,3.664984
22.189222,1.838658
22.265565,0.000000
10.611706,17.808868
11.388243,19.112236
10.632214,18.678427
10.243719,18.027942
11.334375,18.186044
10.835446,18.226553
10.979835,17.589270
12.927869,18.106663
11.155205,18.672108
11.783789,18.876503
12.136278,17.740569
11.627549,17.764154
11.874893,18.219622
11.567221,18.528439
10.992844,19.347618
9.771039,19.987196
12.045888,16.871906
11.697370,17.120624
12.799306,17.191202
12.303252,17.271953
12.394619,16.622909
14.378702,16.977261
12.656761,17.689191
13.302598,17.839036
13.559653,16.677859
13.053960,16.744609
12.553360,18.374061
9.871553,19.142994
9.030483,19.522054
13.398105,15.819208
13.071136,16.096338
14.176182,16.075643
13.688063,16.196828
13.725492,15.542104
15.731490,15.731737
14.074047,16.583601
14.729934,16.679710
14.890856,15.500735
14.392380,15.609161
14.027492,17.274597
13.339426,17.176718
10.390359,19.134190
10.184652,19.784901
10.109828,18.682400
9.357499,20.189268
8.087118,20.725845
9.104806,18.624157
9.490037,18.435934
9.338315,19.079728
8.720097,18.812500
9.547258,19.548843
14.658580,14.658859
14.355959,14.961623
15.454022,14.849890
14.978190,15.011029
14.961534,14.356035
16.976913,14.378940
15.395635,15.364470
16.057177,15.406109
16.119682,14.218367
15.631930,14.367462
15.405875,16.057288
14.713068,16.015841
8.269257,19.924105
8.770636,19.946448
8.516319,20.558316
7.393001,20.195234
8.509854,19.465060
7.896665,20.278587
7.658333,20.892978
15.818951,13.398371
15.541965,13.725499
16.628150,13.523027
16.166967,13.722875
16.096236,13.071203
18.106286,12.928099
16.611609,14.040803
17.274491,14.027748
17.239033,12.838754
16.765186,13.027440
16.679485,14.730060
15.984550,14.746610
7.535725,19.312579
7.935001,19.156534
7.749132,19.782763
7.136753,19.468440
8.088298,19.524982
6.347883,21.323026
16.871462,12.046046
16.622724,12.394762
17.688142,12.103766
17.244942,12.340984
17.120545,11.697454
19.111834,11.388530
17.714501,12.621086
18.373892,12.553417
18.240088,11.371014
17.783546,11.598465
17.838764,13.302710
17.148109,13.376190
6.593518,20.531936
7.094543,20.598504
6.789482,21.191517
5.699486,20.737467
6.878696,20.099315
6.196414,20.860015
5.906824,21.454254
17.808380,10.611789
17.589167,10.979991
18.626753,10.601654
18.204896,10.874622
18.027885,10.243770
19.986826,9.771226
18.696043,11.114945
19.347457,10.992923
19.116685,9.826126
18.680475,10.090269
18.876296,11.784056
18.194230,11.914212
5.915199,19.869178
6.326050,19.746476
5.504653,19.991568
4.565333,21.774673
18.623882,9.104939
18.435761,9.490003
19.438737,9.027399
19.040772,9.334225
18.812197,8.720100
20.725470,8.087406
19.549793,9.533234
20.189090,9.357689
19.862826,8.214026
19.449929,8.513297
19.784627,10.184719
19.115387,10.371137
6.085080,20.355456
6.450201,20.129048
4.875609,21.007238
5.369170,21.114629
5.016294,21.680107
3.967418,21.137482
5.194962,20.599112
4.452424,21.300774
4.115056,21.868994
19.312187,7.535913
19.156483,7.935239
20.117914,7.391388
19.746646,7.729984
19.468082,7.136862
21.322595,6.348178
20.270271,7.886372
20.892828,7.658508
20.473361,6.545750
20.086581,6.878064
20.558118,8.516244
19.906648,8.757265
4.254212,20.289926
4.673703,20.201637
3.834928,20.377799
2.751617,22.077093
19.868705,5.915296
19.746431,6.326196
20.659771,5.704819
20.317676,6.072887
19.991104,5.504742
21.774082,4.565532
20.852308,6.185544
21.454030,5.906943
20.944147,4.832730
20.586198,5.195890
21.191138,6.789382
20.561805,7.083421
4.383632,20.788645
4.765765,20.592947
3.124561,21.338499
3.607413,21.486242
3.208879,22.020430
2.208887,21.392639
3.476093,20.957777
2.678571,21.595693
2.295227,22.133999
20.289329,4.254342
20.201439,4.673903
21.060472,3.978985
20.749976,4.374220
20.377051,3.835042
22.076587,2.751715
21.291951,4.442424
21.868550,4.115079
21.271408,3.086292
20.944675,3.478117
21.679635,5.016119
21.076737,5.361283
2.564303,20.572221
2.989506,20.518631
2.139105,20.625144
0.919409,22.228958
20.571497,2.564524
20.518275,2.989649
21.316490,2.226472
21.040241,2.645630
20.624318,2.139285
22.228332,0.919576
21.586004,2.668984
22.133155,2.295021
21.453841,1.319918
21.160675,1.736828
22.019724,3.208789
21.447468,3.601850
2.652605,21.079840
3.049092,20.915823
1.351316,21.522688
1.820632,21.710063
1.379306,22.210109
0.000000,21.298237
0.856530,20.713922
0.517983,20.727426
1.734293,21.173682
1.284812,20.695910
0.637130,21.610770
1.028423,21.818880
0.459442,22.248045
0.000000,21.781673
0.473163,21.181560
0.990151,21.179352
20.713018,0.856652
20.694914,1.284992
21.504912,0.000000
20.726672,0.517967
21.637794,0.666295
21.823412,1.080475
21.196037,0.882830
22.247146,0.459179
21.780422,0.000000
21.229920,0.000000
21.138871,0.438932
21.671377,1.819066
