27.166348,0.000000
27.069912,2.243376
26.791517,4.470331
26.330440,6.668503
25.689230,8.820398
24.873189,10.911812
23.887045,12.928510
22.737628,14.856970
21.433551,16.683660
19.981988,18.397443
18.395731,19.983570
16.681139,21.435785
14.854963,22.739823
12.928569,23.887840
10.910167,24.873609
8.819249,25.690186
6.667239,26.330974
4.470658,26.791826
2.243259,27.071570
-0.000000,27.167821
-0.000000,28.343200
2.342621,28.245011
4.666074,27.956446
6.958530,27.475633
9.203845,26.807014
11.385533,25.955597
13.490638,24.926789
15.503349,23.727955
17.409459,22.366254
19.196257,20.852700
20.852857,19.195494
22.366242,17.408823
23.727625,15.502610
24.926422,13.489710
25.955280,11.385628
26.806778,9.203327
27.475623,6.957630
27.955818,4.666569
28.245559,2.341048
28.341912,0.000000
13.895731,23.320472
14.499122,24.333545
13.721194,24.104051
13.416611,23.604649
14.644289,23.496055
14.058678,23.649212
14.375601,23.032474
16.459324,23.053066
14.328511,23.983027
15.004569,24.030500
15.660887,22.892749
15.079010,23.036480
15.253639,23.402343
14.834343,23.757713
13.994415,24.633798
12.440681,25.447440
15.773372,22.093285
15.320014,22.416509
16.536226,22.209269
15.961988,22.409883
16.228549,21.767837
18.306565,21.615257
16.257249,22.719912
16.938737,22.710305
17.498222,21.521055
16.928001,21.713816
15.981093,23.394354
12.728975,24.682485
11.650848,25.184360
17.543834,20.714342
17.118962,21.075281
18.313995,20.767975
17.758455,21.014702
17.972069,20.352911
20.028895,20.029166
18.077868,21.300136
18.755979,21.234330
19.216016,20.002712
18.663853,20.241606
17.856918,21.995051
17.133607,22.062754
13.339935,24.566518
12.970234,25.188073
13.107921,24.222420
11.911376,25.705200
10.296167,26.387922
11.922395,24.386948
12.426207,24.141851
12.107566,24.736959
11.422279,24.633764
12.261971,25.106834
19.194393,19.195234
18.800875,19.589635
19.965162,19.184859
19.432519,19.476393
19.590288,18.799902
21.614180,18.307134
19.774982,19.734002
20.445593,19.612934
20.801530,18.347915
20.271226,18.631490
19.612286,20.445659
18.898020,20.571797
10.655751,25.673779
11.256857,25.601068
10.847047,26.172122
9.538778,26.054638
11.031845,25.236265
10.141808,26.041094
9.747658,26.600645
20.713774,17.544842
20.353571,17.970861
21.481660,17.470692
20.974821,17.805210
21.076098,17.117730
23.052093,16.460029
21.336757,18.033934
21.995336,17.857830
22.245953,16.567570
21.740640,16.893623
21.234101,18.756228
20.531116,18.941734
9.867870,25.288910
10.388442,25.083829
10.047108,25.646981
9.348604,25.492611
10.508734,25.366978
8.081037,27.148133
22.091874,15.773814
21.768523,16.228435
22.851051,15.637244
22.373203,16.012262
22.417696,15.319402
24.332302,14.500367
22.753096,16.210571
23.394654,15.980806
23.537788,14.673977
23.061287,15.040651
22.710060,16.939167
22.025417,17.181547
8.497772,26.460491
9.105313,26.439989
8.648366,26.978875
7.353525,26.753793
8.917456,26.058770
7.958695,26.788102
7.517885,27.314654
23.318921,13.895743
23.033880,14.376018
24.063870,13.697129
23.618941,14.109904
23.606022,13.416278
25.446587,12.441157
24.013922,14.276220
24.634172,13.994285
24.669081,12.680490
24.224664,13.084927
24.031088,15.006062
23.369182,15.303962
7.745971,26.017572
8.282217,25.855557
7.211363,26.177739
5.811170,27.723085
24.387016,11.922681
24.142277,12.425244
25.112864,11.663300
24.703710,12.111473
24.632904,11.421316
26.387162,10.297446
25.110601,12.244680
25.705604,11.912129
25.631992,10.600206
25.222417,11.039825
25.188151,12.970118
24.552645,13.322270
7.890082,26.390014
8.379410,26.149722
6.283611,27.072811
6.890277,27.102009
6.390898,27.601120
5.118958,27.270019
6.734452,26.706265
5.718956,27.353892
5.236988,27.842409
25.288369,9.868173
25.085740,10.389292
25.990119,9.549746
25.619701,10.030059
25.491925,9.348487
27.147391,8.083171
26.036062,10.129509
26.601431,9.748626
26.419678,8.447455
26.048044,8.919088
26.173087,10.845931
25.568987,11.249277
5.570874,26.568598
6.118377,26.451300
5.024656,26.683515
3.501309,28.107500
26.016966,7.745524
25.858081,8.282597
26.690441,7.371029
26.360351,7.879776
26.177027,7.211200
27.722166,5.812861
26.783419,7.944770
27.315568,7.518708
27.026876,6.236525
26.695928,6.737725
26.979175,8.647141
26.410664,9.099351
5.684135,26.951311
6.191266,26.752453
4.026784,27.499144
4.628481,27.578803
4.089934,28.035076
2.849659,27.598755
4.506402,27.171536
3.441219,27.732461
2.921091,28.180472
26.568098,5.570948
26.453493,6.119019
27.207726,5.140740
26.921959,5.675451
26.681635,5.024960
28.108372,3.503002
27.348159,5.706326
27.842897,5.237090
27.450324,3.982585
27.160513,4.510817
27.601494,6.389547
27.072222,6.886903
3.358665,26.938631
3.912751,26.866187
2.804146,27.006368
1.170603,28.300503
26.938133,3.359590
26.868258,3.913094
27.538135,2.877106
27.299619,3.432522
27.005682,2.804822
28.302220,1.172307
27.726626,3.429207
28.179318,2.919762
27.684085,1.703958
27.441329,2.253011
28.034868,4.089387
27.547870,4.626310
3.439471,27.329754
3.960788,27.171593
1.741585,27.737933
2.335458,27.866406
1.758134,28.277934
0.000000,27.583737
1.121405,27.123835
0.677617,27.139496
2.248623,27.452050
1.680089,27.099124
0.818602,27.823957
1.320868,27.977939
0.582217,28.324946
-0.000000,27.958986
0.618369,27.491696
1.284143,27.480658
27.123425,1.122091
27.097776,1.681191
27.743107,0.000000
27.140053,0.677497
27.846496,0.857681
27.980175,1.387791
27.496177,1.144980
28.324437,0.580106
27.956782,0.000000
27.532071,0.000000
27.459749,0.574785
27.836542,2.335500
