22.521930,-0.000000
22.443158,1.859842
22.212431,3.706520
21.830449,5.528525
21.298948,7.312513
20.622328,9.046475
19.804778,10.718479
18.851929,12.317374
17.770792,13.831844
16.567160,15.252826
15.252004,16.567952
13.830737,17.771876
12.316501,18.853048
10.718422,19.805322
9.045772,20.622613
7.312029,21.299581
5.528019,21.830969
3.706588,22.212929
1.859675,22.444396
0.000000,22.523198
-0.000000,23.928464
1.976823,23.845411
3.938924,23.601533
5.874254,23.195542
7.769718,22.630990
9.611729,21.912206
11.388504,21.043662
13.087712,20.031802
14.697097,18.882277
16.205615,17.604380
17.604282,16.205459
18.882109,14.696930
20.031411,13.087529
21.043346,11.388187
21.912004,9.611779
22.630794,7.769406
23.195341,5.873749
23.601053,3.938855
23.845140,1.975948
23.927045,0.000000
11.519015,19.331767
12.238851,20.540022
11.481111,20.169422
11.120308,19.568772
12.244344,19.645956
11.722979,19.719842
11.918156,19.093111
13.893482,19.459275
12.025782,20.129148
12.664408,20.285881
13.104787,19.156350
12.577683,19.215595
12.801742,19.641400
12.462967,19.962154
11.813732,20.793043
10.501008,21.480350
13.075701,18.314546
12.698146,18.583869
13.826621,18.570720
13.310643,18.686760
13.453970,18.044332
15.452704,18.245523
13.644528,19.069299
14.296848,19.171094
14.641964,18.008652
14.120390,18.112507
13.490776,19.746757
10.656538,20.664768
9.750494,21.077822
14.543463,17.171596
14.189376,17.472015
15.313688,17.365585
14.808747,17.523420
14.898916,16.871176
16.906543,16.906878
15.172446,17.877527
15.830788,17.925180
16.079376,16.737798
15.568201,16.884389
15.074653,18.565243
14.380162,18.517049
11.199265,20.624228
10.946316,21.262450
10.935021,20.207475
10.055916,21.697540
8.691039,22.274174
9.883230,20.216395
10.301468,20.012334
10.100548,20.637132
9.466629,20.420920
10.291951,21.073644
15.911717,15.912164
15.583957,16.240342
16.694146,16.041636
16.204638,16.240555
16.240531,15.583721
18.244914,15.453090
16.597056,16.563208
17.257150,16.556475
17.406219,15.353104
16.909023,15.541249
16.556127,17.257135
15.861014,17.265629
8.924655,21.503386
9.452425,21.497159
9.153629,22.093446
7.982570,21.805219
9.204044,21.053669
8.512574,21.859411
8.229702,22.453635
17.171280,14.543924
16.871275,14.898514
17.962415,14.608265
17.490757,14.846922
17.472234,14.189117
19.458662,13.893906
17.907902,15.136254
18.565352,15.075128
18.614899,13.863351
18.134826,14.091689
17.924942,15.830874
17.231695,15.897401
8.179952,20.963798
8.612990,20.794106
8.381657,21.397047
7.747793,21.132915
8.755176,21.134370
6.821686,22.915892
18.313760,13.075893
18.044381,13.454044
19.107473,13.075162
18.656965,13.351823
18.584230,12.698044
20.539360,12.239480
19.096797,13.605801
19.746784,13.490685
19.695901,12.278605
19.236421,12.545991
19.170805,14.296967
18.485991,14.420057
7.116512,22.160385
7.645910,22.200543
7.297720,22.774154
6.153947,22.390543
7.439893,21.739793
6.679868,22.486245
6.347385,23.056666
19.330886,11.519024
19.093463,11.918363
20.121516,11.452653
19.695661,11.765437
19.569235,11.120194
21.479823,10.501345
20.155006,11.982203
20.793128,11.813722
20.642528,10.610468
20.206754,10.914621
20.285874,12.665018
19.613779,12.844075
6.420925,21.567935
6.866666,21.434226
5.976113,21.700744
4.905879,23.401217
20.216201,9.883385
20.012425,10.301099
20.998692,9.752072
20.600098,10.098932
20.420579,9.466336
22.273697,8.691744
21.075425,10.277097
21.697622,10.056294
21.448219,8.869710
21.039067,9.208790
21.262260,10.946296
20.606948,11.180709
6.581886,22.016670
6.981717,21.787544
5.262265,22.673309
5.786247,22.756617
5.392094,23.299273
4.283803,22.822477
5.618723,22.280190
4.799905,22.961262
4.421881,23.502298
20.963344,8.180231
20.794694,8.613437
21.732301,7.984793
21.363835,8.363278
21.132557,7.747844
22.915412,6.822581
21.852146,8.501758
22.453879,8.230124
22.107430,7.068317
21.727712,7.439893
22.093567,9.153203
21.459986,9.440886
4.617900,22.024685
5.072944,21.928194
4.163514,22.119984
2.956567,23.725992
21.567422,6.420925
21.435010,6.866867
22.317683,6.162880
21.981577,6.570407
21.700279,5.976121
23.400547,4.906572
22.479510,6.668149
23.056890,6.347744
22.615649,5.218423
22.268159,5.620320
22.773888,7.297301
22.166283,7.636416
4.741576,22.485095
5.158507,22.289653
3.372314,23.030636
3.887362,23.157085
3.449672,23.665242
2.384856,23.097795
3.759683,22.668245
2.887810,23.279095
2.466414,23.787369
22.024090,4.618062
21.928769,5.073324
22.750436,4.298361
22.449468,4.732489
22.118939,4.163666
23.725961,2.957065
22.953409,4.789170
23.502183,4.422004
22.969369,3.332578
22.655842,3.762414
23.298982,5.391563
22.721419,5.779789
2.783726,22.331215
3.244701,22.272253
2.322747,22.388156
0.988122,23.889200
22.330557,2.784221
22.272662,3.244935
23.026762,2.405316
22.763884,2.862235
22.387292,2.323131
23.889201,0.988739
23.270659,2.877533
23.786390,2.465882
23.165830,1.425419
22.889720,1.878891
23.664570,3.449496
23.120939,3.882801
2.869133,22.800374
3.300243,22.639044
1.458315,23.229929
1.961807,23.398393
1.482861,23.869483
-0.000000,23.027783
0.929538,22.485021
0.561826,22.498862
1.875780,22.902002
1.394128,22.464879
0.686987,23.316896
1.108605,23.507598
0.493097,23.909708
-0.000000,23.475844
0.513194,22.919378
1.071168,22.914460
22.484145,0.929857
22.463656,1.394590
23.218773,0.000000
22.498450,0.561763
23.342318,0.718881
23.511238,1.164669
22.930547,0.955143
23.908842,0.492276
23.474031,0.000000
22.964956,0.000000
22.880074,0.476411
23.362571,1.960699
