27.104915,-0.000000
27.008702,2.238300
26.730936,4.460224
26.270903,6.653420
25.631144,8.800446
24.816947,10.887133
23.833034,12.899270
22.686217,14.823370
21.385089,16.645929
19.936806,18.355839
18.354136,19.938381
16.643424,21.387312
14.821375,22.688402
12.899327,23.833828
10.885499,24.817366
8.799307,25.632097
6.652167,26.271439
4.460549,26.731247
2.238182,27.010356
0.000000,27.106387
-0.000000,28.284331
2.337745,28.186335
4.656381,27.898367
6.944073,27.418553
9.184722,26.751322
11.361878,25.901674
13.462604,24.875004
15.471133,23.678665
17.373286,22.319792
19.156373,20.809380
20.809533,19.155619
22.319777,17.372656
23.678331,15.470402
24.874637,13.461683
25.901359,11.361970
26.751087,9.184203
27.418540,6.943174
27.897743,4.656865
28.186873,2.336177
28.283036,-0.000000
13.864286,23.267706
14.468978,24.282957
13.691437,24.051783
13.386230,23.551256
14.612417,23.444928
14.027697,23.597097
14.343093,22.980356
16.425105,23.005142
14.297881,23.931765
14.973358,23.980565
15.626930,22.843112
15.045825,22.985792
15.221023,23.352315
14.802785,23.707201
13.965337,24.582578
12.414812,25.394539
15.737681,22.043295
15.285325,22.365805
16.500241,22.160949
15.926819,22.360502
16.191845,21.718575
18.268506,21.570321
16.222496,22.671353
16.903505,22.663109
17.460279,21.474393
16.890753,21.666039
15.947886,23.345709
12.701438,24.629099
11.625602,25.129800
17.504138,20.667472
17.080202,21.027613
18.274149,20.722791
17.719328,20.968394
17.931417,20.306847
19.987255,19.987530
18.039221,21.254610
18.716969,21.190202
19.174347,19.959338
18.622784,20.197068
17.819816,21.949310
17.096978,22.015588
13.311452,24.514072
12.943242,25.135724
13.079090,24.169155
11.886634,25.651754
10.274757,26.333065
11.895415,24.331774
12.398103,24.087216
12.080937,24.682571
11.396405,24.578032
12.235765,25.053186
19.150963,19.151800
18.758315,19.545327
19.921721,19.143118
19.389703,19.433473
19.545976,18.757350
21.569248,18.269075
19.732710,19.691826
20.403074,19.572176
20.756425,18.308130
20.226620,18.590493
19.571531,20.403136
18.857619,20.527818
10.632744,25.618359
11.232848,25.546464
10.824465,26.117732
9.518103,25.998182
11.007594,25.180774
10.120136,25.985470
9.727417,26.545341
20.666906,17.505140
20.307500,17.930217
21.434923,17.432679
20.928607,17.765972
21.028424,17.078984
23.004172,16.425809
21.291148,17.995390
21.949595,17.820723
22.197716,16.531645
21.692803,16.856450
21.189972,18.717215
20.487224,18.901238
9.845535,25.231691
10.364957,25.027075
10.025012,25.590600
9.327424,25.434936
10.485485,25.310859
8.064239,27.091695
22.041889,15.738119
21.719252,16.191734
22.801334,15.603220
22.323909,15.976973
22.366984,15.284720
24.281721,14.470217
22.704461,16.175923
23.346008,15.947601
23.486750,14.642154
23.010544,15.007554
22.662862,16.903930
21.978333,17.144813
8.479414,26.403348
9.085894,26.383584
8.630353,26.922806
7.337588,26.695825
8.897853,26.001471
7.941684,26.730880
7.502276,27.257870
23.266159,13.864298
22.981748,14.343507
24.011514,13.667323
23.566902,14.078807
23.552620,13.385899
25.393688,12.415289
23.962593,14.245705
24.582949,13.965208
24.615590,12.652990
24.171361,13.056134
23.981144,14.974841
23.319224,15.271240
7.728438,25.958706
8.263494,25.797062
7.195019,26.118511
5.799094,27.665451
24.331836,11.895699
24.087639,12.397146
25.058227,11.637919
24.649279,12.084779
24.577180,11.395450
26.332306,10.276033
25.056927,12.218508
25.652156,11.887383
25.576413,10.577217
25.166918,11.015532
25.135798,12.943128
24.500157,13.293783
7.872725,26.331996
8.360879,26.091882
6.270036,27.014346
6.875586,27.044192
6.377578,27.543755
5.107862,27.210931
6.719649,26.647543
5.706732,27.295461
5.226119,27.784529
25.231148,9.845840
25.028970,10.365803
25.933574,9.528965
25.563251,10.007949
25.434255,9.327309
27.090955,8.066359
25.980410,10.107856
26.546121,9.728378
26.362392,8.429133
25.990728,8.899463
26.118684,10.823356
25.514327,11.225221
5.558264,26.508485
6.104549,26.391458
5.013261,26.623142
3.494043,28.049068
25.958099,7.727998
25.799564,8.263872
26.632369,7.354985
26.302271,7.862408
26.117802,7.194858
27.664533,5.800774
26.726171,7.927788
27.258777,7.503095
26.968274,6.222998
26.637187,6.722900
26.923095,8.629139
26.354203,9.079890
5.671630,26.892060
6.177574,26.693278
4.018086,27.439761
4.618619,27.519972
4.081393,27.976805
2.843482,27.538955
4.496495,27.111791
3.433859,27.673220
2.915028,28.121888
26.507981,5.558340
26.393631,6.105190
27.148531,5.129554
26.862637,5.662942
26.621272,5.013562
28.049930,3.495719
27.289701,5.694127
27.785010,5.226223
27.390797,3.973950
27.100753,4.500887
27.544118,6.376236
27.014345,6.872176
3.351058,26.877677
3.903917,26.805408
2.797776,26.945270
1.168170,28.241674
26.877177,3.351978
26.807458,3.904258
27.478220,2.870841
27.239460,3.424955
26.944580,2.798449
28.243370,1.169861
27.667355,3.421869
28.120735,2.913710
27.624062,1.700256
27.380948,2.248046
27.976588,4.080852
27.488980,4.616417
3.431903,27.269667
3.952030,27.111492
1.737816,27.678027
2.330487,27.806958
1.754461,28.219149
0.000000,27.523273
1.118862,27.062467
0.676079,27.078097
2.243674,27.391687
1.676311,27.037811
0.816853,27.764048
1.318044,27.918448
0.581029,28.266064
0.000000,27.899336
0.616975,27.431056
1.281320,27.420093
27.062050,1.119545
27.036462,1.677404
27.682993,0.000000
27.078642,0.675960
27.786617,0.855837
27.920698,1.384822
27.435614,1.142466
28.265550,0.578934
27.897132,0.000000
27.471484,0.000000
27.399024,0.573483
27.777027,2.330512
