23.640837,0.000000
23.557615,1.952211
23.315397,3.890472
22.914331,5.803089
22.356394,7.675686
21.646192,9.495756
20.788031,11.250779
19.787827,12.929049
18.652986,14.518727
17.389633,16.010245
16.009180,17.390645
14.517247,18.654385
12.927876,19.789252
11.250750,20.788660
9.494822,21.646499
7.675051,22.357120
5.802415,22.914853
3.890628,23.315826
1.952044,23.558960
-0.000000,23.642167
-0.000000,24.984528
2.064366,24.897697
4.112920,24.643153
6.133648,24.219270
8.112784,23.629836
10.036017,22.879335
11.891331,21.972473
13.665496,20.915905
15.345862,19.715611
16.920943,18.381342
18.381299,16.920640
19.715479,15.345569
20.915506,13.665177
21.972146,11.890839
22.879131,10.036050
23.629657,8.112368
24.219145,6.132985
24.642685,4.112927
24.897669,2.063245
24.983065,-0.000000
12.091484,20.292579
12.779481,21.447443
12.018755,21.113746
11.673407,20.540913
12.820504,20.570289
12.284312,20.664231
12.510141,20.041961
14.507207,20.318928
12.577822,21.053051
13.224132,21.181605
13.718234,20.053073
13.178715,20.133722
13.389501,20.542986
13.031223,20.871675
12.335402,21.711717
10.964957,22.429300
13.725481,19.224753
13.329642,19.507067
14.477111,19.444221
13.947812,19.581555
14.122340,18.941195
16.135327,19.051576
14.270883,19.944458
14.928773,20.017685
15.327477,18.851593
14.795011,18.977840
14.086511,20.619223
11.153829,21.628811
10.206559,22.063289
15.266153,18.024920
14.894995,18.339971
16.033960,18.182385
15.517605,18.362469
15.639231,17.709794
17.653391,17.653744
15.868968,18.698035
16.530479,18.716746
16.832173,17.521360
16.312031,17.691086
15.740185,19.385598
15.040183,19.367023
11.712324,21.569192
11.430418,22.201478
11.457077,21.172200
10.499770,22.656142
9.074924,23.258201
10.374385,21.220983
10.813349,21.006980
10.582766,21.622287
9.937670,21.435710
10.764202,22.040524
16.702406,16.702958
16.358802,17.047126
17.479400,16.796238
16.980366,17.018214
17.047464,16.358372
19.050831,16.135780
17.358906,17.323351
18.019825,17.287598
18.221096,16.071844
17.716907,16.283788
17.287181,18.019779
16.589018,18.058185
9.339946,22.503972
9.884881,22.480737
9.558696,23.069080
8.356028,22.825007
9.643206,22.058634
8.903141,22.861860
8.592821,23.445560
18.024552,15.266743
17.710043,15.638598
18.807271,15.295442
18.328050,15.557872
18.340370,14.894506
20.318198,14.507727
18.729910,15.830912
19.385797,15.740779
19.486352,14.512340
19.001248,14.764943
18.716508,16.530572
18.022605,16.627185
8.586470,22.005610
9.040709,21.827349
8.781816,22.418234
8.133358,22.183078
9.176772,22.151907
7.122869,23.928247
19.223787,13.725717
18.941404,14.122364
20.006181,13.690244
19.550058,13.991180
19.507675,13.329415
21.446630,12.780289
19.973332,14.230236
20.619353,14.086348
20.617964,12.853474
20.155482,13.145404
20.017404,14.928936
19.334438,15.082035
7.447892,23.192111
7.995660,23.216641
7.620773,23.779961
6.441825,23.437642
7.794912,22.777549
6.986439,23.517500
6.627378,24.075137
20.291490,12.091478
20.042595,12.510391
21.067955,11.991488
20.638523,12.328864
20.541659,11.673214
22.428678,10.965354
21.080126,12.532142
21.711918,12.335344
21.608918,11.107257
21.172214,11.436099
21.181738,13.224959
20.514000,13.433751
6.740046,22.639744
7.207703,22.499156
6.273622,22.779142
5.122369,24.434996
21.220836,10.374564
21.007194,10.812802
21.986388,10.210909
21.586303,10.582588
21.435285,9.937200
23.257648,9.075826
22.042801,10.748781
22.656346,10.500247
22.452334,9.285012
22.044280,9.648746
22.201351,11.430354
21.552800,11.694084
6.896197,23.067529
7.317753,22.836186
5.507280,23.728879
6.050822,23.798085
5.630980,24.328309
4.484223,23.889798
5.886801,23.343659
5.020241,24.014261
4.616868,24.540409
22.005115,8.586776
21.828292,9.041263
22.754474,8.360508
22.386635,8.763827
22.182673,8.133365
23.927711,7.124102
22.855184,8.891975
23.445985,8.593381
23.142380,7.399300
22.765834,7.795300
23.069399,9.558065
22.444994,9.874390
4.847404,23.119204
5.324808,23.017627
4.370896,23.219217
3.086844,24.774000
22.639200,6.739955
22.500404,7.207938
23.367443,6.452921
23.033921,6.885071
22.778640,6.273572
24.434267,5.123339
23.511307,6.974181
24.075577,6.627869
23.674338,5.462736
23.332108,5.888805
23.779797,7.620150
23.183737,7.987099
4.968039,23.558258
5.406806,23.362473
3.529320,24.102738
4.064961,24.216850
3.602766,24.710555
2.496369,24.177909
3.939091,23.750283
3.020487,24.346631
2.575187,24.838188
23.118620,4.847561
23.018638,5.325271
23.820493,4.500591
23.524341,4.959088
23.217979,4.371071
24.774242,3.087616
24.006967,5.009045
24.540474,4.617023
24.044814,3.488577
23.738273,3.942243
24.328157,5.630236
23.764383,6.045181
2.922191,23.441020
3.405671,23.378747
2.438667,23.500538
1.031780,24.944357
23.440419,2.922814
23.379606,3.405936
24.109758,2.518574
23.853999,2.999254
23.499705,2.439140
24.944805,1.032675
24.338916,3.009783
24.837164,2.574467
24.250205,1.492249
23.983464,1.968769
24.709959,3.602529
24.182158,4.060999
3.006149,23.888735
3.459042,23.728622
1.526198,24.311535
2.051355,24.469245
1.548680,24.924034
-0.000000,24.122158
0.975686,23.602416
0.589612,23.616582
1.965325,23.995300
1.463073,23.581065
0.718568,24.398038
1.159475,24.578837
0.514440,24.965790
0.000000,24.550335
0.538493,24.018330
1.122380,24.011840
23.601643,0.976111
23.579792,1.463689
24.304464,0.000000
23.616435,0.589531
24.422652,0.752192
24.582071,1.218120
24.027714,1.000817
24.965017,0.513290
24.548349,0.000000
24.062437,0.000000
23.981014,0.500084
24.435066,2.050527
