20.403632,-0.000000
20.333829,1.684969
20.124771,3.358329
19.778937,5.008836
19.297458,6.625116
18.684376,8.196088
17.943711,9.711009
17.080567,11.159714
16.101136,12.531840
15.010562,13.819302
13.819000,15.010881
12.531512,16.101534
11.159450,17.080998
9.710896,17.944063
8.195870,18.684702
6.624945,19.297911
5.008675,19.779452
3.358272,20.125380
1.684895,20.334668
0.000000,20.404521
-0.000000,21.945707
1.812363,21.870179
3.612172,21.646332
5.387268,21.273925
7.125674,20.756052
8.815286,20.096760
10.444586,19.300108
12.003156,18.372166
13.479317,17.318036
14.862909,16.145974
16.145791,14.863024
17.317815,13.479402
18.371870,12.003224
19.299811,10.444614
20.096465,8.815357
20.755708,7.125640
21.273496,5.387166
21.645756,3.612108
21.869517,1.812163
21.944775,0.000000
10.435440,17.512973
11.223993,18.836518
10.467817,18.389671
10.073424,17.728565
11.158110,17.903232
10.663368,17.936998
10.797535,17.297095
12.741418,17.845474
10.986779,18.390206
11.613751,18.604343
11.948734,17.466397
11.443363,17.482769
11.695591,17.944557
11.393993,18.251155
10.834317,19.068502
9.630083,19.698845
11.845835,16.591621
11.502966,16.836332
12.600327,16.923994
12.107950,16.997636
12.188818,16.346758
14.171333,16.732371
12.465669,17.422195
13.110619,17.581818
13.350077,16.420168
12.847243,16.479445
12.372337,18.109004
9.719566,18.848333
8.891059,19.220781
13.175610,15.556483
12.853921,15.829072
13.955866,15.825799
13.470812,15.939638
13.497526,15.283912
15.504612,15.504829
13.861564,16.333287
14.517383,16.439221
14.660718,15.261197
14.164464,15.361965
13.825296,17.025403
13.138110,16.917431
10.233894,18.845936
10.037579,19.499563
9.949874,18.386738
9.222628,19.898007
7.970517,20.426844
8.953576,18.314797
9.332372,18.129662
9.190563,18.777796
8.575066,18.499995
9.403195,19.253830
14.415143,14.415387
14.117412,14.713201
15.213831,14.619062
14.740427,14.772662
14.713057,14.117544
16.732086,14.171530
15.163224,15.132571
15.825486,15.183984
15.870562,13.998640
15.384379,14.139934
15.183779,15.825628
14.491017,15.774076
8.142383,19.618339
8.638767,19.646490
8.393263,20.261860
7.278841,19.883461
8.375288,19.157095
7.777513,19.972750
7.548000,20.591613
15.556238,13.175835
15.283732,13.497613
16.369719,13.312831
15.910328,13.504958
15.828907,12.854038
17.845157,12.741598
16.360842,13.828886
17.025248,13.825500
16.972605,12.640354
16.499686,12.821144
16.439006,14.517520
15.743309,14.523997
7.410576,18.991764
7.803270,18.838381
7.626524,19.469818
7.018050,19.145047
7.958953,19.212842
6.256406,21.015433
16.591257,11.845988
16.346538,12.188968
17.413219,11.915610
16.971185,12.145012
16.836164,11.503080
18.836172,11.224195
17.447084,12.430584
18.108797,12.372420
17.958159,11.195260
17.501893,11.414788
17.581562,13.110735
16.889308,13.174257
6.492273,20.216650
6.987906,20.288611
6.691354,20.885885
5.611490,20.417354
6.769909,19.781291
6.102887,20.545399
5.821751,21.144829
17.512571,10.435543
17.296905,10.797680
18.337197,10.436807
17.915849,10.701907
17.728395,10.073508
19.698501,9.630220
18.413771,10.947153
19.068285,10.834402
18.821172,9.674227
18.384570,9.930457
18.604106,11.613943
17.919614,11.734323
5.816956,19.539128
6.221006,19.418583
5.413072,19.659500
4.499584,21.460579
18.314496,8.953699
18.129422,9.332406
19.136537,8.887014
18.738416,9.185950
18.499675,8.575118
20.426475,7.970695
19.254605,9.389308
19.897762,9.222762
19.555779,8.087040
19.141828,8.378458
19.499273,10.037652
18.826816,10.214507
5.988786,20.033411
6.347118,19.807401
4.800764,20.684669
5.288507,20.797017
4.943739,21.367423
3.906159,20.811185
5.112820,20.273225
4.385199,20.979532
4.055801,21.553602
18.991374,7.410725
18.838183,7.803447
19.805175,7.276429
19.433070,7.607188
19.144670,7.018153
21.014999,6.256569
19.964199,7.767303
20.591360,7.548110
20.156895,6.444545
19.768411,6.769139
20.261592,8.393246
19.606112,8.624998
4.183567,19.952877
4.596135,19.866206
3.771112,20.039314
2.712040,21.758677
19.538660,5.817049
19.418357,6.221126
20.338620,5.616087
19.995052,5.976413
19.659029,5.413158
21.460014,4.499683
20.537479,6.092171
21.144499,5.821815
20.620454,4.758040
20.260125,5.113602
20.885485,6.691307
20.251383,6.976432
4.314255,20.459771
4.689597,20.263894
3.076606,21.010880
3.553274,21.163041
3.162392,21.702780
2.174828,21.062433
3.421123,20.626179
2.638088,21.270008
2.262159,21.814710
19.952299,4.183669
19.865858,4.596277
20.733128,3.917120
20.420471,4.304750
20.038645,3.771202
21.758112,2.712077
20.970521,4.375339
21.553106,4.055802
20.942608,3.038598
20.612957,3.422995
21.366931,4.943637
20.758553,5.280315
2.521682,20.230452
2.939922,20.177930
2.103446,20.282605
0.906133,21.908320
20.229763,2.521825
20.177452,2.940024
20.985252,2.191835
20.706061,2.603635
20.281850,2.103563
21.907653,0.906217
21.260100,2.628640
21.813949,2.262032
21.122350,1.299487
20.825512,1.709289
21.702115,3.162328
21.123730,3.547506
2.610645,20.746277
3.000389,20.581616
1.330624,21.192112
1.793326,21.383467
1.359303,21.889630
0.000000,20.962983
0.842373,20.369776
0.509500,20.383241
1.706876,20.838604
1.263576,20.352218
0.627474,21.280467
1.012916,21.492233
0.452928,21.927137
0.000000,21.453914
0.465397,20.844537
0.974436,20.842898
20.368957,0.842447
20.351354,1.263686
21.173091,0.000000
20.382503,0.509494
21.307925,0.656114
21.497050,1.064206
20.859812,0.868792
21.926319,0.452781
21.452894,0.000000
20.893578,0.000000
20.801223,0.431656
21.344239,1.791670
