20.011636,0.000000
19.943583,1.652570
19.738469,3.293831
19.399276,4.912582
18.927006,6.497812
18.325661,8.038617
17.599241,9.524488
16.752748,10.945422
15.792189,12.291214
14.722568,13.553958
13.553890,14.722649
12.291157,15.792286
10.945378,16.752860
9.524457,17.599365
8.038591,18.325799
6.497793,18.927161
4.912568,19.399446
3.293824,19.738651
1.652565,19.943780
0.000000,20.011836
-0.000000,21.580985
1.782105,21.506939
3.552096,21.286822
5.297774,20.920631
7.007333,20.411364
8.668966,19.763029
10.271170,18.979623
11.803935,18.067151
13.255657,17.030615
14.616334,15.878026
15.877961,14.616383
17.030534,13.255692
18.067052,11.803959
18.979507,10.271184
19.762898,8.668974
20.411217,7.007333
20.920466,5.297768
21.286642,3.552090
21.506748,1.782097
21.580783,0.000000
10.234925,17.176126
11.037556,18.523398
10.281017,18.061363
9.879699,17.387747
10.957814,17.581668
10.467761,17.607632
10.590154,16.964496
12.529802,17.548895
10.795473,18.069826
11.420750,18.295274
11.735655,17.154715
11.234011,17.162741
11.491943,17.631970
11.197262,17.936077
10.654364,18.751517
9.470072,19.371338
11.618277,16.272584
11.281837,16.512723
12.374243,16.620219
11.885964,16.685648
11.954722,16.032441
13.936002,16.454331
12.248639,17.118801
12.892736,17.289757
13.111983,16.127265
12.612303,16.177909
12.166870,17.808028
9.546872,18.513318
8.732630,18.878222
12.922534,15.257476
12.606856,15.524883
13.705555,15.541796
13.223897,15.647167
13.238219,14.990069
15.247155,15.247214
13.620260,16.048881
14.276175,16.166181
14.399275,14.988946
13.905440,15.080887
13.595828,16.742479
12.909487,16.622818
10.056178,18.518331
9.870628,19.175484
9.768056,18.050433
9.069517,19.567189
7.838150,20.087210
8.781529,17.962594
9.152997,17.780986
9.022611,18.434343
8.410070,18.144203
9.239553,18.918513
14.138240,14.138312
13.846075,14.430483
14.940939,14.356687
14.470198,14.501614
14.430410,13.846141
16.454255,13.936047
14.899295,14.869100
15.562566,14.931800
15.587546,13.748909
15.103031,13.881231
14.931744,15.562627
14.238859,15.499396
7.998225,19.270682
8.488979,19.305565
8.253569,19.925122
7.149115,19.528932
8.222319,18.806770
7.642157,19.625105
7.422739,20.249293
15.257390,12.922593
14.989989,13.238277
16.076087,13.073905
15.618630,13.257168
15.524796,12.606909
17.548803,12.529835
16.076057,13.588118
16.742403,13.595871
16.669904,12.414851
16.197917,12.586579
16.166111,14.276222
15.469357,14.271083
7.268197,18.626493
7.653395,18.476150
7.487148,19.113817
6.883003,18.776834
7.811887,18.857699
6.152551,20.666012
16.272481,11.618323
16.032345,11.954770
17.100817,11.701723
16.660003,11.922167
16.512622,11.281879
18.523289,11.037579
17.143366,12.214131
17.807935,12.166897
17.637808,10.995479
17.181732,11.205926
17.289670,12.892770
16.595397,12.944828
6.377228,19.858141
6.866775,19.936362
6.579951,20.538692
5.511491,20.053316
6.646239,19.419493
5.996636,20.187747
5.725160,20.793325
17.176007,10.234959
16.964387,10.590192
18.008130,10.249397
17.587249,10.505489
17.387631,9.879731
19.371213,9.470085
18.093143,10.756485
18.751408,10.654382
18.485354,9.501545
18.048172,9.748712
18.295172,11.420776
17.607710,11.529922
5.705185,19.163317
6.101491,19.045241
5.308884,19.281387
4.424931,21.103741
17.962463,8.781556
17.780861,9.153023
18.793079,8.727399
18.394658,9.017308
18.144068,8.410093
20.087069,7.838159
18.919277,9.225745
19.567063,9.069529
19.206848,7.942674
18.791553,8.225102
19.175364,9.870642
18.499025,10.036514
5.879319,19.667029
6.229910,19.441420
4.715716,20.317848
5.196875,20.435969
4.861361,21.012190
3.836542,20.440081
5.019436,19.902458
4.308820,20.614318
3.988511,21.195286
18.626346,7.268218
18.476013,7.653418
19.449746,7.145720
19.076557,7.467517
18.776685,6.883022
20.665854,6.152555
19.616506,7.631987
20.249152,7.422745
19.797279,6.329488
19.406705,6.645249
19.924988,8.253573
19.264711,8.474685
4.103199,19.569063
4.507884,19.484255
3.698517,19.653863
2.667094,21.396893
19.163155,5.705199
19.045089,6.101507
19.973666,5.515203
19.628277,5.866678
19.281222,5.308897
21.103566,4.424931
20.179867,5.986065
20.793167,5.725160
20.252668,4.673135
19.889471,5.020011
20.538539,6.579950
19.898766,6.854849
4.235387,20.085588
4.602989,19.889459
3.022113,20.638282
3.491768,20.795603
3.109603,21.341866
2.136125,20.686849
3.358628,20.248877
2.592089,20.899708
2.224598,21.451925
19.568886,4.103209
19.484087,4.507896
20.361178,3.846787
20.045919,4.225733
19.653681,3.698526
21.396709,2.667092
20.605456,4.299115
21.195111,3.988508
20.569066,2.984385
20.235930,3.360301
21.012021,4.861356
20.397155,5.188311
2.473197,19.841229
2.883509,19.789941
2.062886,19.892507
0.891051,21.543974
19.841040,2.473206
19.789760,2.883517
20.608933,2.152463
20.326235,2.555874
19.892314,2.062893
21.543781,0.891052
20.890000,2.582804
21.451733,2.224592
20.745791,1.276266
20.444612,1.677971
21.341681,3.109598
20.756067,3.485765
2.562947,20.366718
2.945012,20.201279
1.307117,20.816109
1.762299,21.012135
1.336580,21.525467
0.000000,20.581495
0.826280,19.977813
0.499864,19.991246
1.675709,20.457306
1.239421,19.960796
0.616499,20.904793
0.995297,21.120843
0.445522,21.562483
0.000000,21.081227
0.456565,20.460968
0.956565,20.460001
19.977616,0.826284
19.960598,1.239426
20.796176,0.000000
19.991050,0.499865
20.933291,0.644544
21.126518,1.045732
20.477711,0.852818
21.562285,0.445517
21.081022,0.000000
20.511338,0.000000
20.417450,0.423375
20.972764,1.760546
