26.552520,-0.000000
26.458319,2.192662
26.186215,4.369343
25.735574,6.517794
25.108859,8.621050
24.311248,10.665217
23.347389,12.636348
22.223953,14.521239
20.949344,16.306658
19.530553,17.981740
17.980134,19.532042
16.304309,20.951440
14.519368,22.226024
12.636394,23.348154
10.663698,24.311634
8.619997,25.109767
6.516640,25.736091
4.369655,26.186519
2.192535,26.459907
0.000000,26.553954
-0.000000,27.755461
2.293945,27.659204
4.569301,27.376603
6.814197,26.905755
9.012927,26.250997
11.149376,25.417243
13.210768,24.409782
15.181723,23.235851
17.048333,21.902391
18.798081,20.420210
20.420337,18.797392
21.902366,17.047745
23.235510,15.181052
24.409433,13.209902
25.416966,11.149444
26.250793,9.012401
26.905749,6.813310
27.376035,4.569688
27.659687,2.292420
27.754134,-0.000000
13.581544,22.793226
14.198184,23.828489
13.423996,23.582003
13.113058,23.071144
14.325961,22.985391
13.749210,23.128613
14.050787,22.511704
16.117704,22.574609
14.022637,23.471103
14.692986,23.531957
15.321736,22.396989
14.747536,22.530149
14.927927,22.902743
14.519216,23.253305
13.704117,24.122429
12.182427,24.919283
15.416762,21.593777
14.973415,21.909879
16.176822,21.726644
15.610686,21.916597
15.861813,21.275608
17.926604,21.166626
15.910198,22.234983
16.587001,22.239109
17.119263,21.055005
16.555937,21.236567
15.649574,22.908700
12.453954,24.149286
11.398701,24.639437
17.147209,20.246011
16.731688,20.598979
17.916027,20.316671
17.367615,20.552121
17.565880,19.892638
19.613189,19.613482
17.691937,20.845498
18.366527,20.793769
18.799852,19.569511
18.253618,19.796712
17.486509,21.538387
16.767826,21.591741
13.055512,24.042774
12.700768,24.665432
12.819936,23.690351
11.664363,25.171610
10.082430,25.840237
11.652824,23.835648
12.145392,23.595941
11.841578,24.193664
11.163754,24.076882
12.000277,24.571086
18.760449,18.761241
18.375626,19.146907
19.531284,18.767944
19.004832,19.047657
19.147531,18.374730
21.165607,17.927156
19.352853,19.312815
20.021101,19.206017
20.351046,17.950552
19.825671,18.221972
19.205417,20.021121
18.494575,20.132607
10.425974,25.120268
11.017101,25.055781
10.621599,25.629103
9.332284,25.490775
10.789609,24.681954
9.925387,25.485606
9.545578,26.048499
20.245486,17.148139
19.893243,17.564748
21.014864,17.091014
20.513190,17.413245
20.599748,16.730577
22.573675,16.118385
20.881300,17.649021
21.538683,17.487367
21.764189,16.208760
21.262804,16.522307
20.793545,18.366732
20.092813,18.537324
9.644713,24.717175
10.153784,24.516747
9.826393,25.083773
9.136983,24.916317
10.276490,24.806355
7.913340,26.584664
21.592441,15.417159
21.276226,15.861714
22.354496,15.297410
21.880812,15.659755
21.910997,14.972861
23.827328,14.199361
22.267428,15.864564
22.908996,15.649294
23.028057,14.356146
22.554424,14.710050
22.238867,16.587370
21.555234,16.814708
8.314438,25.889774
8.911392,25.876713
8.468539,26.419087
7.194355,26.174822
8.721640,25.486395
7.788824,26.216649
7.362054,26.747733
22.791745,13.581547
22.513001,14.051167
23.540956,13.399423
23.099124,13.799265
23.072448,13.112734
24.918473,12.182898
23.501345,13.971492
24.122802,13.703989
24.134851,12.405828
23.692227,12.797310
23.532475,14.694364
22.870309,14.977188
7.570786,25.429378
8.095138,25.271072
7.048064,25.585931
5.690610,27.147675
23.835681,11.653087
23.596360,12.144485
24.567165,11.409798
24.160002,11.844812
24.076126,11.162867
25.839520,10.083666
24.574611,11.983314
25.172010,11.665070
25.076899,10.370593
24.668055,10.797167
24.665488,12.700652
24.028500,13.037786
7.716708,25.810462
8.194298,25.571913
6.148039,26.488900
6.743572,26.524643
6.257910,27.028399
5.008142,26.679860
6.586587,26.119686
5.596883,26.770371
5.128474,27.264552
24.716645,9.645023
24.518517,10.154582
25.425362,9.342180
25.055823,9.809203
24.915706,9.136883
26.583972,7.915333
25.480318,9.913285
26.049255,9.546476
25.847540,8.264465
25.475529,8.723051
25.629966,10.620548
25.023153,11.009049
5.444877,25.967941
5.980211,25.853354
4.910802,26.080262
3.428769,27.524126
25.428791,7.570405
25.273404,8.095489
26.110438,7.210783
25.780192,7.706280
25.585276,7.047911
27.146802,5.692189
26.211734,7.775183
26.748597,7.362828
26.441598,6.101425
26.109182,6.589638
26.419308,8.467412
25.846845,8.905009
5.559220,26.359445
6.054487,26.161310
3.939915,26.906060
4.529998,26.991299
4.004662,27.453312
2.787971,27.001494
4.407436,26.574734
3.367714,27.140857
2.860564,27.595579
25.967435,5.444970
25.855373,5.980831
26.616512,5.029009
26.329389,5.550499
26.078510,4.911078
27.524926,3.430295
26.764400,5.584501
27.264996,5.128600
26.855807,3.896341
26.563578,4.411635
27.028690,6.256657
26.494265,6.739831
3.282652,26.329572
3.824475,26.258877
2.740495,26.395873
1.146313,27.713171
26.329080,3.283531
26.260772,3.824804
26.939725,2.814529
26.698694,3.356937
26.395174,2.741141
27.714702,1.147885
27.134748,3.355925
27.594462,2.859345
27.084609,1.666988
26.838197,2.203421
27.453038,4.004182
26.959803,4.527521
3.363876,26.729527
3.873299,26.571204
1.703946,27.139620
2.285809,27.272746
1.721467,27.691029
0.000000,26.979770
1.096006,26.510640
0.662254,26.525997
2.199188,26.849066
1.642332,26.486476
0.801134,27.225634
1.292667,27.383867
0.570361,27.737084
0.000000,27.363315
0.604448,26.885928
1.255941,26.875649
26.510184,1.096655
26.485153,1.643345
27.142738,0.000000
26.526464,0.662142
27.248511,0.839265
27.386273,1.358138
26.891222,1.119856
27.736552,0.568411
27.361143,0.000000
26.926883,0.000000
26.853150,0.561770
27.242229,2.285698
