28.648213,0.000000
28.546467,2.365841
28.252899,4.714170
27.766644,7.032371
27.090446,9.301696
26.229907,11.507171
25.189963,13.633877
23.977822,15.667526
22.602596,17.593850
21.071917,19.401059
19.399134,21.073675
17.590952,22.605114
15.665228,23.980253
13.633980,25.190782
11.505227,26.230379
9.300317,27.091471
7.030835,27.767184
4.714510,28.253194
2.365750,28.548253
-0.000000,28.649740
0.000000,29.766350
2.460460,29.663555
4.900366,29.360530
7.308004,28.855590
9.666135,28.153401
11.957379,27.259213
14.168333,26.178706
16.282174,24.919564
18.283929,23.489487
20.160449,21.899966
21.900219,20.159494
23.489526,18.283179
24.919296,16.281270
26.178328,14.167270
27.258822,11.957554
28.153115,9.665663
28.855594,7.307109
29.359782,4.901152
29.664274,2.458819
29.765233,-0.000000
14.654289,24.593345
15.227858,25.556505
14.439800,25.366332
14.149478,24.892667
15.413908,24.730639
14.806535,24.907231
15.159758,24.289767
17.286574,24.211613
15.068461,25.221427
15.759086,25.237689
16.480960,24.091480
15.880113,24.260124
16.041610,24.610948
15.596809,24.978168
14.697339,25.872072
13.066055,26.726333
16.634347,23.299215
16.156814,23.639630
17.405155,23.376084
16.810955,23.601909
17.113918,22.956214
19.226650,22.701591
17.096818,23.893009
17.790466,23.851280
18.414534,22.647955
17.827199,22.867195
16.783833,24.570361
13.394021,25.971859
12.260543,26.502014
18.501417,21.845022
18.053960,22.225178
19.276167,21.859072
18.702977,22.132543
18.952677,21.464147
21.035538,21.035724
19.011494,22.399956
19.699039,22.301115
20.222297,21.050175
19.655304,21.316783
18.753855,23.100867
18.018525,23.202205
14.028069,25.833586
13.622747,26.453617
13.803952,25.508287
12.509500,26.997284
10.813769,27.714097
12.573237,25.717912
13.104118,25.459834
12.750416,26.049931
12.046437,25.978190
12.895058,26.402868
20.242083,20.242995
19.827560,20.658475
21.014159,20.192806
20.466079,20.512449
20.659187,19.826395
22.700408,19.227240
20.796178,20.752905
21.473498,20.598254
21.890794,19.308727
21.348035,19.621176
20.597504,21.473680
19.874052,21.634266
11.211443,27.012319
11.836934,26.920324
11.392947,27.487007
10.038093,27.418070
11.617296,26.575916
10.665370,27.384898
10.236979,27.937661
21.844375,18.502590
21.464943,18.951296
22.610238,18.388619
22.090411,18.752412
22.226107,18.052433
24.210595,17.287307
22.438583,18.965091
23.101126,18.754869
23.410855,17.435167
22.895467,17.790992
22.300896,19.699395
21.591476,19.920067
10.406666,26.669209
10.954931,26.452922
10.580528,27.008095
9.859520,26.883904
11.069882,26.721558
8.487145,28.512535
23.297670,16.634879
22.957079,17.113769
24.051582,16.458835
23.563124,16.864119
23.640979,16.156060
25.555107,15.229244
23.928004,17.047613
24.570674,16.783532
24.770313,15.442486
24.286262,15.839630
23.851048,17.791046
23.162902,18.068994
8.941138,27.840624
9.574503,27.802749
9.083810,28.334351
7.738401,28.153759
9.390711,27.442068
8.369640,28.170523
7.895227,28.687440
24.591693,14.654308
24.291439,15.160262
25.328127,14.416870
24.875140,14.860585
24.894189,14.149130
26.725426,13.066523
25.253928,15.013403
25.872451,14.697208
25.960845,13.344618
25.511445,13.780026
25.238478,15.760839
24.576076,16.094487
8.168952,27.437606
8.733831,27.266667
7.605612,27.606489
6.103137,29.116411
25.718117,12.573565
25.460283,13.103035
26.432206,12.276168
26.017646,12.755881
25.977096,12.045293
27.713285,10.815113
26.407248,12.876965
26.997697,12.510350
26.974207,11.155409
26.562184,11.626274
26.453778,13.622637
25.820673,14.010484
8.309099,27.790616
8.826668,27.545849
6.611478,28.484849
7.245231,28.498865
6.712927,28.987911
5.386911,28.697039
7.091823,28.123896
6.014259,28.765516
5.499749,29.241675
26.668695,10.406939
26.455189,10.955901
27.355542,10.051551
26.982376,10.563785
26.883057,9.859360
28.511716,8.489593
27.380499,10.652589
27.938523,10.238104
27.803109,8.889919
27.431685,9.392879
27.488257,11.391701
26.889485,11.830430
5.875097,28.018720
6.451913,27.894912
5.299542,28.139901
3.676975,29.520137
27.437006,8.168335
27.269669,8.734281
28.092723,7.758437
27.762367,8.299052
27.605671,7.605440
29.115426,6.105078
28.166423,8.355034
28.688493,7.896145
28.442087,6.563211
28.113959,7.095622
28.334901,9.082360
27.774675,9.569501
5.986031,28.381678
6.521746,28.180800
4.236861,28.933381
4.866764,29.000186
4.296445,29.443755
2.998826,29.042956
4.745599,28.613864
3.619031,29.163654
3.067653,29.596758
28.018285,5.875111
27.897542,6.452593
28.637114,5.410859
28.353960,5.977422
28.137754,5.299914
29.521191,3.679086
28.760377,6.001030
29.242289,5.499767
28.887863,4.191113
28.603170,4.750519
28.988538,6.711350
28.470435,7.242700
3.542199,28.409044
4.125840,28.332409
2.957824,28.480251
1.229413,29.722719
28.408567,3.543221
28.334921,4.126213
28.984938,3.028386
28.751789,3.615210
28.479643,2.958559
29.724891,1.231421
29.158470,3.606485
29.595559,3.066047
29.133624,1.793370
28.898934,2.372875
29.443775,4.295707
28.970541,4.865319
3.622177,28.780323
4.172181,28.622290
1.832647,29.184806
2.455585,29.302685
1.846945,29.699058
0.000000,29.043574
1.182762,28.604219
0.714756,28.620677
2.368129,28.909300
1.771192,28.578239
0.860850,29.270989
1.389086,29.415327
0.610928,29.748445
0.000000,29.400142
0.651988,28.955512
1.352280,28.942677
28.603960,1.183522
28.576876,1.772514
29.194893,0.000000
28.621467,0.714612
29.292810,0.902210
29.417222,1.459527
28.958138,1.205669
29.748025,0.608435
29.397927,0.000000
28.994658,0.000000
28.925485,0.606210
29.274318,2.456000
