22.810953,0.000000
22.731016,1.883700
22.497321,3.754032
22.110407,5.599441
21.572078,7.406316
20.886784,9.162519
20.058744,10.855965
19.093663,12.475361
17.998654,14.009257
16.779595,15.448458
15.447574,16.780443
14.008053,17.999818
12.474410,19.094860
10.855917,20.059307
9.161756,20.887069
7.405793,21.572731
5.598893,22.110923
3.754124,22.497794
1.883532,22.732277
0.000000,22.812234
-0.000000,24.200716
1.999394,24.116678
3.983784,23.870051
5.941127,23.459448
7.858161,22.888483
9.721109,22.161523
11.518132,21.283103
13.236661,20.259718
14.864345,19.097104
16.390023,17.804674
17.804592,16.389827
19.096948,14.864143
20.259327,13.236442
21.282788,11.517767
22.161327,9.721153
22.888299,7.857819
23.459275,5.940577
23.869584,3.983730
24.116477,1.998450
24.199286,0.000000
11.666880,19.579940
12.378223,20.773952
11.619843,20.413088
11.263169,19.819869
12.393026,19.884485
11.867877,19.963619
12.071066,19.338189
14.051698,19.680891
12.168183,20.367471
12.808701,20.516796
13.263076,19.387731
12.732821,19.452579
12.953355,19.873964
12.609533,20.196739
11.948221,21.029871
10.620612,21.724987
13.243534,18.549646
12.861254,18.822325
13.994482,18.796128
13.475115,18.917733
13.626609,18.275982
15.628682,18.453321
13.806099,19.295047
14.459756,19.389342
14.818851,18.226154
14.294522,18.335862
13.644359,19.971672
10.784849,20.913506
9.868172,21.332096
14.730129,17.392000
14.371630,17.696202
15.499557,17.576361
14.991723,17.740002
15.090140,17.087781
17.099078,17.099418
15.352117,18.089178
16.011166,18.129243
16.273624,16.939980
15.760197,17.092610
15.246227,18.776722
14.550412,18.736298
11.331602,20.867974
11.071115,21.504529
11.069769,20.456486
10.170342,21.944662
8.790000,22.527852
10.010091,20.475872
10.433690,20.269240
10.225014,20.891417
9.588294,20.683033
10.413768,21.323052
16.115947,16.116418
15.784094,16.448730
16.896784,16.236363
16.404876,16.441290
16.448962,15.783804
18.452678,15.629085
16.793579,16.759289
17.453766,16.744957
17.616485,15.538560
17.117553,15.732910
16.744593,17.453737
16.048802,17.470067
9.031802,21.761546
9.563970,21.750856
9.258054,22.344961
8.078932,22.068351
9.317398,21.313063
8.613322,22.117991
8.323315,22.709346
17.391675,14.730621
17.087923,15.089674
18.180434,14.785592
17.706887,15.030437
17.696473,14.371310
19.680248,14.052147
18.119943,15.315442
18.776861,15.246732
18.839764,14.030809
18.358466,14.265466
18.129008,16.011249
17.435710,16.085648
8.284950,21.232889
8.723471,21.060981
8.484943,21.660630
7.847380,21.404164
8.864016,21.397048
6.899327,23.176872
18.548815,13.243735
18.276076,13.626669
19.339389,13.233885
18.887499,13.516858
18.822756,12.861119
20.773254,12.378900
19.322904,13.766875
19.971732,13.644246
19.933826,12.426938
19.473649,12.700708
19.389058,14.459883
18.704848,14.590813
7.202011,22.426580
7.736121,22.462631
7.381000,23.033449
6.228227,22.660721
7.531529,22.007652
6.758949,22.752255
6.419567,23.319219
19.579006,11.666882
19.338619,12.071282
20.365750,11.591701
19.939044,11.910873
19.820413,11.263031
21.724439,10.620966
20.393647,12.124061
21.029993,11.948197
20.891893,10.738654
20.455960,11.049222
20.516828,12.809366
19.845991,12.996181
6.503350,21.844775
6.954758,21.709284
6.052955,21.979284
4.961686,23.667719
20.475694,10.010250
20.269370,10.433271
21.253574,9.870476
20.854670,10.223777
20.682678,9.587954
22.527361,8.790759
21.324967,10.398769
21.944782,10.170746
21.707317,8.976870
21.298534,9.322349
21.504359,11.071082
20.850933,11.313134
6.663013,22.287913
7.068467,22.058248
5.325479,22.945655
5.854489,23.025246
5.453675,23.564555
4.335516,23.097872
5.687918,22.554684
4.856742,23.232880
4.472150,23.769914
21.232429,8.285236
21.061668,8.723946
21.996080,8.081748
21.627853,8.466670
21.403802,7.847418
23.176384,6.900312
22.110888,8.602416
22.709645,8.323773
22.374485,7.153721
21.995674,7.531629
22.345138,9.257572
21.714072,9.552708
4.677177,22.307390
5.138002,22.209580
4.217076,22.403905
2.990151,23.996159
21.844259,6.503327
21.710197,6.954967
22.588580,6.237726
22.253222,6.651631
21.978817,6.052947
23.667040,4.962453
22.745670,6.747090
23.319509,6.419961
22.888828,5.281461
22.542788,5.689620
23.033212,7.380528
22.428738,7.726874
4.800029,22.762094
5.222608,22.566597
3.412821,23.307247
3.933169,23.430434
3.489135,23.934722
2.413626,23.376488
3.805991,22.947533
2.922035,23.554461
2.494457,24.058264
22.306803,4.677338
22.210277,5.138404
23.026571,4.350547
22.726929,4.790980
22.402817,4.217233
23.996208,2.990718
23.225181,4.845887
23.769854,4.472283
23.246873,3.372831
22.935242,3.808831
23.564305,5.453089
22.990454,5.848246
2.819489,22.617868
3.286282,22.558046
2.352685,22.675472
0.999377,24.161213
22.617231,2.820019
22.558580,3.286525
23.306232,2.434542
23.045282,2.897601
22.674620,2.353094
24.161336,1.000068
23.546224,2.911647
24.057278,2.493876
23.445636,1.442662
23.172042,1.902089
23.934073,3.488944
23.394684,3.928765
2.904497,23.081297
3.341237,22.920314
1.475824,23.508994
1.984905,23.674601
1.499828,24.141345
0.000000,23.310235
0.941452,22.773637
0.568995,22.787553
1.898890,23.184198
1.411940,22.753174
0.695136,23.595825
1.121726,23.783895
0.498602,24.181958
0.000000,23.752994
0.519725,23.203056
1.084389,23.197724
22.772791,0.941800
22.751941,1.412441
23.498910,0.000000
22.787217,0.568927
23.621035,0.727476
23.787429,1.178453
23.213755,0.966937
24.181122,0.497694
23.751134,0.000000
23.248244,0.000000
23.164286,0.482524
23.639223,1.983869
