27.014113,0.000000
26.918229,2.230797
26.641394,4.445283
26.182904,6.631122
25.545289,8.770953
24.733818,10.850649
23.753201,12.856045
22.610228,14.773698
21.313459,16.590151
19.870024,18.294335
18.292655,19.871576
16.587677,21.315652
14.771728,22.612384
12.856104,23.753980
10.849037,24.734219
8.769830,25.546221
6.629887,26.183422
4.445607,26.641688
2.230678,26.919857
0.000000,27.015563
-0.000000,28.197319
2.330540,28.099608
4.642056,27.812524
6.922708,27.334185
9.156461,26.669006
11.326921,25.821974
13.421176,24.798465
15.423524,23.605813
17.319831,22.251121
19.097433,20.745354
20.745509,19.096684
22.251113,17.319202
23.605488,15.422799
24.798112,13.420261
25.821678,11.327007
26.668790,9.155939
27.334188,6.921810
27.811924,4.642524
28.100154,2.328978
28.196034,-0.000000
13.817806,23.189698
14.424431,24.208187
13.647457,23.974520
13.341324,23.472322
14.565311,23.369353
13.981907,23.520058
14.295042,22.903306
16.374537,22.934311
14.252613,23.855993
14.927236,23.906759
15.576741,22.769740
14.996778,22.910864
15.172818,23.278367
14.756145,23.632538
13.922366,24.506873
12.376584,25.316349
15.684926,21.969391
15.234051,22.290848
16.447058,22.089523
15.874838,22.287505
16.137593,21.645748
18.212262,21.503905
16.171133,22.599577
16.851439,22.593352
17.404200,21.405418
16.835700,21.595414
15.898814,23.273812
12.660739,24.550183
11.588288,25.049150
17.445464,20.598181
17.022911,20.957143
18.215259,20.656001
17.661498,20.899941
17.871328,20.238748
19.925720,19.925992
17.982105,21.187318
18.659320,21.124981
19.112763,19.895226
18.562083,20.131232
17.764987,21.881705
17.042843,21.945872
13.269357,24.436549
12.903354,25.058351
13.036477,24.090417
11.850069,25.572759
10.243118,26.251983
11.855535,24.250207
12.356561,24.006446
12.041579,24.602171
11.358159,24.495639
12.197035,24.973887
19.086767,19.087590
18.695406,19.479825
19.857517,19.081417
19.326421,19.370029
19.480478,18.694445
21.502849,18.212823
19.670237,19.629485
20.340239,19.511936
20.689763,18.249322
20.160694,18.529892
19.511305,20.340287
18.797911,20.462812
10.598739,25.536436
11.197363,25.465752
10.791093,26.037342
9.487545,25.914729
10.971751,25.098743
10.088106,25.903249
9.697503,26.463598
20.597630,17.446447
20.239402,17.870133
21.365848,17.376490
20.860303,17.707969
20.957957,17.021704
22.933355,16.375232
21.223743,17.938419
21.882000,17.765881
22.126425,16.478542
21.622101,16.801503
21.124760,18.659554
20.422357,18.841380
9.812522,25.147100
10.330243,24.943172
9.992353,25.507253
9.296117,25.349671
10.451122,25.227898
8.039415,27.008276
21.968006,15.685352
21.646425,16.137478
22.727857,15.552928
22.251054,15.924810
22.292028,15.233449
24.206974,14.425657
22.632586,16.124711
23.274120,15.898525
23.411321,14.595117
22.935547,14.958632
22.593115,16.851850
21.908749,17.090517
8.452283,26.318879
9.057193,26.300208
8.603734,26.839932
7.314033,26.610136
8.868878,25.916767
7.916543,26.646295
7.479209,27.173940
23.188173,13.817813
22.904693,14.295446
23.934136,13.623265
23.489989,14.032839
23.473688,13.340989
25.315516,12.377057
23.886735,14.200603
24.507256,13.922234
24.536536,12.612341
24.092580,13.013572
23.907339,14.928698
23.245394,15.222874
7.702521,25.871680
8.235819,25.710584
7.170861,26.030950
5.781247,27.580264
24.250277,11.855813
24.006881,12.355608
24.977478,11.600404
24.568832,12.045319
24.494816,11.357212
26.251245,10.244386
24.977605,12.179823
25.573173,11.850809
25.494272,10.543235
25.084894,10.979624
25.058433,12.903236
24.422587,13.251676
7.847071,26.246231
8.333490,26.006378
6.249973,26.927924
6.853873,26.958731
6.357891,27.458967
5.091463,27.123586
6.697769,26.560737
5.688665,27.209090
5.210056,27.698980
25.146573,9.812825
24.945061,10.331078
25.850005,9.498247
25.479820,9.975267
25.349015,9.296003
27.007558,8.041513
25.898165,10.075854
26.464389,9.698453
26.277729,8.402052
25.906018,8.870453
26.038292,10.789991
25.433548,11.189665
5.539624,26.419614
6.084110,26.302988
4.996418,26.533887
3.483304,27.962701
25.871090,7.702089
25.713073,8.236190
26.546544,7.331270
26.216431,7.836734
26.030265,7.170699
27.579368,5.782910
26.641567,7.902688
27.174854,7.480019
26.881667,6.203004
26.550372,6.700986
26.840224,8.602532
26.270762,9.051126
5.653146,26.804472
6.157336,26.605800
4.005230,27.351981
4.604043,27.433009
4.068770,27.890678
2.834353,27.450558
4.481850,27.023472
3.422980,27.585652
2.906069,28.035297
26.419125,5.539701
26.305151,6.084746
27.061048,5.113019
26.774961,5.644452
26.532052,4.996713
27.963569,3.484955
27.203311,5.676096
27.699470,5.210163
27.302823,3.961186
27.012430,4.486211
27.459333,6.356564
26.928812,6.850408
3.339812,26.787563
3.890858,26.715552
2.788359,26.854943
1.164574,28.154722
26.787080,3.340725
26.717593,3.891197
27.389672,2.861580
27.150549,3.413770
26.854267,2.789028
28.156407,1.166246
27.579764,3.411022
28.034166,2.904767
27.535354,1.694785
27.291709,2.240708
27.890467,4.068239
27.401952,4.601795
3.420717,27.180841
3.939084,27.022646
1.732245,27.589473
2.323138,27.719085
1.749033,28.132260
0.000000,27.433891
1.115104,26.971741
0.673806,26.987325
2.236359,27.302453
1.670726,26.947165
0.814268,27.675491
1.313870,27.830512
0.579274,28.179033
0.000000,27.811165
0.614916,27.341412
1.277147,27.330561
26.971333,1.115782
26.945836,1.671805
27.594152,0.000000
26.987874,0.673687
27.698125,0.853111
27.832803,1.380433
27.346106,1.138748
28.178533,0.577203
27.808981,0.000000
27.381941,0.000000
27.309275,0.571557
27.689074,2.323141
