20.282466,-0.000000
20.213202,1.674962
20.005370,3.338405
19.661596,4.979102
19.182969,6.585790
18.573517,8.147440
17.837254,9.653383
16.979251,11.093505
16.005647,12.457493
14.921545,13.737318
13.737055,14.921829
12.457219,16.005996
11.093283,16.979634
9.653273,17.837591
8.147261,18.573849
6.585649,19.183407
4.978974,19.662096
3.338355,20.005956
1.674903,20.213965
-0.000000,20.283271
-0.000000,21.832994
1.803009,21.757919
3.593597,21.535217
5.359594,21.164724
7.089076,20.649503
8.770032,19.993591
10.390949,19.201025
11.941532,18.277857
13.410128,17.229158
14.786627,16.063113
16.062933,14.786751
17.228941,13.410223
18.277575,11.941607
19.200732,10.390988
19.993286,8.770094
20.649149,7.089056
21.164289,5.359519
21.534659,3.593545
21.757281,1.802862
21.832159,0.000000
10.373466,17.408923
11.166326,18.739708
10.410060,18.288211
10.013549,17.623291
11.096180,17.803856
10.602895,17.835228
10.733438,17.194355
12.675958,17.753769
10.927620,18.291180
11.554053,18.508783
11.882846,17.370066
11.378638,17.383877
11.632613,17.847935
11.333152,18.153760
10.778658,18.970499
9.580594,19.597597
11.775499,16.493064
11.434618,16.736365
12.530418,16.830106
12.039318,16.901227
12.116461,16.249657
14.098532,16.646392
12.398550,17.328409
13.043219,17.491508
13.276450,16.329633
12.774602,16.386258
12.308781,18.015941
9.666170,18.744802
8.842076,19.114925
13.097385,15.464106
12.777554,15.735096
13.878463,15.738016
13.394469,15.849252
13.417376,15.193129
15.424963,15.425163
13.786934,16.245364
14.442763,16.354787
14.579869,15.177041
14.084375,15.275096
13.754310,16.937914
13.067403,16.826356
10.178938,18.744679
9.985942,19.399372
9.893663,18.282825
9.175274,19.795737
7.929580,20.321855
8.900403,18.206011
9.276935,18.021964
9.138641,18.671678
8.524072,18.390102
9.352594,19.150196
14.329554,14.329781
14.033543,14.625853
15.129445,14.537961
14.656876,14.688892
14.625694,14.033689
16.646134,14.098709
15.081595,15.051116
15.744147,15.105998
15.783042,13.921444
15.297389,14.059977
15.105808,15.744296
14.413028,15.689158
8.097812,19.510907
8.592449,19.541123
8.350059,20.157764
7.238734,19.773913
8.328000,19.048858
7.735661,19.865313
7.509261,20.485794
15.463869,13.097590
15.192940,13.417487
16.278922,13.238978
15.820141,13.428375
15.734914,12.777682
17.753478,12.676115
16.272764,13.754451
16.937746,13.754490
16.879003,12.570648
16.406386,12.748648
16.354581,14.442899
15.658579,14.445806
7.366573,18.878949
7.756951,18.726503
7.583438,19.359831
6.976313,19.031326
7.913493,19.103126
6.224289,20.907426
16.492734,11.775646
16.249430,12.116608
17.316623,11.849499
16.874979,12.076140
16.736170,11.434736
18.739387,11.166492
17.353155,12.363668
18.015725,12.308868
17.859105,11.133508
17.402912,11.350238
17.491263,13.043333
16.798408,13.103327
6.456705,20.105873
6.950452,20.179752
6.656902,20.778566
5.580574,20.304876
6.731680,19.669517
6.070036,20.434876
5.791882,21.036180
17.408556,10.373571
17.194139,10.733575
18.235454,10.378883
17.814264,10.641206
17.623084,10.013639
19.597264,9.580706
18.314618,10.888211
18.970265,10.778739
18.717341,9.620854
18.280575,9.874291
18.508540,11.554212
17.823155,11.671134
5.782413,19.423065
6.184071,19.303280
5.380873,19.542728
4.476499,21.350287
18.205703,8.900517
18.021702,9.276987
19.030348,8.837682
18.632148,9.133835
18.389779,8.524136
20.321490,7.929713
19.150911,9.338747
19.795471,9.175382
19.447894,8.042420
19.033545,8.331067
19.399081,9.986011
18.725450,10.159484
5.954947,19.920224
6.310888,19.694343
4.774471,20.571331
5.260175,20.685447
4.918265,21.257626
3.884638,20.696531
5.083953,20.158687
4.361585,20.866680
4.034994,21.442855
18.878565,7.366701
18.726257,7.757100
19.695284,7.236032
19.322859,7.564027
19.030946,6.976408
20.906998,6.224404
19.856681,7.725474
20.485508,7.509346
20.045703,6.408983
19.656591,6.730854
20.157474,8.350057
19.500539,8.578533
4.158729,19.834350
4.568862,19.748251
3.748676,19.920282
2.698143,21.646864
19.422608,5.782497
19.302998,6.184175
20.225778,5.584907
19.881664,5.942503
19.542264,5.380950
21.349746,4.476564
20.426889,6.059370
21.035820,5.791926
20.506728,4.731797
20.145532,5.084680
20.778166,6.656872
20.142340,6.938847
4.289876,20.344181
4.662826,20.148232
3.059760,20.895765
3.534258,21.049503
3.146069,21.591235
2.162863,20.946401
3.401805,20.509630
2.623868,21.155593
2.250546,21.702589
19.833795,4.158815
19.747863,4.568977
20.618114,3.895381
20.304671,4.280332
19.919660,3.748751
21.646303,2.698162
20.857618,4.351774
21.442357,4.034990
20.827094,3.021841
20.496386,3.403620
21.257141,4.918190
20.646788,5.251873
2.506698,20.110261
2.922488,20.058118
2.090910,20.162145
0.901471,21.795722
20.109611,2.506807
20.057620,2.922570
20.868879,2.179665
20.588624,2.588875
20.161444,2.091000
21.795075,0.901526
21.145632,2.614469
21.701886,2.250452
21.005896,1.292309
20.707736,1.699610
21.590608,3.146018
21.010019,3.528418
2.595901,20.629034
2.983272,20.464138
1.323356,21.075952
1.783734,21.268734
1.352278,21.777088
0.000000,20.845148
0.837398,20.248745
0.506520,20.262199
1.697242,20.720828
1.256111,20.231351
0.624082,21.164407
1.007469,21.377483
0.450639,21.814444
-0.000000,21.338767
0.462667,20.726067
0.968913,20.724633
20.247991,0.837453
20.230567,1.256193
21.056524,0.000000
20.261501,0.506518
21.192056,0.652537
21.382436,1.058493
20.741663,0.863856
21.813690,0.450534
21.337868,0.000000
20.775387,0.000000
20.682564,0.429097
21.229342,1.782047
