28.747707,-0.000000
28.645608,2.374065
28.351022,4.730543
27.863078,7.056801
27.184530,9.334011
26.321003,11.547143
25.277446,13.681234
24.061094,15.721946
22.681091,17.654959
21.145100,19.468439
19.466507,21.146862
17.652041,22.683620
15.719633,24.063532
13.681344,25.278258
11.545182,26.321469
9.332617,27.185549
7.055248,27.863607
4.730883,28.351306
2.373976,28.647391
-0.000000,28.749226
-0.000000,29.862094
2.468387,29.758992
4.916128,29.454993
7.331517,28.948430
9.697237,28.243983
11.995853,27.346917
14.213930,26.262932
16.334576,24.999733
18.342766,23.565055
20.225324,21.970425
21.970689,20.224351
23.565105,18.342006
24.999477,16.333658
26.262562,14.212856
27.346530,11.996033
28.243703,9.696770
28.948445,7.330622
29.454247,4.916935
29.759732,2.466743
29.861001,-0.000000
14.705221,24.678801
15.276889,25.638782
14.488099,25.451169
14.198684,24.979141
15.465633,24.813606
14.856782,24.991745
15.212407,24.374179
17.342234,24.289556
15.118213,25.304687
15.809852,25.318906
16.536081,24.172046
15.933940,24.342334
16.094591,24.692206
15.648080,25.060233
14.744632,25.955381
13.108133,26.812373
16.692156,23.380178
16.212999,23.721747
17.463554,23.454498
16.867996,23.681991
17.173362,23.035999
19.288557,22.774677
17.153268,23.971879
17.847773,23.928042
18.476123,22.723695
17.887618,22.944686
16.837842,24.649481
13.438723,26.058523
12.301523,26.590575
18.565713,21.920934
18.116739,22.302379
19.340834,21.932398
18.766438,22.207642
19.018515,21.538753
21.103269,21.103443
19.074268,22.473900
19.762491,22.372886
20.289933,21.120575
19.721921,21.389020
18.814203,23.175264
18.078026,23.278813
14.074340,25.918776
13.666650,26.538759
13.850720,25.594679
12.549742,27.084213
10.848596,27.803318
12.616937,25.807268
13.149632,25.548321
12.793610,26.138142
12.088344,26.068450
12.937625,26.490003
20.312429,20.313339
19.896495,20.730234
21.084662,20.260543
20.535522,20.582053
20.730953,19.895313
22.773493,19.289143
20.864841,20.821409
21.542659,20.664544
21.964009,19.373303
21.420387,19.687668
20.663792,21.542844
19.939680,21.705699
11.248798,27.102289
11.875940,27.009027
11.429675,27.575469
10.071654,27.509707
11.656634,26.665922
10.700573,27.475245
10.269901,28.027612
21.920289,18.566891
21.539564,19.017119
22.686089,18.450307
22.165366,18.816047
22.303320,18.115187
24.288543,17.342966
22.512668,19.027695
23.175527,18.815219
23.489154,17.493478
22.973061,17.851283
22.372673,19.762850
21.662773,19.985844
10.442843,26.761878
10.992964,26.544839
10.616369,27.099542
9.893824,26.977311
11.107579,26.812551
8.514470,28.604328
23.378633,16.692690
23.036883,17.173207
24.132270,16.514049
23.643073,16.921350
23.723113,16.212233
25.637382,15.278282
24.007002,17.103890
24.649801,16.837537
24.853157,15.494138
24.368571,15.893311
23.927817,17.848359
23.239385,18.128660
8.970941,27.933389
9.606053,27.894375
9.113107,28.425543
7.764270,28.247851
9.422510,27.535006
8.397271,28.263466
7.920616,28.779798
24.677152,14.705238
24.375876,15.212913
25.413098,14.465239
24.959543,14.911018
24.980680,14.198334
26.811472,13.108597
25.337303,15.062967
25.955767,14.744499
26.047672,13.389254
25.597906,13.826728
25.319715,15.811619
24.657227,16.147637
8.197353,27.532942
8.764151,27.361405
7.632083,27.702410
6.122783,29.210150
25.807493,12.617265
25.548779,13.148539
26.520879,12.317355
26.105928,12.799175
26.067348,12.087186
27.802513,10.849941
26.494432,12.919476
27.084634,12.550597
27.064425,11.192725
26.652205,11.665676
26.538934,13.666539
25.905934,14.056755
8.337253,27.884714
8.856714,27.639634
6.633518,28.579759
7.269099,28.592784
6.734593,29.081210
5.404921,28.792950
7.115836,28.219141
6.034114,28.860422
5.517428,29.335814
26.761377,10.443112
26.547139,10.993940
27.447313,10.085273
27.073932,10.599643
26.976461,9.893659
28.603514,8.516937
27.470897,10.687758
28.028488,10.271035
27.896098,8.919658
27.524655,9.424713
27.576747,11.428421
26.978275,11.869504
5.895525,28.116076
6.474306,27.991833
5.317998,28.237678
3.688795,29.615176
27.532353,8.196723
27.364448,8.764605
28.186971,7.784472
27.856567,8.327221
27.701595,7.631909
29.209172,6.124739
28.259414,8.382618
28.780869,7.921538
28.537213,6.585169
28.209240,7.119669
28.426121,9.111641
27.866390,9.601112
6.006315,28.477777
6.543948,28.276750
4.250982,29.029784
4.882786,29.095754
4.310341,29.538525
3.008852,29.140022
4.761672,28.710767
3.630986,29.259877
3.077514,29.692041
28.115657,5.895533
27.994502,6.474986
28.733184,5.429012
28.450175,5.997711
28.235523,5.318375
29.616252,3.690934
28.855333,6.020844
29.336447,5.517438
28.984489,4.205128
28.700106,4.766624
29.081865,6.733001
28.564451,7.266622
3.554522,28.507762
4.140146,28.430847
2.968142,28.579202
1.233369,29.818402
28.507298,3.555550
28.433399,4.140520
29.082180,3.038552
28.849358,3.627485
28.578612,2.968881
29.820614,1.235397
29.254745,3.618404
29.690850,3.075889
29.231056,1.799380
28.996872,2.380929
29.538573,4.309588
29.066202,4.881390
3.634454,28.877778
4.186382,28.719741
1.838770,29.282057
2.463662,29.399254
1.852921,29.794665
0.000000,29.141663
1.186883,28.703606
0.717252,28.720121
2.376160,29.007206
1.777306,28.677544
0.863690,29.368257
1.393672,29.511977
0.612860,29.844214
-0.000000,29.497040
0.654246,29.053851
1.356858,29.040897
28.703368,1.187647
28.676191,1.778643
29.292481,0.000000
28.720937,0.717106
29.390044,0.905202
29.513862,1.464350
29.056367,1.209745
29.843811,0.610341
29.494837,0.000000
29.092932,0.000000
29.023958,0.608320
29.370994,2.464103
