28.053911,0.000000
27.954282,2.316719
27.666796,4.616371
27.190636,6.886435
26.528469,9.108662
25.685776,11.268393
24.667409,13.350979
23.480424,15.342441
22.133734,17.228806
20.634784,18.998546
18.996703,20.636475
17.226055,22.136141
15.340256,23.482766
13.351065,24.668220
11.266569,25.686226
9.107376,26.529466
6.885009,27.191172
4.616710,27.667093
2.316618,27.956015
0.000000,28.055415
-0.000000,29.194898
2.413147,29.093942
4.806294,28.796726
7.167680,28.301474
9.480509,27.612766
11.727759,26.735753
13.896211,25.676006
15.969441,24.441082
17.932792,23.038460
19.773284,21.479443
21.479657,19.772405
23.038479,17.932085
24.440788,15.968602
25.675633,13.895198
26.735394,11.727898
27.612502,9.480013
28.301475,7.166776
28.796030,4.806959
29.094597,2.411526
29.193708,-0.000000
14.350057,24.082849
14.935237,25.065435
14.151420,24.859768
13.855553,24.376090
15.105069,24.235218
14.506484,24.402500
14.845269,23.785510
16.954395,23.746409
14.771456,24.724350
15.456111,24.752952
16.151857,23.610417
15.558688,23.769168
15.725326,24.125828
15.290745,24.488255
14.415090,25.374849
12.814938,26.212805
16.289041,22.815564
15.821205,23.149083
17.056464,22.907855
16.470334,23.123653
16.758837,22.479599
18.857195,22.265382
16.759827,23.422144
17.448461,23.393130
18.046812,22.195718
17.466416,22.404429
16.461504,24.098141
13.127125,25.454401
12.015867,25.973218
18.117365,21.391548
17.678968,21.764001
18.890057,21.421227
18.324018,21.684049
18.559401,21.018469
20.631326,20.631549
18.636750,21.958503
19.320360,21.872758
19.818469,20.629818
19.257507,20.885395
18.393698,22.656831
17.663326,22.744842
13.751850,25.324990
13.360734,25.945447
13.524679,24.992361
12.269330,26.478453
10.605923,27.181583
12.312206,25.184114
12.832243,24.931237
12.492484,25.523134
11.796111,25.438995
12.640945,25.882657
19.821892,19.822779
19.415796,20.229806
20.593207,19.788330
20.051397,20.096769
20.230501,19.414704
22.264241,18.857778
20.386284,20.343931
21.060752,20.202608
21.453665,18.923144
20.915990,19.224088
20.201899,21.060883
19.482282,21.207803
10.988425,26.475122
11.604088,26.390769
11.173749,26.959026
9.837711,26.870906
11.382394,26.038406
10.455219,26.845510
10.040498,27.400788
21.390932,18.118473
21.019214,18.558084
22.157352,18.020266
21.642818,18.372380
21.764890,17.677557
23.745406,16.955120
21.996326,18.591336
22.657105,18.394673
22.943371,17.086992
22.432120,17.430944
21.872534,19.320671
21.165857,19.527375
10.190570,26.115625
10.727741,25.903828
10.366505,26.461980
9.654611,26.325913
10.844755,26.178111
8.324070,27.964670
22.814070,16.289537
22.480395,16.758699
23.569822,16.129142
23.085708,16.522341
23.150374,15.820505
25.064098,14.936568
23.456413,16.711634
24.098453,16.461206
24.275692,15.134075
23.794770,15.519057
23.392894,17.448978
22.706326,17.712782
8.763201,27.286737
9.386167,27.255734
8.908962,27.790072
7.583946,27.591933
9.200826,26.887047
8.204692,27.615636
7.743708,28.136205
24.081232,14.350075
23.787081,14.845736
24.820795,14.128048
24.371133,14.559400
24.377562,13.855208
26.211917,12.815411
24.756208,14.717506
25.375231,14.414957
25.442451,13.078097
24.995156,13.501133
24.753661,15.457762
24.091640,15.777179
7.999305,26.868086
8.552714,26.700721
7.447495,27.033475
5.985895,28.556931
25.184263,12.312517
24.931682,12.831204
25.902769,12.030233
25.490475,12.497334
25.437999,11.795037
27.180790,10.607247
25.886792,12.623173
26.478869,12.270142
26.435566,10.932600
26.024634,11.390973
25.945577,13.360621
25.311699,13.734243
8.140977,27.228658
8.647234,26.985730
6.479893,27.918157
7.102749,27.938161
6.583619,28.431058
5.279379,28.124356
6.948434,27.555098
5.895730,28.198905
5.394240,28.679806
26.115098,10.190857
25.905957,10.728663
26.807613,9.850185
26.435650,10.349643
26.325134,9.654467
27.963882,8.326396
26.840862,10.442630
27.401626,10.041561
27.247928,8.712355
26.876533,9.202778
26.960161,11.172550
26.359451,11.597161
5.753080,27.437132
6.318150,27.315930
5.189294,27.555802
3.606436,28.952897
26.867482,7.998757
26.703536,8.553136
27.530004,7.602977
27.199858,8.130830
27.032701,7.447323
28.555972,5.987738
27.611306,8.190358
28.137207,7.744591
27.874151,6.432107
27.545009,6.952022
27.790520,8.907600
27.227175,9.380788
5.864902,27.807777
6.389162,27.607753
4.152551,28.357777
4.771115,28.429638
4.213519,28.878114
2.938963,28.463376
4.649624,28.035158
3.547661,28.589185
3.008803,29.028059
27.436671,5.753120
27.318390,6.318817
28.063517,5.302465
27.779422,5.856264
27.553763,5.189639
28.953885,3.608376
28.193532,5.882741
28.680375,5.394295
28.310969,4.107430
28.024340,4.654343
28.431583,6.582131
27.909207,7.099887
3.468588,27.819317
4.040384,27.744358
2.896190,27.889132
1.205799,29.151634
27.818834,3.469573
27.746699,4.040745
28.404350,2.967681
28.169163,3.541907
27.888494,2.896903
29.153630,1.207688
28.583750,3.535328
29.026878,3.007310
28.551913,1.757485
28.314110,2.324779
28.878041,4.212861
28.399496,4.769380
3.548869,28.198317
4.087372,28.040275
1.796095,28.604133
2.407365,28.726157
1.811280,29.128421
0.000000,28.457812
1.158148,28.010495
0.699853,28.026624
2.320175,28.324611
1.734664,27.985017
0.843894,28.690230
1.361705,28.838335
0.599398,29.176845
-0.000000,28.821654
0.638503,28.368214
1.324945,28.356094
28.010178,1.158881
27.983661,1.735896
28.612265,0.000000
28.027326,0.699720
28.712331,0.884340
28.840365,1.430734
28.371575,1.181324
29.176393,0.597057
28.819441,0.000000
28.407833,0.000000
28.337439,0.593606
28.697210,2.407629
