20.947745,-0.000000
20.875556,1.729895
20.660959,3.447769
20.305850,5.142323
19.811536,6.801677
19.182142,8.414509
18.421723,9.969760
17.535518,11.457025
16.529946,12.865704
15.410325,14.187459
14.187017,15.410770
12.865166,16.530528
11.456599,17.536134
9.969661,18.422114
8.414151,19.182425
6.801409,19.812017
5.142056,20.306358
3.447723,20.661553
1.729774,20.876557
-0.000000,20.948809
-0.000000,22.452744
1.854435,22.375223
3.695738,22.146243
5.511790,21.765244
7.290351,21.235441
9.018921,20.560948
10.685939,19.745919
12.280457,18.796514
13.790673,17.717970
15.206199,16.518843
16.518682,15.206244
17.717764,13.790693
18.796186,12.280466
19.745628,10.685885
20.560708,9.019001
21.235173,7.290244
21.764898,5.511572
22.145697,3.695646
22.374621,1.854025
22.451591,0.000000
10.713746,17.980142
11.483482,19.272100
10.727464,18.845719
10.342302,18.201231
11.436496,18.349880
10.935115,18.394252
11.085367,17.758395
13.035984,18.258107
11.252816,18.835473
11.882387,19.034306
12.244943,17.899416
11.734237,17.927130
11.978809,18.379029
11.667627,18.689145
11.084763,19.509453
9.852772,20.154382
12.161701,17.034149
11.809913,17.285186
12.914590,17.346006
12.416377,17.430831
12.513758,16.782761
14.498951,17.119259
12.767511,17.843924
13.413919,17.988179
13.681087,16.827163
13.173702,16.898196
12.658325,18.527750
9.959618,19.313715
9.111265,19.696599
13.526911,15.971292
13.196888,16.251048
14.303830,16.220392
13.813905,16.345793
13.857463,15.691566
15.863053,15.863310
14.197198,16.728670
14.853189,16.819156
15.024204,15.639523
14.524403,15.752344
14.144739,17.419093
13.456105,17.326986
10.481042,19.301241
10.269932,19.950340
10.202481,18.853644
9.435702,20.358142
8.154731,20.899206
9.192351,18.803226
9.581304,18.613217
9.423898,19.254602
8.804053,18.993389
9.630751,19.719804
14.799509,14.799801
14.494058,15.105428
15.593186,14.983622
15.115912,15.149094
15.105378,14.494095
17.118884,14.499206
15.530337,15.498867
16.191531,15.534907
16.264029,14.345677
15.775327,14.499253
15.534663,16.191618
14.841768,16.155958
8.342774,20.101264
8.847066,20.120285
8.587674,20.730200
7.459146,20.375863
8.587799,19.643431
7.965720,20.455823
7.722308,21.067712
15.971037,13.527195
15.691459,13.857418
16.777881,13.644806
16.315622,13.849095
16.250991,13.196918
18.257707,13.036237
16.756949,14.163620
17.419022,14.145019
17.393405,12.953707
16.918977,13.146932
16.818933,14.853303
16.124372,14.875627
7.608174,19.498279
8.011257,19.340695
7.820151,19.964017
7.205470,19.655631
8.163207,19.705747
6.400928,21.501370
17.033670,12.161857
16.782607,12.513891
17.847422,12.212773
17.403508,12.454492
17.285167,11.809975
19.271676,11.483812
17.869487,12.731489
18.527611,12.658362
18.403437,11.472843
17.946688,11.704854
17.987909,13.414026
17.298106,13.493221
6.652184,20.714610
7.156350,20.778098
6.846383,21.368721
5.750472,20.922928
6.941708,20.283511
6.250618,21.042339
5.956153,21.633661
17.979616,10.713814
17.758352,11.085525
18.794506,10.697153
18.372312,10.974657
18.201247,10.342330
20.154006,9.852981
18.859632,11.212183
19.509333,11.084832
19.287899,9.914130
18.851867,10.182832
19.034127,11.882691
18.353388,12.018464
5.972072,20.060222
6.386856,19.936275
5.557670,20.183781
4.603457,21.956785
18.802974,9.192484
18.613090,9.581227
19.613811,9.108725
19.215893,9.420101
18.993102,8.804022
20.898836,8.155075
19.720863,9.616640
20.358009,9.435918
20.040722,8.287595
19.628382,8.591393
19.950085,10.269990
19.282627,10.461907
6.140859,20.541980
6.509903,20.315321
4.918979,21.194130
5.415922,21.298696
5.058366,21.861399
4.002912,21.326524
5.242543,20.787862
4.491384,21.486937
4.149413,22.051859
19.497895,7.608376
19.340735,8.011522
20.299096,7.457984
19.928266,7.801103
19.655293,7.205575
21.500951,6.401295
20.447649,7.955372
21.067628,7.722515
20.656716,6.604384
20.270870,6.941152
20.730052,8.587561
20.080819,8.833914
4.295109,20.485020
4.718605,20.395798
3.871874,20.573724
2.774564,22.261708
20.059760,5.972164
19.936344,6.387010
20.845832,5.756224
20.504540,6.128760
20.183336,5.557754
21.956199,4.603715
21.034764,6.239655
21.633509,5.956301
21.131697,4.876004
20.775070,5.243550
21.368366,6.846249
20.741708,7.145423
4.423820,20.979124
4.809879,20.783509
3.152349,21.528316
3.638793,21.673546
3.235835,22.204597
2.228624,21.583943
3.507935,21.149831
2.702031,21.784426
2.314398,22.319118
20.484434,4.295248
20.395706,4.718832
21.250127,4.014826
20.940832,4.414454
20.572954,3.871996
22.261265,2.774702
21.478241,4.481302
22.051467,4.149449
21.461923,3.113925
21.136822,3.510042
21.860957,5.058150
21.261144,5.408206
2.588977,20.770044
3.018209,20.715840
2.159751,20.823413
0.927105,22.414853
20.769331,2.589237
20.715581,3.018369
21.508411,2.246540
21.233809,2.669953
20.822581,2.159962
22.414293,0.927322
21.774892,2.692366
22.318260,2.314151
21.645922,1.331754
21.354824,1.752779
22.203898,3.235733
21.635100,3.633347
2.676912,21.273030
3.077300,21.109366
1.363309,21.714210
1.836458,21.899331
1.390903,22.395912
0.000000,21.492411
0.864730,20.913114
0.522900,20.926644
1.750175,21.367747
1.297106,20.894846
0.642724,21.802142
1.037410,22.008179
0.463217,22.434098
0.000000,21.971607
0.477660,21.376733
0.999252,21.374203
20.912204,0.864877
20.893816,1.297323
21.697190,0.000000
20.925923,0.522878
21.828963,0.672194
22.012593,1.089907
21.390803,0.890958
22.433194,0.462887
21.970271,0.000000
21.424750,0.000000
21.334440,0.443145
21.860987,1.834945
