25.251790,0.000000
25.162406,2.085228
24.903646,4.155386
24.475136,6.198478
23.879142,8.198680
23.120583,10.142734
22.203944,12.017314
21.135560,13.809891
19.923394,15.507863
18.574044,17.100939
17.099561,18.575335
15.505886,19.925195
13.808318,21.137365
12.017326,22.204658
10.141476,23.120926
8.197820,23.879973
6.197547,24.475651
4.155644,24.903988
2.085079,25.163881
-0.000000,25.253176
0.000000,26.513920
2.191100,26.421813
4.364843,26.151796
6.509284,25.701994
8.609615,25.076511
10.650515,24.280063
12.619571,23.317686
14.502335,22.196350
16.285498,20.922551
17.956983,19.506643
19.506692,17.956464
20.922480,16.285034
22.195975,14.501818
23.317350,12.618857
24.279834,10.650552
25.076333,8.609109
25.701952,6.508466
26.151299,4.365032
26.422097,2.189717
26.512503,0.000000
12.915834,21.676054
13.562495,22.761623
12.795249,22.477611
12.469871,21.940736
13.652444,21.904928
13.094132,22.026605
13.362516,21.408299
15.396080,21.563920
13.375869,22.388664
14.034820,22.478844
14.604258,21.348220
14.045931,21.458437
14.239233,21.846381
13.853002,22.186972
13.090865,23.042248
11.636907,23.803611
14.661156,20.535394
14.239026,20.836404
15.416396,20.705521
14.867065,20.872417
15.084712,20.232668
17.123982,20.218947
15.176361,21.209626
15.843997,21.243765
16.317555,20.069094
15.768419,20.226422
14.949242,21.882839
11.872182,23.021420
10.865281,23.486714
16.306819,19.253701
15.911111,19.589756
17.074014,19.361819
16.540303,19.572944
16.705170,18.917409
18.735059,18.735393
16.875888,19.884188
17.543848,19.863131
17.919438,18.653080
17.385304,18.855045
16.704046,20.573765
15.994416,20.595826
12.454172,22.935411
12.131557,23.561420
12.210412,22.564185
11.142560,24.044492
9.630968,24.683318
11.081654,22.667524
11.550333,22.439271
11.278598,23.043714
10.615978,22.896923
11.446938,23.438278
17.840986,17.841679
17.474579,18.208822
18.613294,17.885838
18.099515,18.140122
18.209341,17.473880
20.218040,17.124499
18.460266,18.422233
19.124396,18.346444
19.398027,17.109937
18.882595,17.355184
18.345930,19.124360
17.641524,19.203975
9.939959,23.949480
10.510203,23.902934
10.145352,24.482044
8.895454,24.297967
10.276901,23.508732
9.467774,24.311070
9.118691,24.882185
19.253252,16.307595
18.917867,16.704239
20.027217,16.287701
19.536021,16.583549
19.590381,15.910275
21.563064,15.396702
19.918234,16.835142
20.574043,16.704793
20.744998,15.449704
20.251398,15.736380
19.862902,17.543987
19.166055,17.682233
9.171904,23.505757
9.656537,23.315210
9.359231,23.891695
8.688592,23.695227
9.784795,23.619486
7.559128,25.394410
20.534211,14.661475
20.233112,15.084663
21.303890,14.578391
20.838528,14.913587
20.837322,14.238613
22.760614,13.563522
21.240481,15.132953
21.883083,14.949001
21.949693,13.683782
21.481578,14.010306
21.243508,15.844258
20.561066,16.039059
7.926651,24.682584
8.501408,24.685816
8.088675,25.236596
6.857634,24.950058
8.307182,24.274934
7.429635,25.008358
7.032874,25.550209
21.674726,12.915827
21.409319,13.362832
22.434572,12.769538
21.998779,13.141719
21.941827,12.469592
23.802878,11.637358
22.417496,13.327162
23.042570,13.090758
23.004658,11.824788
22.565242,12.188546
22.479192,14.035954
21.815477,14.286251
7.199619,24.183083
7.698703,24.032664
6.702062,24.331974
5.435971,25.932204
22.667469,11.081877
22.439624,11.549569
23.412568,10.873439
23.009082,11.280359
22.896339,10.615269
24.682671,9.632083
23.441256,11.430671
24.044831,11.143169
23.902571,9.884853
23.494666,10.283566
23.561397,12.131453
22.920227,12.436266
7.349749,24.583780
7.802387,24.348682
5.861286,25.253804
6.433416,25.303971
5.976992,25.818590
4.773713,25.431431
6.273622,24.878171
5.338756,25.536573
4.899246,26.043930
23.505235,9.172221
23.316632,9.657230
24.230447,8.903004
23.862205,9.341715
23.694727,8.688537
25.393793,7.560801
24.305188,9.456092
24.882822,9.119441
24.637151,7.877352
24.263713,8.308132
24.482665,10.144466
23.869017,10.501107
5.177928,24.695242
5.687428,24.586432
4.669575,24.802060
3.275551,26.291856
24.182513,7.199375
24.034537,7.698997
24.883262,6.871730
24.552107,7.339041
24.331400,6.701944
25.931399,5.437296
25.002897,7.416607
25.550910,7.033533
25.203416,5.815635
24.867239,6.276207
25.236632,8.087766
24.654678,8.494094
5.294826,25.106705
5.764903,24.909855
3.756168,25.651574
4.321790,25.749187
3.824558,26.224393
2.657481,25.738052
4.197974,25.311571
3.212282,25.889984
2.732702,26.360074
24.694699,5.178057
24.588027,5.687988
25.365615,4.792604
25.075024,5.286018
24.800545,4.669798
26.292440,3.276732
25.530038,5.326901
26.044225,4.899404
25.598069,3.713891
25.300067,4.201713
25.818678,5.975958
25.272206,6.428862
3.121601,25.039079
3.637398,24.972117
2.605635,25.102341
1.094998,26.472536
25.038552,3.122377
24.973578,3.637700
25.673621,2.682124
25.426621,3.196967
25.101582,2.606212
26.473610,1.096278
25.883209,3.200974
26.359003,2.731710
25.816386,1.588792
25.561546,2.098471
26.223961,3.824203
25.716365,4.318660
3.203882,25.459084
3.688075,25.300184
1.624366,25.874064
2.180842,26.017624
1.644031,26.451250
0.000000,25.701616
1.042220,25.211370
0.629751,25.226140
2.094578,25.572805
1.562283,25.188413
0.764186,25.960180
1.233038,26.127972
0.545314,26.495331
0.000000,26.103949
0.574967,25.603625
1.196228,25.594997
25.210777,1.042778
25.187110,1.563116
25.872711,0.000000
25.226357,0.629652
25.983786,0.800305
26.130725,1.295444
25.610676,1.066648
26.494704,0.543713
26.101834,0.000000
25.645887,0.000000
25.568934,0.534201
25.985579,2.180410
