28.831072,0.000000
28.728678,2.380957
28.433239,4.744262
27.943879,7.077274
27.263363,9.361090
26.397333,11.580639
25.350750,13.720919
24.130869,15.767549
22.746863,17.706167
21.206421,19.524904
19.522959,21.208192
17.703229,22.749407
15.765220,24.133319
13.721031,25.351563
11.578660,26.397804
9.359683,27.264388
7.075704,27.944411
4.744602,28.433525
2.380869,28.730470
-0.000000,28.832596
-0.000000,29.942347
2.475031,29.838988
4.929338,29.534173
7.351222,29.026249
9.723306,28.319909
12.028100,27.420431
14.252145,26.333530
16.378494,25.066930
18.392078,23.628396
20.279695,22.029482
22.029751,20.278712
23.628448,18.391313
25.066676,16.377568
26.333157,14.251065
27.420038,12.028286
28.319623,9.722842
29.026263,7.350330
29.533418,4.930162
29.839735,2.473385
29.941263,-0.000000
14.747899,24.750413
15.317984,25.707746
14.528576,25.522270
14.239916,25.051606
15.508980,24.883140
14.898887,25.062574
15.256522,24.444917
17.388884,24.354888
15.159907,25.374470
15.852401,25.386980
16.582274,24.239569
15.979047,24.411231
16.138993,24.760310
15.691049,25.129015
14.784269,26.025210
13.143399,26.884491
16.740595,23.448024
16.260078,23.790560
17.512494,23.520215
16.915795,23.749104
17.223171,23.102859
19.340441,22.835936
17.200576,24.037982
17.895803,23.992383
18.527736,22.787171
17.938247,23.009627
16.883108,24.715799
13.476185,26.131156
12.335866,26.664799
18.619587,21.984547
18.169342,22.367073
19.395026,21.993851
18.819617,22.270579
19.073682,21.601273
21.160034,21.160204
19.126876,22.535874
19.815671,22.433043
20.346614,21.179576
19.777744,21.449558
18.864781,23.237624
18.127891,23.343021
14.113119,25.990177
13.703445,26.610125
13.889912,25.667081
12.583470,27.157077
10.877786,27.878102
12.653555,25.882149
13.187769,25.622473
12.829806,26.212069
12.123460,26.144088
12.973299,26.563033
20.371373,20.372287
19.954256,20.790367
21.143744,20.317312
20.593714,20.640385
20.791088,19.953065
22.834747,19.341029
20.922384,20.878823
21.600623,20.720107
22.025363,19.427424
21.481017,19.743393
20.719348,21.600817
19.994679,21.765569
11.280102,27.177694
11.908629,27.083372
11.460458,27.649617
10.099780,27.586508
11.689598,26.741354
10.730075,27.550968
10.297493,28.103009
21.983897,18.620775
21.602090,19.072278
22.749652,18.502007
22.228176,18.869377
22.368018,18.167775
24.353872,17.389617
22.574753,19.080165
23.237883,18.865803
23.554770,17.542348
23.038084,17.901810
22.432830,19.816037
21.722524,20.040973
10.473158,26.839535
11.024833,26.621867
10.646404,27.176180
9.922569,27.055585
11.139169,26.888809
8.537372,28.681268
23.446471,16.741135
23.103751,17.223016
24.199886,16.560323
23.710067,16.969311
23.791933,16.259304
25.706337,15.319384
24.073206,17.151057
24.716117,16.882803
24.922581,15.537426
24.437543,15.938298
23.992158,17.896398
23.303482,18.178667
8.995918,28.011137
9.632494,27.971172
9.137662,28.501979
7.785949,28.326710
9.449157,27.612895
8.420427,28.341365
7.941894,28.857212
24.748759,14.747916
24.446626,15.257034
25.484303,14.505776
25.030269,14.953283
25.053150,14.239565
26.883586,13.143862
25.407175,15.104507
26.025594,14.784137
26.120432,13.426663
25.670358,13.865866
25.387800,15.854183
24.725235,16.192183
8.221151,27.612834
8.789557,27.440796
7.654263,27.782792
6.139249,29.288722
25.882381,12.653885
25.622930,13.186671
26.595186,12.351872
26.179904,12.835457
26.142971,12.122292
27.877294,10.879133
26.567495,12.955105
27.157495,12.584330
27.140027,11.223998
26.727640,11.698696
26.610303,13.703335
25.977387,14.095536
8.360846,27.963576
8.881892,27.718232
6.651988,28.659304
7.289103,28.671502
6.752752,29.159412
5.420014,28.873333
7.135958,28.298964
6.050754,28.939967
5.532245,29.414722
26.839034,10.473425
26.624184,11.025816
27.524216,10.113535
27.150653,10.629693
27.054724,9.922401
28.680449,8.539856
27.546653,10.717233
28.103887,10.298636
27.974022,8.944581
27.602560,9.451391
27.650910,11.459197
27.052684,11.902251
5.912642,28.197661
6.493069,28.073053
5.333463,28.319615
3.698702,29.694838
27.612245,8.220512
27.443864,8.790015
28.265950,7.806291
27.935503,8.350828
27.781969,7.654090
29.287739,6.141219
28.337344,8.405736
28.858289,7.942821
28.616927,6.603571
28.289081,7.139821
28.502571,9.136184
27.943251,9.627604
6.023314,28.558315
6.562552,28.357162
4.262816,29.110580
4.896215,29.175854
4.321987,29.617962
3.017254,29.221373
4.775141,28.791980
3.641004,29.340526
3.085779,29.771908
28.197245,5.912647
28.075744,6.493751
28.813690,5.444225
28.530798,6.014713
28.317444,5.333844
29.695921,3.700865
28.934908,6.037450
29.415359,5.532250
29.065460,4.216874
28.781334,4.780121
29.160080,6.751148
28.643239,7.286672
3.564848,28.590489
4.152133,28.513340
2.976788,28.662125
1.236685,29.898605
28.590024,3.565882
28.515913,4.152509
29.163666,3.047071
28.931116,3.637772
28.661537,2.977530
29.900838,1.238730
29.335426,3.628393
29.770712,3.084138
29.312704,1.804418
29.078941,2.387679
29.618022,4.321223
29.146368,4.894859
3.644742,28.959453
4.198283,28.801412
1.843901,29.363565
2.470432,29.480194
1.857931,29.874803
0.000000,29.223870
1.190337,28.786893
0.719343,28.803456
2.382890,29.089258
1.782429,28.760762
0.866070,29.449780
1.397516,29.592985
0.614480,29.924489
-0.000000,29.578255
0.656137,29.136266
1.360693,29.123212
28.786662,1.191104
28.759406,1.783779
29.374259,0.000000
28.804282,0.719195
29.471527,0.907711
29.594849,1.468391
29.138678,1.213161
29.924089,0.611940
29.576051,0.000000
29.175281,0.000000
29.106473,0.610088
29.452011,2.470894
