20.109957,-0.000000
20.041464,1.660708
19.835368,3.310032
19.494518,4.936759
19.019946,6.529787
18.415661,8.078167
17.685667,9.571332
16.834993,10.999238
15.869696,12.351643
14.794816,13.620598
13.620397,14.795045
12.351456,15.869972
10.999087,16.835305
9.571238,17.685984
8.078059,18.416000
6.529704,19.020353
4.936688,19.494976
3.309999,19.835883
1.660679,20.042065
0.000000,20.110581
-0.000000,21.672618
1.789699,21.598194
3.567170,21.377130
5.320226,21.009365
7.037017,20.497923
8.705662,19.846823
10.314655,19.060076
11.853882,18.143706
13.311722,17.102741
14.678136,15.945256
15.945085,14.678263
17.102532,13.311819
18.143449,11.853954
19.059789,10.314698
19.846505,8.705701
20.497558,7.037012
21.008939,5.320192
21.376629,3.567142
21.597642,1.789635
21.671981,-0.000000
10.285236,17.260767
11.084302,18.601996
10.327871,18.143817
9.928307,17.473389
11.008051,17.662424
10.516829,17.690365
10.642187,17.048066
12.582852,17.623326
10.843450,18.150272
11.469140,18.372851
11.789093,17.232979
11.286523,17.243119
11.543011,17.710452
11.246595,18.015183
10.699487,18.831088
9.510199,19.453563
11.675368,16.352736
11.337316,16.594027
12.430941,16.696494
11.941642,16.764001
12.013452,16.111404
13.994989,16.524098
12.303059,17.194967
12.947356,17.363051
13.171687,16.200800
12.671226,16.253628
12.218382,17.883565
9.590189,18.597461
8.772372,18.964268
12.986023,15.332583
12.668837,15.601296
13.768322,15.613095
13.285821,15.720607
13.303272,15.063877
15.311682,15.311850
13.680760,16.120268
14.336634,16.234692
14.464829,15.057288
13.970399,15.151460
13.653348,16.813473
12.966810,16.696773
10.100749,18.600596
9.912494,19.256844
9.813666,18.134913
9.107915,19.650248
7.871349,20.172494
8.824701,18.051106
9.198008,17.868609
9.064745,18.520626
8.451474,18.233620
9.280598,19.002724
14.207706,14.207903
13.914144,14.501493
15.009366,14.422550
14.537967,14.569667
14.501317,13.914305
16.523886,13.995128
14.965462,14.935226
15.628461,14.995072
15.658508,13.811594
15.173587,13.946180
14.994914,15.628614
14.302076,15.568338
8.034389,19.358012
8.526551,19.391189
8.288604,20.009676
7.181660,19.617999
8.260697,18.894786
7.676112,19.712426
7.454158,20.335254
15.332362,12.986193
15.063680,13.303409
16.149715,13.133879
15.691783,13.319378
15.601090,12.668973
17.623077,12.582965
16.147452,13.648543
16.813290,13.653483
16.745804,12.471454
16.273596,12.645466
16.234505,14.336761
15.538036,14.334557
7.303927,18.718302
7.691007,18.567192
7.522117,19.203265
6.916894,18.869386
7.848787,18.946935
6.178603,20.753767
16.352456,11.675498
16.111170,12.013586
17.179155,11.755412
16.738046,11.978113
16.593795,11.337431
18.601710,11.084402
17.219510,12.268454
17.883339,12.218463
17.718138,11.045626
17.262027,11.258361
17.362826,12.947455
16.669079,13.002407
6.406092,19.948211
6.897162,20.024844
6.607895,20.625886
5.536581,20.144784
6.677269,19.510405
6.023292,20.277595
5.749391,20.881606
17.260449,10.285334
17.047813,10.642301
18.090651,10.296442
17.669665,10.554802
17.473129,9.928396
19.453247,9.510264
18.173531,10.804338
18.830830,10.699551
18.569566,9.544892
18.132544,9.794341
18.372602,11.469241
17.685907,11.581221
5.733236,19.257788
6.131486,19.139087
5.335032,19.376439
4.443660,21.193372
18.050788,8.824790
17.868315,9.198076
18.879211,8.767468
18.480878,9.059649
18.233291,8.451540
20.172139,7.871411
19.003353,9.266796
19.649952,9.107976
19.294347,7.978913
18.879405,8.263605
19.256551,9.912545
18.581209,10.081187
5.906786,19.759098
6.259320,19.533392
4.737055,20.410019
5.219864,20.526674
4.882028,21.101416
3.854011,20.533337
5.042869,19.995635
4.327985,20.706078
4.005395,21.285291
18.717929,7.304011
18.566880,7.691101
19.538876,7.178532
19.165974,7.502585
18.869009,6.916962
20.753359,6.178648
19.703680,7.665948
20.334923,7.454197
19.887452,6.358369
19.497420,6.676354
20.009356,8.288615
19.350308,8.512410
4.123369,19.665557
4.530033,19.580277
3.716736,19.750771
2.678372,21.487778
19.257360,5.733293
19.138735,6.131553
20.065177,5.540527
19.720261,5.894230
19.376003,5.335085
21.192891,4.443679
20.269521,6.012693
20.881217,5.749406
20.344880,4.694446
19.982421,5.043508
20.625495,6.607885
19.987171,6.885362
4.255178,20.179630
4.624723,19.983567
3.035787,20.731916
3.507201,20.887925
3.122848,21.432531
2.145837,20.781241
3.374311,20.343709
2.603632,20.992757
2.234024,21.543063
19.665066,4.123419
19.579857,4.530096
20.454433,3.864441
20.139844,4.245571
19.750247,3.716780
21.487266,2.678372
20.696969,4.318242
21.284820,4.005386
20.662711,2.997992
20.330468,3.376040
21.100963,4.881993
20.487753,5.211399
2.485366,19.939093
2.897668,19.887491
2.073065,19.990592
0.894836,21.635511
19.938543,2.485418
19.887006,2.897711
20.703274,2.162344
20.421474,2.567864
19.990018,2.073108
21.634950,0.894855
20.982765,2.594305
21.542491,2.233980
20.840185,1.282093
20.540113,1.685833
21.431997,3.122821
20.848226,3.501256
2.574917,20.462122
2.958909,20.296881
1.313015,20.910608
1.770085,21.105445
1.342283,21.616957
0.000000,20.677389
0.830318,20.076373
0.502281,20.089813
1.683530,20.553152
1.245483,20.059217
0.619254,20.999209
0.999719,21.214170
0.447381,21.654098
-0.000000,21.174884
0.458782,20.557392
0.961050,20.556253
20.075770,0.830343
20.058604,1.245520
20.890656,0.000000
20.089231,0.502282
21.027192,0.647447
21.219379,1.050366
20.573512,0.856829
21.653494,0.447339
21.174220,0.000000
20.607174,0.000000
20.513676,0.425455
21.065869,1.768355
