20.950885,-0.000000
20.878683,1.730154
20.664054,3.448285
20.308891,5.143094
19.814503,6.802696
19.185015,8.415771
18.424482,9.971255
17.538144,11.458743
16.532421,12.867633
15.412633,14.189586
14.189142,15.413081
12.867092,16.533008
11.458315,17.538764
9.971155,18.424877
8.415411,19.185302
6.802428,19.814989
5.142826,20.309404
3.448240,20.664652
1.730033,20.879689
0.000000,20.951955
-0.000000,22.455680
1.854679,22.378148
3.696221,22.149137
5.512510,21.768089
7.291304,21.238217
9.020099,20.563635
10.687335,19.748500
12.282061,18.798970
13.792474,17.720285
15.208184,16.521001
16.520838,15.208230
17.720077,13.792494
18.798640,12.282070
19.748205,10.687281
20.563392,9.020179
21.237944,7.291196
21.767739,5.512291
22.148587,3.696129
22.377540,1.854267
22.454520,0.000000
10.715353,17.982842
11.484983,19.274622
10.728964,18.848357
10.343855,18.203963
11.438104,18.352463
10.936685,18.396896
11.087028,17.761061
13.037688,18.260496
11.254354,18.838049
11.883941,19.036795
12.246655,17.901921
11.735918,17.929699
11.980447,18.381543
11.669209,18.691679
11.086212,19.512006
9.854060,20.157019
12.163525,17.036706
11.811685,17.287780
12.916406,17.348447
12.418158,17.433336
12.515634,16.785281
14.500846,17.121499
12.769255,17.846364
13.415674,17.990531
13.683000,16.829517
13.175588,16.900618
12.659979,18.530174
9.961006,19.316408
9.112538,19.699352
13.528939,15.973689
13.198868,16.253487
14.305840,16.222674
13.815887,16.348142
13.859541,15.693922
15.865125,15.865384
14.199138,16.730957
14.855131,16.821355
15.026305,15.641712
14.526483,15.754601
14.146586,17.421372
13.457943,17.329355
10.482471,19.303876
10.271276,19.952950
10.203941,18.856344
9.436935,20.360806
8.155797,20.901941
9.193730,18.806048
9.582741,18.616011
9.425247,19.257360
8.805376,18.996241
9.632066,19.722501
14.801728,14.802023
14.496232,15.107695
15.595377,14.985730
15.118081,15.151271
15.107643,14.496271
17.121121,14.501102
15.532459,15.500986
16.193647,15.536938
16.266302,14.347684
15.777585,14.501331
15.536692,16.193736
14.843795,16.158167
8.343932,20.104058
8.848271,20.123027
8.588799,20.732911
7.460188,20.378712
8.589027,19.646243
7.966808,20.458619
7.723317,21.070468
15.973431,13.529225
15.693813,13.859497
16.780239,13.646726
16.317963,13.851085
16.253428,13.198899
18.260092,13.037942
16.759239,14.165556
17.421299,14.146868
17.395836,12.955519
16.921399,13.148816
16.821130,14.855247
16.126575,14.877661
7.609315,19.501206
8.012458,19.343598
7.821270,19.966875
7.206552,19.658582
8.164388,19.708597
6.401764,21.504183
17.036224,12.163682
16.785124,12.515768
17.849931,12.214491
17.406005,12.456281
17.287759,11.811748
19.274194,11.485315
17.871928,12.733230
18.530033,12.660017
18.406010,11.474448
17.949257,11.706531
17.990258,13.415781
17.300469,13.495066
6.653108,20.717491
7.157324,20.780930
6.847280,21.371517
5.751275,20.925853
6.942701,20.286416
6.251472,21.045215
5.956930,21.636491
17.982311,10.715422
17.761015,11.087188
18.797148,10.698659
18.374948,10.976233
18.203976,10.343883
20.156639,9.854270
18.862209,11.213716
19.511883,11.086281
19.290595,9.915517
18.854566,10.184290
19.036613,11.884246
18.355894,12.020108
5.972967,20.063234
6.387813,19.939268
5.558505,20.186812
4.604058,21.959658
18.805793,9.193864
18.615881,9.582665
19.616568,9.110007
19.218651,9.421455
18.995949,8.805345
20.901566,8.156142
19.723557,9.617954
20.360670,9.437151
20.043523,8.288755
19.631192,8.592623
19.952691,10.271334
19.285261,10.463338
6.141738,20.544921
6.510843,20.318258
4.919663,21.197078
5.416658,21.301600
5.059029,21.864259
4.003471,21.329505
5.243292,20.790839
4.491998,21.489873
4.149954,22.054744
19.500818,7.609518
19.343635,8.012723
20.301949,7.459034
19.931125,7.802224
19.658240,7.206657
21.503760,6.402132
20.450442,7.956460
21.070381,7.723524
20.659603,6.605308
20.273772,6.942146
20.732760,8.588685
20.083562,8.835122
4.295753,20.488096
4.719312,20.398860
3.872456,20.576814
2.774925,22.264621
20.062767,5.973060
19.939334,6.387968
20.848762,5.757034
20.507482,6.129640
20.186362,5.558589
21.959067,4.604317
21.037637,6.240508
21.636336,5.957079
21.134650,4.876685
20.778043,5.244301
21.371157,6.847145
20.744541,7.146400
4.424453,20.982128
4.810574,20.786515
3.152787,21.531310
3.639287,21.676501
3.236260,22.207503
2.228935,21.586960
3.508436,21.152859
2.702401,21.787403
2.314701,22.322039
20.487505,4.295893
20.398763,4.719540
21.253113,4.015390
20.943837,4.415088
20.576038,3.872578
22.264173,2.775064
21.481174,4.481914
22.054347,4.149991
21.464922,3.114360
21.139847,3.510545
21.863813,5.058812
21.264047,5.408946
2.589365,20.773163
3.018661,20.718950
2.160076,20.826540
0.927226,22.417786
20.772445,2.589626
20.718687,3.018821
21.511432,2.246856
21.236856,2.670336
20.825702,2.160287
22.417221,0.927444
21.777866,2.692735
22.321175,2.314453
21.648946,1.331941
21.357881,1.753030
22.206798,3.236158
21.638054,3.633843
2.677295,21.276076
3.077744,21.112418
1.363498,21.717231
1.836708,21.902316
1.391086,22.398843
0.000000,21.495474
0.864859,20.916255
0.522977,20.929785
1.750425,21.370807
1.297300,20.897983
0.642812,21.805161
1.037552,22.011165
0.463276,22.437033
0.000000,21.974603
0.477731,21.379811
0.999395,21.377276
20.915339,0.865007
20.896946,1.297517
21.700217,0.000000
20.929059,0.522955
21.831973,0.672287
22.015572,1.090056
21.393869,0.891086
22.436124,0.462946
21.973260,0.000000
21.427817,0.000000
21.337518,0.443211
21.863972,1.835195
