21.914799,-0.000000
21.838516,1.809723
21.614018,3.606717
21.242399,5.379562
20.725243,7.115476
20.066839,8.802716
19.271323,10.429681
18.344172,11.985514
17.292175,13.459177
16.120944,14.841887
14.841215,16.121597
13.458290,17.293062
11.984815,18.345093
10.429613,19.271795
8.802145,20.067098
7.115074,20.725797
5.379146,21.242892
3.606737,21.614533
1.809566,21.839657
-0.000000,21.915991
-0.000000,23.357807
1.929506,23.276853
3.844893,23.038735
5.734090,22.642410
7.584346,22.091300
9.382482,21.389649
11.116818,20.541805
12.775535,19.554098
14.346570,18.432014
15.819125,17.184578
17.184463,15.819040
18.431841,14.346468
19.553737,12.775424
20.541513,11.116599
21.389459,9.382544
22.091106,7.584106
22.642183,5.733686
23.038259,3.844802
23.276470,1.928791
23.356476,0.000000
11.208417,18.810439
11.946744,20.049706
11.190032,19.658161
10.820223,19.041301
11.932363,19.145424
11.418835,19.208119
11.596952,18.578292
13.561881,18.994772
11.727114,19.629277
12.361990,19.801887
12.772683,18.670870
12.252063,18.718164
12.483760,19.153617
12.155604,19.470190
11.531847,20.296661
10.250330,20.967590
12.723160,17.820684
12.355536,18.082956
13.474399,18.097733
12.965417,18.201920
13.091328,17.557724
15.083877,17.809984
13.305655,18.595811
13.955412,18.713649
14.270839,17.552302
13.754906,17.643694
13.168873,19.275346
10.387344,20.142900
9.503596,20.544321
14.151366,16.708615
13.806552,17.001075
14.923684,16.923306
14.424688,17.068798
14.497230,16.416176
16.503015,16.503319
14.795613,17.433604
15.452739,17.497468
15.671830,16.313592
15.165225,16.447338
14.715051,18.121999
14.023097,18.057197
10.921726,20.113005
10.684752,20.755051
10.652205,19.684805
9.816082,21.179579
8.483635,21.742462
9.616753,19.671321
10.023713,19.472672
9.839311,20.103385
9.211066,19.870309
10.036461,20.550522
15.482727,15.483105
15.163568,15.802594
16.268959,15.633029
15.784341,15.819197
15.802704,15.163429
17.809469,15.084212
16.184880,16.151945
16.845066,16.161424
16.965063,14.963989
16.471343,15.138962
16.161122,16.845074
15.467169,16.836841
8.699878,20.961769
9.218494,20.965086
8.934767,21.566269
7.780398,21.253129
8.966129,20.509211
8.301270,21.317057
8.033493,21.917674
16.708336,14.151751
16.416205,14.496954
17.504954,14.236173
17.037104,14.461711
17.001203,13.806404
18.994245,13.562239
17.463180,14.760425
18.122057,14.715449
18.143115,13.512003
17.665432,13.726943
17.497243,15.452824
16.803818,15.502577
7.959405,20.398530
8.380908,20.233500
8.164873,20.843793
7.538609,20.563111
8.526690,20.582924
6.658967,22.368878
17.820022,12.723328
17.557703,13.091420
18.620852,12.742106
18.173079,13.005407
18.083189,12.355494
20.049147,11.947262
18.622574,13.267965
19.275325,13.168824
19.196714,11.967384
18.738509,12.221251
18.713374,13.955514
18.026987,14.061919
6.937148,21.601906
7.456723,21.650865
7.123177,22.230665
5.998104,21.823671
7.247559,21.177562
6.514006,21.928308
6.196094,22.506362
18.809701,11.208437
18.578506,11.597134
19.609044,11.160882
19.184803,11.460159
19.041616,10.820154
20.967138,10.250624
19.654492,11.684670
20.296688,11.531864
20.119339,10.341515
19.683697,10.632101
19.801823,12.362480
19.126763,12.525054
6.247793,20.986391
6.681611,20.856434
5.814708,21.115627
4.788921,22.842633
19.671124,9.616894
19.472703,10.023447
20.463877,9.503617
20.065754,9.836876
19.870018,9.210870
21.742049,8.484213
20.552048,10.021901
21.179603,9.816401
20.904610,8.644875
20.494472,8.970435
20.754849,10.684759
20.095239,10.902964
6.411613,21.447333
6.799603,21.219256
5.129653,22.101924
5.643136,22.193223
5.263030,22.743235
4.175306,22.244658
5.473491,21.704036
4.680695,22.391567
4.316520,22.941383
20.398123,7.959659
20.233905,8.381288
21.178822,7.781346
20.809663,8.146254
20.562790,7.538681
22.368448,6.659666
21.309476,8.290639
21.917825,8.033836
21.547129,6.889129
21.165295,7.247347
21.566305,8.934459
20.927090,9.206353
4.493390,21.430817
4.936279,21.337112
4.051014,21.523566
2.886183,23.159728
20.985920,6.247834
20.856974,6.681794
21.749274,6.005830
21.411397,6.399915
21.115199,5.814747
22.842018,4.789452
21.921284,6.502580
22.506476,6.196376
22.042503,5.086164
21.691747,5.474863
22.230380,7.122869
21.615839,7.446695
4.618895,21.903679
5.023941,21.708267
3.287339,22.450310
3.791301,22.583792
3.366970,23.100403
2.324501,22.513060
3.662490,22.082024
2.816027,22.701539
2.407634,23.219577
21.430244,4.493549
21.337460,4.936606
22.171035,4.188860
21.867085,4.609715
21.522649,4.051155
23.159562,2.886536
22.383420,4.670211
22.941188,4.316615
22.387148,3.248125
22.069417,3.664985
22.742902,5.262619
22.157177,5.636209
2.708605,21.729053
3.157349,21.671911
2.259867,21.784609
0.964530,23.319058
21.728390,2.709019
21.672088,3.157561
22.440375,2.343993
22.173229,2.788002
21.783763,2.260193
23.318848,0.964993
22.692711,2.805984
23.218655,2.407207
22.578786,1.389241
22.297163,1.830202
23.099730,3.366822
22.546818,3.786405
2.794914,22.210714
3.214187,22.048576
1.421598,22.644441
1.913368,22.819103
1.447301,23.299651
0.000000,22.434969
0.904523,21.878730
0.546788,21.892429
1.827280,22.309673
1.356709,21.859284
0.669891,22.731736
1.081091,22.928146
0.481552,23.339074
0.000000,22.894571
0.499480,22.323880
1.043411,22.319856
21.877839,0.904780
21.858133,1.357082
22.631058,0.000000
21.891904,0.546738
22.757674,0.700848
22.932068,1.135768
22.336123,0.930377
23.338195,0.480916
22.892920,0.000000
22.370361,0.000000
22.283467,0.463575
22.782357,1.912105
