26.926564,-0.000000
26.830999,2.223564
26.555061,4.430881
26.098060,6.609630
25.462512,8.742524
24.653670,10.815483
23.676232,12.814380
22.536964,14.725821
21.244399,16.536389
19.805638,18.235054
18.233381,19.807186
16.533932,21.246582
14.723865,22.539115
12.814433,23.677019
10.813886,24.654081
8.741413,25.463453
6.608409,26.098591
4.431202,26.555372
2.223443,26.832634
-0.000000,26.928026
-0.000000,28.113480
2.323596,28.016044
4.628250,27.729810
6.902117,27.252892
9.129224,26.589691
11.293229,25.745178
13.381248,24.724713
15.377638,23.535613
17.268309,22.184950
19.040625,20.683658
20.683801,19.039893
22.184930,17.267692
23.535276,15.376927
24.724351,13.380345
25.744873,11.293313
26.589464,9.128702
27.252880,6.901221
27.729202,4.628703
28.016563,2.322041
28.112171,-0.000000
13.772996,23.114512
14.381496,24.136141
13.605063,23.900062
13.298031,23.396243
14.519904,23.296519
13.937765,23.445812
14.248717,22.829042
16.325798,22.866058
14.208979,23.782975
14.882783,23.835642
15.528362,22.699031
14.949497,22.838651
15.126354,23.207106
14.711191,23.560591
13.880950,24.433926
12.339739,25.241008
15.634065,21.898160
15.184618,22.218601
16.395791,22.020688
15.824730,22.217153
16.085288,21.575554
18.158053,21.439907
16.121625,22.530409
16.801257,22.526135
17.350143,21.338946
16.782629,21.527349
15.851516,23.204532
12.621508,24.474134
11.552321,24.971430
17.388896,20.531395
16.967677,20.889221
18.158491,20.591632
17.605749,20.833968
17.813397,20.173111
19.866411,19.866693
17.927051,21.122470
18.603757,21.062134
19.053398,19.833438
18.503567,20.067781
17.712140,21.816560
16.990663,21.878688
13.228783,24.361845
12.864910,24.983796
12.995399,24.014534
11.814829,25.496643
10.212624,26.173857
11.817089,24.171591
12.316511,23.928598
12.003640,24.524688
11.321288,24.416227
12.159704,24.897472
19.024876,19.025700
18.634755,19.416690
19.795626,19.021954
19.265416,19.308883
19.417330,18.633813
21.438850,18.158617
19.610018,19.569408
20.279676,19.453888
20.625502,18.192645
20.097140,18.471486
19.453257,20.279725
18.740357,20.400167
10.565962,25.457490
11.163161,25.387974
10.758929,25.959881
9.458089,25.834308
10.937199,25.019688
10.057233,25.824017
9.668673,26.384835
20.530841,17.389875
20.173748,17.812219
21.299261,17.322337
20.794456,17.652067
20.890018,16.966494
22.865098,16.326495
21.158769,17.883515
21.816848,17.713033
22.057702,16.427365
21.553941,16.748545
21.061905,18.603990
20.359830,18.783696
9.780695,25.065570
10.296776,24.862306
9.960871,25.426929
9.265936,25.267491
10.417996,25.147945
8.015490,26.927898
21.896774,15.634491
21.576211,16.085181
22.657024,15.504457
22.180819,15.874534
22.219760,15.184030
24.134927,14.382717
22.563301,16.075357
23.204829,15.851233
23.338608,14.549784
22.863247,14.911480
22.525889,16.801664
21.841673,17.038191
8.426131,26.237479
9.029529,26.219865
8.578079,26.760080
7.291329,26.527560
8.840947,25.835136
7.892311,26.564787
7.456977,27.093069
23.112984,13.773006
22.830403,14.249120
23.859543,13.580803
23.415842,13.988535
23.397587,13.297702
25.240168,12.340215
23.813612,14.157136
24.434297,13.880821
24.460328,12.573166
24.016632,12.972551
23.836200,14.884232
23.174226,15.176263
7.677536,25.787803
8.209138,25.627236
7.147572,25.946558
5.764047,27.498183
24.171641,11.817367
23.929019,12.315570
24.899634,11.564246
24.491276,12.007287
24.415405,11.320355
26.173109,10.213888
24.901141,12.142542
25.497043,11.815565
25.415087,10.510485
25.005818,10.945015
24.983862,12.864795
24.347813,13.211097
7.822342,26.163577
8.307087,25.923974
6.230634,26.844643
6.832945,26.876379
6.338919,27.377270
5.075656,27.039414
6.676678,26.477081
5.671251,27.125861
5.194574,27.616550
25.065029,9.781002
24.864159,10.297607
25.769442,9.468642
25.399387,9.943768
25.266831,9.265826
26.927172,8.017570
25.818883,10.045011
26.385606,9.669614
26.196112,8.375951
25.824352,8.842493
25.960802,10.757838
25.355679,11.155398
5.521654,26.333961
6.064405,26.217721
4.980180,26.447863
3.472956,27.879484
25.787200,7.677115
25.629682,8.209507
26.463806,7.308414
26.133675,7.811989
25.945865,7.147412
27.497277,5.765695
26.560010,7.878498
27.093961,7.457782
26.798175,6.183734
26.466676,6.679865
26.760344,8.576892
26.190328,9.023405
5.635329,26.720062
6.137827,26.521495
3.992839,27.267391
4.589994,27.349211
4.056604,27.807691
2.825554,27.365374
4.467734,26.938358
3.412495,27.501270
2.897433,27.951864
26.333454,5.521736
26.219842,6.065039
26.976711,5.097082
26.690435,5.626630
26.446030,4.980473
27.880325,3.474583
27.120031,5.658718
27.617017,5.194687
27.218014,3.948885
26.927280,4.472065
27.377607,6.337606
26.846360,6.829429
3.328971,26.700711
3.878268,26.628949
2.779281,26.767887
1.161109,28.070941
26.700211,3.329878
26.630948,3.878606
27.304308,2.852655
27.064831,3.402989
26.767192,2.779946
28.072581,1.162762
27.495326,3.400569
27.950720,2.896148
27.449837,1.689511
27.205675,2.233635
27.807453,4.056084
27.318057,4.587704
3.409935,27.095239
3.926606,26.937022
1.726876,27.504138
2.316056,27.634409
1.743802,28.048540
0.000000,27.347754
1.111482,26.884300
0.671614,26.899840
2.229307,27.216458
1.665341,26.859801
0.811776,27.590153
1.309847,27.745777
0.577583,28.095176
0.000000,27.726202
0.612930,27.255020
1.273125,27.244278
26.883868,1.112154
26.858458,1.666409
27.508507,0.000000
26.900359,0.671497
27.612818,0.850485
27.748074,1.376203
27.259813,1.135165
28.094655,0.575535
27.724005,0.000000
27.295614,0.000000
27.222749,0.569701
27.604289,2.316037
