26.419614,-0.000000
26.325900,2.181683
26.055159,4.347479
25.606778,6.485164
24.983202,8.577890
24.189581,10.611828
23.230547,12.573092
22.112736,14.448550
20.844508,16.225034
19.432812,17.891737
17.890152,19.434283
16.222722,20.846575
14.446709,22.114782
12.573135,23.231308
10.610335,24.189962
8.576857,24.984103
6.484034,25.607295
4.347787,26.055466
2.181554,26.327476
0.000000,26.421043
0.000000,27.628356
2.283417,27.532519
4.548371,27.251207
6.782982,26.782514
8.971637,26.130753
11.098304,25.300819
13.150243,24.297974
15.112168,23.129428
16.970235,21.802076
18.711970,20.326680
20.326798,18.711298
21.802046,16.969659
23.129083,15.111512
24.297626,13.149391
25.300548,11.098368
26.130553,8.971112
26.782505,6.782100
27.250647,4.548736
27.532983,2.281905
27.627017,0.000000
13.513519,22.679072
14.133102,23.719266
13.359686,23.469042
13.047335,22.955636
14.257077,22.874888
13.682231,23.015940
13.980460,22.398954
16.043825,22.471137
13.956463,23.360353
14.625603,23.424141
15.248349,22.289717
14.675796,22.420567
14.857462,22.794660
14.451045,23.144190
13.641335,24.011840
12.126577,24.805063
15.339551,21.485629
14.898372,21.800189
16.099049,21.622208
15.534653,21.809836
15.782409,21.169037
17.844432,21.069605
15.835115,22.130073
16.510933,22.137208
17.037262,20.954162
16.475413,21.133279
15.577877,22.803673
12.394445,24.033916
11.344140,24.521529
17.061335,20.144613
16.647839,20.495855
17.829909,20.219013
17.283025,20.452005
17.477934,19.792985
19.523287,19.523585
17.608443,20.747142
18.282302,20.698493
18.709800,19.475774
18.164832,19.700427
17.406402,21.439629
16.688692,21.489843
12.993982,23.929470
12.642493,24.552406
12.757609,23.575200
11.610943,25.056216
10.036208,25.721794
11.594459,23.716286
12.084591,23.477748
11.784012,24.076082
11.107780,23.956312
11.943661,24.455182
18.666495,18.667278
18.283554,19.051052
19.437395,18.677726
18.912267,18.954866
19.051667,18.282678
21.068596,17.844981
19.261528,19.221694
19.929298,19.118016
20.253568,17.864571
19.729241,18.133343
19.117425,19.929311
18.407293,20.037592
10.376257,25.000505
10.965233,24.937819
10.572843,25.511670
9.287602,25.368767
10.737183,24.561989
9.878566,25.365432
9.501875,25.929092
20.144096,17.062250
19.793576,17.476821
20.913851,17.008855
20.413278,17.328413
20.496611,16.646756
22.470210,16.044500
20.782763,17.565748
21.439924,17.407250
21.659943,16.131120
21.159387,16.441945
20.698268,18.282499
19.997989,18.449834
9.596398,24.593389
10.102976,24.393969
9.778625,24.961883
9.091164,24.791544
10.226221,24.685014
7.877075,26.462808
21.484307,15.339941
21.169637,15.782314
22.247044,15.223872
21.774242,15.583462
21.801288,14.897832
23.718119,14.134265
22.162356,15.789709
22.803965,15.577600
22.917758,14.287373
22.444725,14.638500
22.136964,16.511290
21.453514,16.735346
8.274769,25.766289
8.869441,25.754858
8.429649,26.298027
7.159914,26.049546
8.679261,25.362521
7.752073,26.093021
7.328353,26.625131
22.677605,13.513521
22.400223,13.980833
23.427799,13.335002
22.986618,13.732033
22.956920,13.047015
24.804260,12.127047
23.390451,13.905566
24.012210,13.641209
24.019251,12.346397
23.576992,12.735063
23.424642,14.626956
22.762381,14.906493
7.532857,25.302029
8.054632,25.144527
7.012708,25.457799
5.664539,27.023237
23.716309,11.594719
23.478162,12.083697
24.449077,11.354942
24.042325,11.787099
23.955575,11.106911
25.721084,10.037434
24.458652,11.926770
25.056612,11.611640
24.956784,10.320909
24.548076,10.744651
24.552453,12.642377
23.915105,12.976241
7.679185,25.685034
8.154232,25.446853
6.118705,26.362560
6.711836,26.399741
6.229150,26.904542
4.984163,26.552163
6.554585,25.992739
5.570473,26.644133
5.105007,27.139586
24.592859,9.596709
24.395705,10.103764
25.303151,9.297264
24.933781,9.761403
24.790945,9.091069
26.462123,7.879036
25.360084,9.866506
25.929838,9.502758
25.723737,8.224869
25.351620,8.680624
25.512508,10.571806
24.905066,10.957078
5.417597,25.837894
5.950296,25.723895
4.886152,25.949652
3.413082,27.397966
25.301443,7.532491
25.146813,8.054977
25.984927,7.176106
25.654626,7.668731
25.457153,7.012558
27.022371,5.666093
26.088051,7.738495
26.625980,7.329116
26.314951,6.072192
25.982193,6.557589
26.298227,8.428544
25.724866,8.862966
5.532185,26.231352
6.024882,26.033364
3.921119,26.777735
4.508693,26.864203
3.986221,27.327499
2.774623,26.872260
4.386017,26.445573
3.351811,27.012871
2.847474,27.469090
25.837384,5.417695
25.725872,5.950910
26.488575,5.004831
26.201136,5.523456
25.947925,4.886422
27.398746,3.414572
26.638105,5.558144
27.140015,5.105137
26.727161,3.877680
26.434384,4.390170
26.904811,6.227918
26.369227,6.708014
3.266194,26.197706
3.805361,26.127391
2.726714,26.263696
1.141060,27.586155
26.197211,3.267064
26.129243,3.805687
26.810232,2.800987
26.568631,3.340579
26.262990,2.727354
27.587642,1.142602
27.006697,3.340071
27.467978,2.846278
26.954890,1.658989
26.707660,2.192689
27.327207,3.985756
26.832578,4.506150
3.347516,26.599624
3.854362,26.441257
1.695803,27.010164
2.275069,27.144319
1.713538,27.564104
0.000000,26.849066
1.090508,26.377878
0.658930,26.393171
2.188490,26.718567
1.634155,26.353834
0.797354,27.096180
1.286566,27.255355
0.567797,27.609954
0.000000,27.234453
0.601435,26.754821
1.249836,26.744708
26.377408,1.091148
26.352513,1.635150
27.012830,0.000000
26.393614,0.658819
27.119128,0.835280
27.257794,1.351723
26.760290,1.114417
27.609412,0.565882
27.232285,0.000000
26.795902,0.000000
26.721855,0.558953
27.113653,2.274924
