24.979152,-0.000000
24.890794,2.062713
24.634832,4.110546
24.210964,6.131555
23.621411,8.110159
22.871036,10.033229
21.964295,11.887573
20.907450,13.660803
19.708370,15.340446
18.373575,16.916334
16.915007,18.374821
15.338551,19.710105
13.659296,20.909193
11.887578,21.964995
10.032026,22.871370
8.109338,23.622224
6.130670,24.211479
4.110789,24.635185
2.062560,24.892246
0.000000,24.980527
-0.000000,26.254406
2.169599,26.163181
4.322101,25.895791
6.445547,25.450388
8.525312,24.831023
10.546243,24.042373
12.495998,23.089417
14.360331,21.979073
16.126052,20.717746
17.781178,19.315691
19.315725,17.780695
20.717665,16.125614
21.978694,14.359847
23.089084,12.495319
24.042152,10.546276
24.830849,8.524816
25.450337,6.444749
25.895305,4.322253
26.163419,2.168253
26.252977,0.000000
12.776310,21.441901
13.429626,22.538624
12.663652,22.246466
12.335067,21.703813
13.511464,21.678763
12.956954,21.795833
13.218255,21.177040
15.245248,21.352662
13.240562,22.162214
13.897253,22.258720
14.454095,21.128719
13.899022,21.234027
14.095159,21.625390
13.713650,21.963929
12.962678,22.816470
11.522884,23.570410
14.502791,20.313567
14.085108,20.611413
15.257224,20.491780
14.711348,20.653756
14.921834,20.014081
16.956219,20.020860
15.022840,20.995118
15.688695,21.035715
16.149760,19.862751
15.603519,20.014906
14.802853,21.668416
11.750429,22.785383
10.753640,23.245465
16.130684,19.045725
15.739129,19.378230
16.897766,19.161951
16.367063,19.367898
16.524766,18.713015
18.551513,18.551853
16.705167,19.683078
17.371892,19.668605
17.735171,18.461276
17.203487,18.657866
16.540493,20.372143
15.832622,20.387481
12.328382,22.703759
12.012581,23.330656
12.082789,22.328375
11.033490,23.808903
9.536609,24.441495
10.961945,22.422695
11.425605,22.196849
11.160718,22.802921
10.501172,22.649613
11.331179,23.201290
17.648279,17.648947
17.285730,18.012205
18.421143,17.701195
17.909938,17.950078
18.012698,17.285074
20.019980,16.956726
18.273533,18.235919
18.936965,18.166773
19.198564,16.934002
18.685123,17.173685
18.166276,18.936922
17.463069,19.009705
9.838255,23.704469
10.404169,23.661779
10.045804,24.242283
8.804030,24.048325
10.169548,23.263075
9.372040,24.065356
9.029460,24.638404
19.045291,16.131427
18.713440,16.523881
19.820485,16.119553
19.331398,16.409806
19.378821,15.738351
21.351826,15.245855
19.716757,16.664876
20.372413,16.541215
20.531686,15.290839
20.039618,15.571814
19.668376,17.372019
18.972180,17.503348
9.072813,23.251855
9.552313,23.063383
9.261412,23.642083
8.594616,23.439295
9.681815,23.370917
7.485096,25.145621
20.312419,14.503094
20.014487,14.921796
21.083980,14.427886
20.620269,14.757336
20.612284,14.084726
22.537649,13.430618
21.025640,14.979898
21.668646,14.802622
21.723996,13.543061
21.256933,13.863787
21.035456,15.688936
20.353088,15.876794
7.845501,24.429954
8.415649,24.436699
8.009276,24.989427
6.787162,24.693728
8.220400,24.021267
7.354492,24.755582
6.964068,25.299904
21.440612,12.776301
21.177999,13.218559
22.202986,12.637690
21.768361,13.004026
21.704854,12.334800
23.569696,11.523328
22.190749,13.192367
22.816778,12.962577
22.768113,11.703180
22.329260,12.061077
22.259033,13.898335
21.594809,14.141708
7.121832,23.921871
7.615607,23.773110
6.629546,24.069155
5.382752,25.678146
22.422625,10.962160
22.197183,11.424875
23.170889,10.761167
22.768074,11.162161
22.649060,10.500501
24.440865,9.537694
23.204153,11.315057
23.809225,11.034076
23.656789,9.783191
23.248967,10.176024
23.330617,12.012482
22.688378,12.310428
7.272913,24.326921
7.720305,24.092501
5.801280,24.995333
6.368540,25.048626
5.918276,25.565711
4.724649,25.170149
6.208092,24.618213
5.284753,25.278462
4.851332,25.788797
23.251337,9.073130
23.064730,9.552983
23.980329,8.811074
23.612255,9.243822
23.438816,8.594570
25.145020,7.486698
24.059345,9.360446
24.639011,9.030178
24.383822,7.796331
24.009968,8.221254
24.242854,10.044958
23.627572,10.394846
5.121982,24.428495
5.626059,24.320903
4.619019,24.534161
3.243528,26.034291
23.921306,7.121615
23.774884,7.615890
24.626392,6.800759
24.294938,7.262140
24.068597,6.629437
25.677356,5.384020
24.750003,7.341593
25.300567,6.964700
24.944272,5.755823
24.607184,6.210579
24.989427,8.008415
24.405278,8.408131
5.239465,24.844391
5.704253,24.647764
3.717716,25.389049
4.278239,25.489358
3.786917,25.967518
2.630172,25.473630
4.154117,25.047078
3.179764,25.628304
2.705975,26.101828
24.427946,5.122118
24.322405,5.626604
25.103779,4.743120
24.812351,5.230636
24.532696,4.619233
26.034823,3.244638
25.271805,5.273010
25.789059,4.851492
25.334829,3.675705
25.035496,4.157757
25.565759,5.917289
25.016553,6.363808
3.087849,24.768605
3.598183,24.702430
2.577373,24.831230
1.084272,26.213220
24.768068,3.088600
24.703796,3.598479
25.408606,2.654408
25.160235,3.163472
24.830460,2.577934
26.214194,1.085488
25.621380,3.168557
26.100767,2.705029
25.550954,1.572428
25.294219,2.076497
25.967057,3.786586
25.456239,4.274970
3.170383,25.193061
3.649283,25.033997
1.607720,25.609220
2.158885,25.755074
1.627848,26.192105
0.000000,25.434016
1.030953,24.939054
0.622948,24.953711
2.072678,25.305567
1.545497,24.916358
0.756454,25.695380
1.220564,25.865278
0.540077,26.235783
0.000000,25.840512
0.568790,25.335095
1.183721,25.326820
24.938432,1.031491
24.915062,1.546294
25.606915,0.000000
24.953872,0.622852
25.719149,0.792151
25.868109,1.282331
25.342528,1.055501
26.235134,0.538551
25.838414,0.000000
25.377652,0.000000
25.299982,0.528425
25.722689,2.158386
