21.521975,0.000000
21.447334,1.777297
21.226863,3.542150
20.861950,5.283190
20.354075,6.988003
19.707457,8.645017
18.926197,10.242847
18.015675,11.770823
16.982534,13.218087
15.832267,14.576035
14.575457,15.832834
13.217341,16.983297
11.770235,18.016472
10.242767,18.926631
8.644530,19.707716
6.987654,20.354592
5.282833,20.862443
3.542140,21.227405
1.777150,21.448422
-0.000000,21.523122
-0.000000,22.989570
1.898966,22.909996
3.784210,22.675594
5.643643,22.285505
7.464728,21.743066
9.234557,21.052467
10.941505,20.217977
12.574099,19.245854
14.120387,18.141482
15.569737,16.913701
16.913569,15.569703
18.141297,14.120332
19.245507,12.574036
20.217690,10.941352
21.052267,9.234627
21.742853,7.464540
22.285240,5.643311
22.675099,3.784113
22.909525,1.898367
22.988299,-0.000000
11.007470,18.473156
11.758255,19.733320
11.001969,19.327850
10.626080,18.700048
11.730775,18.822007
11.222233,18.877335
11.389138,18.245230
13.347907,18.695042
11.534231,19.306460
12.166850,19.489579
12.558120,18.357220
12.041591,18.396644
12.278410,18.838611
11.957139,19.152531
11.349945,19.976365
10.088574,20.636719
12.495080,17.501175
12.133886,17.758884
13.246813,17.792122
12.742263,17.888519
12.856707,17.242913
14.845884,17.528944
13.086807,18.290037
13.735092,18.418474
14.031064,17.257478
13.518671,17.340678
12.961149,18.971165
10.213438,19.805765
9.344085,20.199657
13.897695,16.409092
13.558886,16.696396
14.671686,16.637537
14.176436,16.774936
14.237344,16.121817
16.242629,16.242914
14.552253,17.146924
15.208795,17.221479
15.408524,16.039532
14.904757,16.164850
14.483006,17.835997
13.792512,17.760234
10.742504,19.782875
10.515972,20.427638
10.469409,19.346975
9.661318,20.845357
8.349809,21.399364
9.444351,19.318681
9.844004,19.123538
9.670461,19.758393
9.045727,19.514085
9.871468,20.212693
15.205186,15.205526
14.891593,15.519387
15.994227,15.369015
15.512661,15.546836
15.519437,14.891523
17.528486,14.846187
15.918695,15.886354
16.579158,15.906509
16.680044,14.712599
16.188442,14.878945
15.906232,16.579192
15.212830,16.559939
8.554678,20.611890
9.067436,20.621509
8.793542,21.226096
7.649784,20.896454
8.812353,20.157305
8.164811,20.966813
7.906881,21.571842
16.408826,13.898036
16.121793,14.237158
17.209368,13.995754
16.743862,14.212715
16.696453,13.558811
18.694567,13.348223
17.175975,14.517718
17.836009,14.483356
17.838307,13.285013
17.362031,13.491190
17.221256,15.208888
16.527501,15.247608
7.816724,20.032826
8.230751,19.870818
8.024756,20.486199
7.403278,20.194471
8.378971,20.226429
6.553973,22.015910
17.500588,12.495240
17.242839,12.856814
18.306423,12.526909
17.860294,12.781489
17.759021,12.133886
19.732818,11.758699
18.316316,13.049794
18.971100,12.961133
18.874197,11.766317
18.416671,12.011356
18.418202,13.735191
17.730566,13.830640
6.821281,21.241134
7.334561,21.295916
7.010553,21.879965
5.897422,21.457449
7.123243,20.814166
6.406893,21.568004
6.098469,22.151277
18.472506,11.007506
18.245343,11.389307
19.277907,10.972358
18.854578,11.262830
18.700249,10.626047
20.636303,10.088837
19.331251,11.492523
19.976339,11.349983
19.781310,10.167754
19.345602,10.449492
19.489471,12.167264
18.812250,12.319035
6.135787,20.610158
6.561879,20.482637
5.710290,20.737086
4.713457,22.482201
19.318469,9.444487
19.123515,9.843811
20.118299,9.343079
19.720343,9.667482
19.513806,9.045598
21.398976,8.350297
20.214037,9.857094
20.845326,9.661598
20.553389,8.499617
20.142454,8.816372
20.427419,10.515999
19.764775,10.723598
6.301560,21.079344
6.681867,20.851882
5.043991,21.732817
5.550726,21.829422
5.179754,22.384440
4.105214,21.871365
5.379619,21.331645
4.603708,22.023672
4.248530,22.579453
20.032436,7.816960
19.871086,8.231087
20.821186,7.649889
20.451435,8.005971
20.194154,7.403365
22.015494,6.554541
20.959004,8.154297
21.571910,7.907172
21.185123,6.773361
20.801758,7.122893
21.226064,8.793314
20.582940,9.054893
4.412841,21.046611
4.847857,20.954720
3.978238,21.137715
2.840767,22.794343
20.609698,6.135852
20.482998,6.562051
21.381992,5.904355
21.042821,6.289708
20.736661,5.710349
22.481605,4.713880
21.560769,6.395656
22.151296,6.098698
21.672202,5.000718
21.319164,5.380846
21.879656,7.010317
21.260357,7.324176
4.539602,21.527883
4.936945,21.332428
3.232450,22.075428
3.729274,22.213599
3.313611,22.735927
2.285515,22.135301
3.599669,21.703125
2.769668,22.328568
2.369702,22.853202
21.046038,4.412995
20.954900,4.848146
21.796652,4.118107
21.490622,4.530353
21.136863,3.978373
22.794070,2.841030
22.015312,4.593387
22.579186,4.248603
22.010983,3.193563
21.690363,3.602010
22.384068,5.179421
21.792787,5.543486
2.660007,21.339482
3.100829,21.283527
2.219193,21.394145
0.949304,22.951164
21.338800,2.660364
21.283533,3.101024
22.061488,2.304373
21.791416,2.740021
21.393304,2.219477
22.950807,0.949667
22.319462,2.759778
22.852306,2.369345
22.199511,1.365868
21.914146,1.798732
22.735243,3.313481
22.176048,3.724157
2.746947,21.829586
3.158554,21.666865
1.397891,22.266218
1.882089,22.445037
1.424355,22.931949
0.000000,22.051840
0.888351,21.486480
0.537074,21.500102
1.795937,21.926822
1.332498,21.467501
0.658846,22.353754
1.063325,22.553992
0.474096,22.970864
0.000000,22.519215
0.490613,21.938936
1.025465,21.935506
21.485575,0.888565
21.466393,1.332810
22.251365,0.000000
21.499494,0.537035
22.380034,0.689198
22.558102,1.117113
21.951896,0.914361
22.969970,0.473582
22.517677,0.000000
21.986019,0.000000
21.897770,0.455274
22.407656,1.880725
