26.125703,-0.000000
26.033069,2.157406
25.765342,4.299132
25.321961,6.413011
24.705326,8.482450
23.920530,10.493767
22.972167,12.433215
21.866795,14.287814
20.612677,16.044538
19.216673,17.692712
17.691172,19.218107
16.042304,20.614687
14.286034,21.868792
12.433247,22.972927
10.492331,23.920912
8.481460,24.706222
6.411931,25.322489
4.299428,25.765670
2.157271,26.034633
0.000000,26.127134
0.000000,27.347478
2.260152,27.252574
4.502118,26.974110
6.714000,26.510178
8.880393,25.865041
10.985441,25.043547
13.016489,24.050902
14.958460,22.894255
16.797648,21.580399
18.521676,20.119996
20.120091,18.521048
21.580352,16.797103
22.893893,14.957842
24.050548,13.015673
25.043277,10.985497
25.864836,8.879870
26.510150,6.713131
26.973556,4.502435
27.252983,2.258668
27.346103,0.000000
13.363092,22.426641
13.989281,23.477903
13.217523,23.219338
12.901998,22.700212
14.104797,22.630608
13.534149,22.766837
13.824939,22.149631
15.880561,22.242483
13.810195,23.115564
14.476696,23.185890
15.086121,22.052588
14.517191,22.178304
14.701710,22.555766
14.300368,22.903023
13.502594,23.767463
12.003156,24.552659
15.168811,21.246481
14.732426,21.557631
15.927119,21.391342
15.366554,21.573803
15.606815,20.933376
17.662844,20.855206
15.669156,21.898192
16.342834,21.912025
16.855990,20.731244
16.297385,20.904931
15.419435,22.571584
12.262898,23.778894
11.223529,24.260892
16.871437,19.920393
16.462417,20.267815
17.639533,20.003130
17.096007,20.230665
17.283448,19.572623
19.324615,19.324929
17.423891,20.529744
18.096176,20.487949
18.510731,19.268567
17.968540,19.487559
17.229377,21.221394
16.513780,21.264618
12.857981,23.679038
12.513713,24.302639
12.619818,23.320625
11.492890,24.801220
9.934065,25.460059
11.465394,23.452342
11.950134,23.216389
11.656743,23.816134
10.984003,23.689695
11.818521,24.199002
18.458729,18.459496
18.079949,18.839086
19.229840,18.478291
18.707615,18.749720
18.839673,18.079122
20.854215,17.663390
19.059666,19.020292
19.726425,18.923550
20.038082,17.674505
19.516048,17.937401
18.922973,19.726428
18.214370,19.827583
10.266357,24.735774
10.850591,24.677095
10.465096,25.252165
9.188831,25.099069
10.621279,24.296776
9.775075,25.099814
9.405296,25.665229
19.919886,16.872322
19.573175,17.282384
20.690547,16.827234
20.192384,17.140861
20.268533,16.461401
22.241564,15.881228
20.564963,17.381691
21.221680,17.230204
21.429494,15.959495
20.930747,16.264282
20.487717,18.096362
19.788397,18.256456
9.489558,24.319663
9.990620,24.122473
9.673018,24.692409
8.989844,24.515633
10.115080,24.416742
7.796935,26.193531
21.245184,15.169186
20.933930,15.606736
22.009504,15.061309
21.538629,15.414791
21.558679,14.731921
23.476781,13.990414
21.930108,15.624256
22.571859,15.419169
22.673930,14.135349
22.202196,14.480319
21.911771,16.343169
21.228676,16.559933
8.187083,25.493328
8.776717,25.485531
8.343707,26.030508
7.083778,25.772622
8.585568,25.088665
7.670842,25.819770
7.253880,26.354207
22.425197,13.363094
22.150830,13.825300
23.177648,13.192591
22.737879,13.583396
22.701444,12.901689
24.551863,12.003625
23.145334,13.759852
23.767814,13.502474
23.763704,12.215021
23.322224,12.597448
23.186344,14.477997
22.523823,14.750238
7.448985,25.020422
7.965056,24.864699
6.934524,25.174461
5.606926,26.748254
23.452334,11.465647
23.216780,11.949273
24.188026,11.233677
23.782153,11.659505
23.688987,10.983175
25.459353,9.935268
24.202339,11.801790
24.801594,11.493567
24.691258,10.211081
24.282817,10.628547
24.302660,12.513601
23.664461,12.840207
7.596230,25.407740
8.065646,25.170360
6.053864,26.083289
6.641689,26.123680
6.165594,26.630843
4.931157,26.269889
6.483836,25.712088
5.512098,26.365113
5.053146,26.863437
24.319122,9.489874
24.124121,9.991386
25.032982,9.197971
24.663957,9.655727
24.515049,8.989760
26.192852,7.798827
25.094324,9.763112
25.665939,9.406148
25.450056,8.137341
25.077674,8.586828
25.252937,10.464097
24.644049,10.842206
5.357275,25.550321
5.884140,25.437624
4.831642,25.660836
3.378417,27.119182
25.019827,7.448652
24.866872,7.965389
25.707464,7.099449
25.377010,7.585716
25.173822,6.934381
26.747391,5.608425
25.814667,7.657403
26.355010,7.254619
26.034986,6.007572
25.701437,6.486736
26.030653,8.342652
25.455248,8.770036
5.472416,25.948166
5.959426,25.750491
3.879569,26.494080
4.461603,26.583293
3.945472,27.049477
2.745117,26.586591
4.338666,26.160030
3.316661,26.729989
2.818547,27.189575
25.549789,5.357382
25.439495,5.884743
26.205749,4.951382
25.917581,5.463669
25.659150,4.831900
27.119903,3.379828
26.358948,5.499889
26.863821,5.053286
26.442775,3.836427
26.148752,4.342716
26.631053,6.164412
26.092849,6.637687
3.229802,25.906112
3.763091,25.836637
2.696239,25.971414
1.129451,27.305479
25.905597,3.230649
25.838381,3.763412
26.523966,2.771052
26.281075,3.304416
25.970682,2.696865
27.306851,1.130928
26.723656,3.305029
27.188460,2.817403
26.668132,1.641307
26.419060,2.168963
27.049135,3.945037
26.551365,4.458914
3.311347,26.312438
3.812494,26.153962
1.677805,26.724006
2.251329,26.860467
1.696017,27.283625
0.000000,26.560118
1.078351,26.084302
0.651581,26.099457
2.164839,26.430064
1.616071,26.060526
0.789000,26.810034
1.273081,26.971319
0.562131,27.329024
0.000000,26.949641
0.594772,26.464966
1.236339,26.455223
26.083788,1.078972
26.059196,1.617025
26.725656,0.000000
26.099833,0.651473
26.833129,0.826471
26.973821,1.337544
26.470813,1.102392
27.328449,0.560294
26.947470,0.000000
26.506319,0.000000
26.431565,0.552723
26.829452,2.251112
