26.930469,-0.000000
26.834889,2.223887
26.558911,4.431523
26.101844,6.610588
25.466204,8.743792
24.657245,10.817050
23.679665,12.816237
22.540232,14.727955
21.247479,16.538785
19.808509,18.237696
18.236024,19.810056
16.536329,21.249661
14.725999,22.542381
12.816291,23.680449
10.815453,24.657652
8.742680,25.467142
6.609367,26.102372
4.431845,26.559219
2.223766,26.836521
0.000000,26.931927
-0.000000,28.117216
2.323906,28.019768
4.628866,27.733496
6.903035,27.256515
9.130438,26.593226
11.294731,25.748600
13.383028,24.728000
15.379684,23.538742
17.270606,22.187899
19.043158,20.686408
20.686552,19.042424
22.187882,17.269988
23.538407,15.378971
24.727640,13.382124
25.748298,11.294815
26.593002,9.129916
27.256506,6.902139
27.732891,4.629319
28.020291,2.322350
28.115911,-0.000000
13.774994,23.117863
14.383411,24.139352
13.606954,23.903380
13.299961,23.399633
14.521929,23.299765
13.939734,23.449121
14.250783,22.832352
16.327971,22.869100
14.210924,23.786229
14.884765,23.838811
15.530520,22.702182
14.951605,22.841870
15.128426,23.210282
14.713195,23.563797
13.882797,24.437177
12.341382,25.244365
15.636333,21.901335
15.186823,22.221821
16.398077,22.023756
15.826964,22.220289
16.087621,21.578683
18.160470,21.442759
16.123833,22.533491
16.803495,22.529131
17.352553,21.341908
16.784996,21.530383
15.853625,23.207620
12.623258,24.477523
11.553924,24.974894
17.391418,20.534371
16.970140,20.892248
18.161022,20.594501
17.608235,20.836909
17.815980,20.176037
19.869056,19.869336
17.929506,21.125360
18.606235,21.064935
19.056046,19.836192
18.506177,20.070609
17.714497,21.819464
16.992989,21.881683
13.230592,24.365174
12.866624,24.987119
12.997231,24.017916
11.816400,25.500035
10.213984,26.177338
11.818803,24.175095
12.318297,23.932068
12.005331,24.528141
11.322933,24.419766
12.161368,24.900877
19.027637,19.028459
18.637460,19.419504
19.798386,19.024604
19.268137,19.311608
19.420146,18.636516
21.441704,18.161033
19.612703,19.572086
20.282376,19.456475
20.628367,18.195172
20.099974,18.474090
19.455845,20.282424
18.742923,20.402959
10.567423,25.461008
11.164686,25.391440
10.760363,25.963333
9.459403,25.837892
10.938740,25.023212
10.058609,25.827548
9.669959,26.388345
20.533819,17.392397
20.176676,17.814800
21.302231,17.324751
20.797393,17.654558
20.893048,16.968955
22.868141,16.328667
21.161666,17.885963
21.819753,17.715388
22.060766,16.429646
21.556981,16.750905
21.064708,18.606467
20.362618,18.786267
9.782114,25.069204
10.298269,24.865910
9.962274,25.430509
9.267282,25.271154
10.419473,25.151509
8.016557,26.931480
21.899951,15.636758
21.579342,16.087512
22.660183,15.506618
22.183952,15.876775
22.222983,15.186232
24.138140,14.384631
22.566391,16.077556
23.207919,15.853341
23.341851,14.551805
22.866471,14.913582
22.528887,16.803901
21.844665,17.040523
8.427297,26.241107
9.030763,26.223446
8.579222,26.763638
7.292341,26.531240
8.842193,25.838774
7.893392,26.568419
7.457968,27.096673
23.116337,13.775003
22.833716,14.251185
23.862870,13.582696
23.419148,13.990510
23.400981,13.299631
25.243528,12.341857
23.816873,14.159074
24.437550,13.882667
24.463727,12.574912
24.020019,12.974379
23.839372,14.886214
23.177399,15.178340
7.678650,25.791541
8.210328,25.630951
7.148610,25.950319
5.764814,27.501840
24.175148,11.819081
23.932491,12.317355
24.903106,11.565858
24.494735,12.008982
24.418946,11.321998
26.176594,10.215248
24.904551,12.144203
25.500438,11.817136
25.418618,10.511944
25.009345,10.946558
24.987188,12.866508
24.351148,13.212906
7.823444,26.167261
8.308264,25.927647
6.231496,26.848354
6.833878,26.880049
6.339765,27.380910
5.076361,27.043165
6.677619,26.480809
5.672028,27.129570
5.195265,27.620223
25.068666,9.782420
24.867767,10.299099
25.773035,9.469962
25.402974,9.945172
25.270496,9.267171
26.930757,8.018637
25.822418,10.046386
26.389120,9.670900
26.199752,8.377115
25.827994,8.843740
25.964257,10.759271
25.359152,11.156926
5.522455,26.337778
6.065283,26.221521
4.980904,26.451697
3.473417,27.883193
25.790942,7.678229
25.633401,8.210697
26.467496,7.309433
26.137366,7.813093
25.949629,7.148450
27.500938,5.766462
26.563647,7.879576
27.097568,7.458773
26.801899,6.184593
26.470408,6.680807
26.763907,8.578035
26.193915,9.024640
5.636123,26.723824
6.138697,26.525252
3.993391,27.271161
4.590620,27.352946
4.057146,27.811389
2.825946,27.369170
4.468364,26.942151
3.412962,27.505031
2.897818,27.955582
26.337275,5.522537
26.223647,6.065918
26.980472,5.097793
26.694205,5.627425
26.449866,4.981197
27.884037,3.475045
27.123745,5.659493
27.620694,5.195376
27.221796,3.949433
26.931078,4.472696
27.381251,6.338451
26.850037,6.830364
3.329454,26.704582
3.878829,26.632809
2.779686,26.771767
1.161264,28.074674
26.704086,3.330362
26.634813,3.879167
27.308115,2.853053
27.068654,3.403470
26.771075,2.780351
28.076320,1.162917
27.499092,3.401035
27.954441,2.896532
27.453650,1.689746
27.209512,2.233950
27.811155,4.056626
27.321799,4.588332
3.410415,27.099054
3.927162,26.940838
1.727115,27.507941
2.316371,27.638182
1.744035,28.052271
0.000000,27.351593
1.111643,26.888197
0.671712,26.903739
2.229622,27.220290
1.665582,26.863695
0.811887,27.593956
1.310027,27.749553
0.577658,28.098913
0.000000,27.729988
0.613019,27.258870
1.273304,27.248123
26.887769,1.112316
26.862356,1.666649
27.512326,0.000000
26.904262,0.671595
27.616623,0.850602
27.751853,1.376392
27.263661,1.135325
28.098395,0.575609
27.727795,0.000000
27.299464,0.000000
27.226608,0.569784
27.608070,2.316354
