22.071060,-0.000000
21.994130,1.822623
21.768030,3.632404
21.393743,5.417901
20.872895,7.166187
20.209804,8.865453
19.408617,10.504010
18.474852,12.070925
17.415355,13.555091
16.235785,14.947651
14.946938,16.236477
13.554145,17.416296
12.070180,18.475828
10.503943,19.409112
8.864847,20.210074
7.165764,20.873476
5.417462,21.394249
3.632436,21.768546
1.822462,21.995304
-0.000000,22.072279
-0.000000,23.504515
1.941671,23.423018
3.869067,23.183419
5.770123,22.784608
7.632001,22.230043
9.441416,21.523988
11.186662,20.670822
12.855787,19.676906
14.436680,18.547767
15.918481,17.292499
17.292386,15.918379
18.547592,14.436563
19.676533,12.855658
20.670520,11.186417
21.523790,9.441475
22.229844,7.631742
22.784383,5.769693
23.182937,3.868980
23.422657,1.940913
23.503152,0.000000
11.288356,18.944618
12.021837,20.175758
11.264902,19.789669
10.897456,19.177061
12.012614,19.274179
11.497083,19.339776
11.679622,18.710795
13.647127,19.114187
11.803922,19.757831
12.439734,19.926313
12.858104,18.795745
12.335834,18.846139
12.565534,19.279061
12.234642,19.596702
11.604314,20.424271
10.314774,21.099412
12.813894,17.947793
12.443713,18.211880
13.565000,18.219401
13.054234,18.326659
13.184662,17.682965
15.178693,17.921953
13.392802,18.717579
14.043187,18.831250
14.366298,17.669684
13.848932,17.764306
13.251627,19.396536
10.456583,20.277131
9.567102,20.681547
14.252280,16.827775
13.905078,17.122284
15.024003,17.037074
14.523495,17.185762
14.600613,16.533282
16.606751,16.607066
14.892522,17.547769
15.549926,17.607425
15.776656,16.422705
15.268896,16.559778
14.807496,18.235947
14.114921,18.175457
10.993097,20.244476
10.751993,20.885495
10.724963,19.819274
9.877738,21.312737
8.536953,21.879156
9.685336,19.811612
10.095202,19.611568
9.906517,20.240704
9.276840,20.012025
10.102165,20.685056
15.593136,15.593534
15.271763,15.915260
16.378328,15.738136
15.892471,15.927603
15.915388,15.271601
17.921410,15.179043
16.290878,16.257711
16.951002,16.262984
17.078534,15.064076
16.583942,15.242458
16.262668,16.951005
15.568452,16.947113
8.757690,21.101078
9.278651,21.101916
8.991031,21.701798
7.832399,21.395138
9.027336,20.649284
8.355611,21.456536
8.083934,22.055459
16.827483,14.252686
16.533326,14.600306
17.622625,14.331886
17.153816,14.560816
17.122433,13.904904
19.113634,13.647504
17.577547,14.857077
18.236016,14.807915
18.264464,13.602375
17.786190,13.820781
17.607194,15.550011
16.913852,15.604114
8.016167,20.544018
8.440640,20.377787
8.220644,20.986129
7.592446,20.709767
8.585477,20.724807
6.700797,22.509506
17.947095,12.814069
17.682958,13.184752
18.746023,12.827778
18.297569,13.094531
18.212143,12.443657
20.175168,12.022386
18.744528,13.354847
19.396524,13.251568
19.325112,12.047436
18.866604,12.304796
18.830968,14.043293
18.145026,14.154021
6.983280,21.745553
7.505374,21.792223
7.168047,22.370387
6.038189,21.969481
7.297040,21.322208
6.556660,22.071795
6.234988,22.647835
18.943839,11.288374
18.711040,11.679811
19.740865,11.235934
19.316232,11.538700
19.177411,10.897376
21.098936,10.315080
19.783208,11.761186
20.424310,11.604325
20.253911,10.410695
19.818261,10.704784
19.926259,12.440255
19.252005,12.607096
6.292352,21.136068
6.729241,21.005144
5.856248,21.266223
4.818987,22.986235
19.811411,9.685481
19.611611,10.094909
20.601446,9.567527
20.203226,9.904297
20.011717,9.276620
21.878722,8.537565
20.686643,10.087530
21.312772,9.878073
21.044434,8.702707
20.634577,9.031756
20.885292,10.751994
20.226832,10.974392
6.455418,21.593808
6.846459,21.365472
5.163760,22.248890
5.679937,22.338108
5.296208,22.886184
4.203213,22.393284
5.510854,21.852264
4.711352,22.538077
4.343606,23.085584
20.543594,8.016428
20.378235,8.441039
21.321191,7.833679
20.952236,8.202089
20.709431,7.592514
22.509058,6.701547
21.449032,8.344933
22.055630,8.084298
21.691246,6.935219
21.309984,7.296883
21.701850,8.990692
21.064132,9.266668
4.525434,21.583666
4.971453,21.489242
4.079967,21.677071
2.904276,23.305303
21.135581,6.292383
21.005742,6.729428
21.895483,6.046228
21.558088,6.443778
21.265781,5.856280
22.985599,4.819561
22.064840,6.545159
22.647973,6.235290
22.189923,5.120182
21.840037,5.512285
22.370101,7.167711
21.757393,7.495485
4.650456,22.053261
5.058564,21.857853
3.309194,22.599575
3.816003,22.731223
3.388229,23.245615
2.340024,22.663464
3.687494,22.232842
2.834487,22.850070
2.422746,23.365546
21.583081,4.525595
21.489644,4.971795
22.320071,4.217027
22.016915,4.641301
21.676115,4.080111
23.305167,2.904666
22.530000,4.700804
23.085404,4.343709
22.536902,3.269848
22.220283,3.690051
22.885855,5.295766
22.302279,5.673133
2.727939,21.884037
3.179832,21.826425
2.276049,21.939948
0.970595,23.465632
21.883369,2.728375
21.826656,3.180050
22.591206,2.359767
22.325188,2.807100
21.939091,2.276391
23.465469,0.971098
22.841338,2.824384
23.364603,2.422291
22.729780,1.398546
22.449606,1.842728
23.244935,3.388074
22.694461,3.811194
2.814007,22.362418
3.236328,22.200498
1.431040,22.795035
1.925825,22.968076
1.456443,23.446147
0.000000,22.587477
0.910960,22.034778
0.550655,22.048511
1.839757,22.462064
1.366341,22.015149
0.674289,22.882240
1.088166,23.077158
0.484521,23.485774
0.000000,23.044056
0.503008,22.477094
1.050553,22.472836
22.033883,0.911233
22.013972,1.366737
22.782222,0.000000
22.048008,0.550602
22.908035,0.705486
23.080998,1.143199
22.489048,0.936750
23.484891,0.483836
23.042353,0.000000
22.523330,0.000000
22.436963,0.466878
22.931565,1.924602
