28.844325,0.000000
28.741884,2.382052
28.446310,4.746443
27.956725,7.080527
27.275896,9.365393
26.409467,11.585961
25.362403,13.727225
24.141961,15.774795
22.757318,17.714304
21.216169,19.533875
19.531933,21.217937
17.711366,22.759860
15.772467,24.144408
13.727340,25.363210
11.583982,26.409932
9.363985,27.276913
7.078956,27.957249
4.746783,28.446588
2.381965,28.743669
0.000000,28.845841
-0.000000,29.955099
2.476087,29.851699
4.931438,29.546754
7.354355,29.038614
9.727449,28.331973
12.033226,27.432112
14.258221,26.344748
16.385476,25.077607
18.399918,23.638462
20.288339,22.038867
22.039141,20.287351
23.638519,18.399149
25.077360,16.384546
26.344382,14.257137
27.431725,12.033411
28.331695,9.726986
29.038636,7.353462
29.546006,4.932265
29.852456,2.474441
29.954025,0.000000
14.754683,24.761791
15.324517,25.718705
14.535010,25.533568
14.246469,25.063120
15.515870,24.894189
14.905581,25.073828
15.263534,24.456156
17.396300,24.365269
15.166535,25.385558
15.859165,25.397798
16.589617,24.250298
15.986217,24.422179
16.146052,24.771132
15.697880,25.139945
14.790570,26.036306
13.149005,26.895950
16.748295,23.458804
16.267561,23.801494
17.520274,23.530658
16.923393,23.759768
17.231089,23.113482
19.348690,22.845671
17.208097,24.048486
17.903438,24.002607
18.535941,22.797257
17.946296,23.019946
16.890304,24.726337
13.482140,26.142697
12.341325,26.676592
18.628151,21.994655
18.177704,22.377352
19.403641,22.003616
18.828071,22.280579
19.082452,21.611207
21.169059,21.169224
19.135239,22.545722
19.824126,22.442602
20.355625,21.188951
19.786619,21.459177
18.872822,23.247533
18.135818,23.353224
14.119283,26.001523
13.709295,26.621465
13.896142,25.678585
12.588832,27.168655
10.882426,27.889985
12.659375,25.894046
13.193831,25.634255
12.835560,26.223815
12.129041,26.156105
12.978970,26.574638
20.380743,20.381653
19.963438,20.799922
21.153137,20.326333
20.602964,20.649654
20.800647,19.962242
22.844485,19.349275
20.931531,20.887946
21.609838,20.728936
22.035117,19.436024
21.490656,19.752247
20.728180,21.610029
20.003422,21.775082
11.285079,27.189675
11.913826,27.095185
11.465351,27.661399
10.104251,27.598711
11.694838,26.753339
10.734765,27.562999
10.301880,28.114990
21.994009,18.629337
21.612029,19.081043
22.759757,18.510222
22.238161,18.877851
22.378303,18.176131
24.364259,17.397031
22.584624,19.088503
23.247797,18.873842
23.565201,17.550114
23.048421,17.909839
22.442394,19.824489
21.732023,20.049733
10.477976,26.851873
11.029899,26.634105
10.651178,27.188357
9.927138,27.068022
11.144191,26.900926
8.541013,28.693494
23.457256,16.748832
23.114382,17.230930
24.210636,16.567676
23.720718,16.976933
23.802873,16.266784
25.717300,15.325916
24.083731,17.158552
24.726660,16.889997
24.933618,15.544305
24.448508,15.945447
24.002387,17.904033
23.313672,18.186614
8.999888,28.023490
9.636697,27.983374
9.141565,28.514125
7.789395,28.339240
9.453393,27.625270
8.424108,28.353742
7.945277,28.869513
24.760142,14.754697
24.457873,15.264045
25.495624,14.512218
25.041513,14.959999
25.064671,14.246117
26.895052,13.149467
25.418284,15.111108
26.036696,14.790436
26.132000,13.432608
25.681877,13.872085
25.398625,15.860947
24.736047,16.199262
8.224934,27.625527
8.793595,27.453410
7.657789,27.795563
6.141866,29.301207
25.894287,12.659704
25.634718,13.192730
26.607000,12.357357
26.191665,12.841222
26.154993,12.127871
27.889184,10.883773
26.579112,12.960767
27.169080,12.589691
27.152047,11.228968
26.739633,11.703944
26.621650,13.709183
25.988747,14.101699
8.364596,27.976106
8.885894,27.730720
6.654924,28.671943
7.292283,28.684010
6.755639,29.171838
5.422413,28.886105
7.139157,28.311647
6.053399,28.952606
5.534601,29.427260
26.851380,10.478242
26.636432,11.030882
27.536443,10.118026
27.162850,10.634469
27.067167,9.926968
28.692681,8.543499
27.558697,10.721917
28.115875,10.303023
27.986411,8.948542
27.614946,9.455630
27.662701,11.464089
27.064514,11.907456
5.915362,28.210623
6.496052,28.085957
5.335922,28.332633
3.700276,29.707496
27.624946,8.224292
27.456490,8.794053
28.278507,7.809758
27.948052,8.354579
27.794747,7.657615
29.300231,6.143838
28.349734,8.409410
28.870598,7.946204
28.629601,6.606495
28.301775,7.143023
28.514726,9.140084
27.955471,9.631815
6.026016,28.571111
6.565509,28.369938
4.264697,29.123417
4.898349,29.188581
4.323838,29.630584
3.018590,29.234299
4.777282,28.804883
3.642597,29.353340
3.087093,29.784598
28.210216,5.915366
28.088660,6.496733
28.826489,5.446643
28.543616,6.017415
28.330468,5.336302
29.708589,3.702443
28.947560,6.040089
29.427906,5.534604
29.078334,4.218740
28.794248,4.782266
29.172517,6.754033
28.655766,7.289858
3.566490,28.603633
4.154038,28.526446
2.978163,28.675299
1.237212,29.911348
28.603176,3.567524
28.529031,4.154414
29.176622,3.048425
28.944114,3.639407
28.674720,2.978904
29.913594,1.239259
29.348254,3.629981
29.783411,3.085449
29.325685,1.805218
29.091989,2.388751
29.630654,4.323072
29.159114,4.897000
3.646377,28.972430
4.200174,28.814388
1.844717,29.376515
2.471508,29.493055
1.858727,29.887537
0.000000,29.236931
1.190886,28.800126
0.719676,28.816696
2.383960,29.102294
1.783243,28.773983
0.866449,29.462733
1.398127,29.605856
0.614737,29.937244
0.000000,29.591159
0.656438,29.149360
1.361303,29.136291
28.799904,1.191654
28.772636,1.784595
29.387261,0.000000
28.817532,0.719527
29.484482,0.908109
29.607726,1.469034
29.151765,1.213704
29.936853,0.612194
29.588964,0.000000
29.188374,0.000000
29.119592,0.610369
29.464892,2.471973
