28.277009,-0.000000
28.176583,2.335158
27.886814,4.653082
27.406863,6.941215
26.739429,9.181122
25.890037,11.358024
24.863569,13.457171
23.667141,15.464469
22.309738,17.365833
20.798878,19.149638
19.147770,20.800587
17.363032,22.312180
15.462245,23.669508
13.457267,24.864374
11.356157,25.890484
9.179803,26.740425
6.939749,27.407389
4.653422,27.887097
2.335061,28.178323
0.000000,28.278508
-0.000000,29.409300
2.430899,29.307652
4.841591,29.008257
7.220331,28.509370
9.550156,27.815605
11.813913,26.932148
13.998312,25.864613
16.086779,24.620603
18.064540,23.207680
19.918550,21.637219
21.637454,19.917637
23.207715,18.063812
24.620328,16.085912
25.864248,13.997277
26.931788,11.814063
27.815345,9.549668
28.509385,7.219428
29.007555,4.842300
29.308345,2.429269
29.408150,-0.000000
14.464261,24.274475
15.045029,25.249679
14.259647,25.049870
13.965888,24.569997
15.220976,24.421143
14.619101,24.591932
14.963325,23.974793
17.079029,23.920949
14.882911,24.910877
15.569788,24.934821
16.275367,23.790949
15.679326,23.953429
15.844015,24.307868
15.405596,24.672088
14.520991,25.561401
12.909158,26.405475
16.418664,22.997112
15.947188,23.333220
17.187328,23.083575
16.598179,23.303149
16.892130,22.658506
18.995816,22.429043
16.886287,23.598835
17.576783,23.565023
18.184816,22.365433
17.601826,22.578110
16.582444,24.275313
13.227288,25.648588
12.107692,26.171661
18.261533,21.561769
17.819735,21.937114
19.034964,21.585545
18.466252,21.852375
18.707033,21.185763
20.782988,20.783192
18.777378,22.124158
19.462442,22.033474
19.970023,20.787569
19.406810,21.047299
18.528831,22.823428
17.796618,22.916466
13.855503,25.515838
13.459042,26.136106
13.629495,25.185992
12.359442,26.673112
10.683906,27.381376
12.410193,25.384486
12.934302,25.129656
12.589291,25.720845
11.890080,25.641393
12.736304,26.077865
19.979626,19.980516
19.570367,20.390717
20.751191,19.940125
20.207039,20.252779
20.391425,19.569241
22.427893,18.996397
20.540103,20.497398
21.215617,20.351051
21.617717,19.067845
21.078147,19.373120
20.350332,21.215760
19.629298,21.367833
11.072119,26.676715
11.691465,26.589479
11.255993,27.157118
9.912912,27.076242
11.470557,26.240137
10.534080,27.047913
10.114218,27.602215
21.561149,18.262660
21.186535,18.705685
22.327321,18.158505
21.810813,18.515012
21.938026,17.818275
23.919948,17.079754
22.162290,18.731588
22.823704,18.529816
23.118815,17.217655
22.606026,17.566074
22.033258,19.462764
21.325576,19.674733
10.271688,26.323423
10.813025,26.109940
10.446833,26.666941
9.731531,26.535366
10.929253,26.382077
8.385255,28.170222
22.995607,16.419169
22.659336,16.891983
23.750627,16.252872
23.264897,16.650615
23.334543,15.946463
25.248328,15.046378
23.633385,16.837711
24.275634,16.582141
24.461321,15.249816
23.979240,15.639372
23.564796,17.577319
22.877663,17.846450
8.829977,27.494593
9.456840,27.460996
8.974565,27.994279
7.641911,27.802771
9.272094,27.095349
8.266591,27.823855
7.800559,28.343021
24.272853,14.464276
23.976411,14.963801
25.011198,14.236440
24.560302,14.672439
24.571499,13.965538
26.404590,12.909627
24.942985,14.828542
25.561792,14.520856
25.637002,13.178117
25.188933,13.605805
24.935568,15.571474
24.273432,15.896249
8.062987,27.081866
8.620703,26.913159
7.506850,27.248567
6.029883,28.766840
25.384666,12.410507
25.130113,12.933243
26.101469,12.122530
25.688338,12.594371
25.640371,11.888976
27.380587,10.685237
26.082102,12.718409
26.673537,12.360267
26.637716,11.016216
26.226391,11.479284
26.136258,13.458928
25.502699,13.837903
8.204076,27.439565
8.714582,27.195953
6.529274,28.130819
7.156216,28.148560
6.632136,28.639983
5.319734,28.339268
7.002250,27.768571
5.940210,28.411523
5.433827,28.890611
26.322912,10.271968
26.112133,10.813963
27.013253,9.925756
26.640854,10.430014
26.534573,9.731379
28.169434,8.387626
27.043370,10.521418
27.603074,10.115303
27.456286,8.778992
27.084897,9.274125
27.158307,11.254774
26.558355,11.684696
5.798883,27.655442
6.368363,27.533261
5.230679,27.775055
3.632902,29.165717
27.081276,8.062411
26.916057,8.621134
27.741195,7.661320
27.410986,8.193966
27.247789,7.506676
28.765884,6.031763
27.819623,8.252153
28.344054,7.801454
28.087296,6.481307
27.758552,7.005917
27.994777,8.973169
27.432633,9.451603
5.910364,28.023166
6.438926,27.822828
4.184191,28.573782
4.807007,28.643730
4.244632,29.090336
2.961429,28.680877
4.685645,28.252349
3.574444,28.804751
3.030883,29.241427
27.655003,5.798912
27.535798,6.369035
28.278791,5.343145
27.995065,5.901736
27.772988,5.231033
29.166744,3.634905
28.406251,5.927130
28.891211,5.433868
28.527476,4.138835
28.241592,4.690439
28.640558,6.630613
28.119817,7.153478
3.496220,28.040681
4.072464,27.965093
2.919326,28.111019
1.214659,29.365897
28.040215,3.497218
27.967511,4.072829
28.622248,2.990463
28.387842,3.569418
28.110406,2.920048
29.367973,1.216593
28.799425,3.562030
29.240253,3.029348
28.770228,1.770951
28.533612,2.342829
29.090310,4.243945
28.613790,4.805381
3.576383,28.416747
4.119204,28.258715
1.809812,28.822040
2.425459,28.942493
1.824661,29.342517
0.000000,28.677646
1.167387,28.233361
0.705446,28.249611
2.338172,28.544048
1.748377,28.207693
0.850257,28.908166
1.371980,29.054843
0.603724,29.391301
0.000000,29.038725
0.643565,28.588634
1.335205,28.576245
28.233079,1.168130
28.206347,1.749642
28.830922,0.000000
28.250361,0.705309
28.930175,0.891046
29.056834,1.441539
28.591731,1.190462
29.390875,0.601326
29.036524,0.000000
28.628086,0.000000
28.558157,0.598337
28.913780,2.425780
