26.948019,0.000000
26.852376,2.225336
26.576218,4.434409
26.118852,6.614895
25.482797,8.749489
24.673311,10.824098
23.695094,12.824587
22.554917,14.737549
21.261322,16.549558
19.821415,18.249575
18.247905,19.822959
16.547102,21.263501
14.735593,22.557062
12.824644,23.695870
10.822499,24.673710
8.748376,25.483726
6.613672,26.119369
4.434732,26.576514
2.225216,26.853998
0.000000,26.949467
0.000000,28.134013
2.325297,28.036510
4.631633,27.750067
6.907161,27.272802
9.135897,26.609116
11.301483,25.763987
13.391030,24.742777
15.388880,23.552807
17.280932,22.201157
19.054544,20.698769
20.698921,19.053803
22.201147,17.280309
23.552480,15.388163
24.742424,13.390122
25.763693,11.301566
26.608902,9.135374
27.272804,6.906264
27.749473,4.632088
28.037046,2.323740
28.132721,0.000000
13.783976,23.132928
14.392016,24.153787
13.615451,23.918299
13.308639,23.414878
14.531030,23.314359
13.948581,23.463997
14.260068,22.847233
16.337739,22.882775
14.219670,23.800859
14.893674,23.853060
15.540216,22.716350
14.961082,22.856339
15.137738,23.224560
14.722205,23.578213
13.891097,24.451792
12.348766,25.259460
15.646528,21.915608
15.196731,22.236298
16.408352,22.037549
15.837008,22.234385
16.098105,21.592748
18.171335,21.455582
16.133756,22.547350
16.813552,22.542599
17.363388,21.355227
16.795633,21.544021
15.863104,23.221501
12.631120,24.492761
11.561133,24.990466
17.402757,20.547754
16.981211,20.905859
18.172400,20.607399
17.619409,20.850128
17.827592,20.189189
19.880943,19.881218
17.940540,21.138354
18.617371,21.077528
19.067944,19.848573
18.517906,20.083323
17.725088,21.832516
17.003448,21.895144
13.238724,24.380142
12.874329,25.002056
13.005464,24.033121
11.823463,25.515285
10.220095,26.192991
11.826509,24.190847
12.326324,23.947667
12.012935,24.543666
11.330323,24.435678
12.168850,24.916188
19.040042,19.040861
18.649617,19.432155
19.810791,19.036519
19.280365,19.323861
19.432804,18.648666
21.454531,18.171894
19.624773,19.584123
20.294515,19.468106
20.641248,18.206528
20.112713,18.485793
19.467480,20.294559
18.754459,20.415511
10.573993,25.476826
11.171541,25.407024
10.766809,25.978852
9.465306,25.854005
10.945665,25.039052
10.064797,25.843423
9.675736,26.404125
20.547207,17.403733
20.189836,17.826405
21.315577,17.335602
20.810591,17.665760
20.906666,16.980018
22.881822,16.338433
21.174690,17.896964
21.832812,17.725977
22.074541,16.439901
21.570643,16.761517
21.077306,18.617600
20.375151,18.797825
9.788493,25.085540
10.304976,24.882113
9.968584,25.446603
9.273331,25.287620
10.426113,25.167529
8.021351,26.947584
21.914230,15.646950
21.593417,16.097992
22.674381,15.516330
22.198030,15.886850
22.237469,15.196136
24.152580,14.393235
22.580278,16.087446
23.221807,15.862817
23.356426,14.560888
22.880963,14.923031
22.542361,16.813957
21.858109,17.051008
8.432539,26.257416
9.036307,26.239543
8.584364,26.779636
7.296891,26.547785
8.847791,25.855130
7.898248,26.584750
7.462424,27.112875
23.131409,13.783982
22.848608,14.260468
23.877822,13.591205
23.434011,13.999388
23.416236,13.308306
25.258630,12.349239
23.831530,14.167783
24.452174,13.890965
24.479002,12.582762
24.035243,12.982600
23.853631,14.895124
23.191664,15.187680
7.683658,25.808347
8.215675,25.647651
7.153278,25.967229
5.768261,27.518285
24.190911,11.826785
23.948099,12.325378
24.918709,11.573104
24.510281,12.016603
24.434865,11.329384
26.192255,10.221359
24.919878,12.151674
25.515697,11.824198
25.434491,10.518507
25.025195,10.953493
25.002135,12.874211
24.366136,13.221037
7.828401,26.183821
8.313556,25.944157
6.235372,26.865040
6.838072,26.896548
6.343567,27.397278
5.079529,27.060029
6.681846,26.497570
5.675518,27.146245
5.198367,27.636738
25.085012,9.788797
24.883985,10.305807
25.789184,9.475894
25.419097,9.951484
25.286971,9.273219
26.946870,8.023435
25.838310,10.052566
26.404911,9.676678
26.216112,8.382345
25.844364,8.849343
25.979790,10.765714
25.374760,11.163792
5.526057,26.354940
6.069233,26.238606
4.984158,26.468934
3.475491,27.899865
25.807759,7.683233
25.650118,8.216044
26.484082,7.314013
26.153955,7.818051
25.966548,7.153117
27.517393,5.769912
26.579995,7.884423
27.113783,7.463229
26.818635,6.188455
26.487186,6.685039
26.779918,8.583173
26.210038,9.030195
5.639694,26.740736
6.142607,26.542144
3.995875,27.288109
4.593436,27.369735
4.059584,27.828015
2.827710,27.386237
4.471193,26.959205
3.415064,27.521937
2.899549,27.972297
26.354449,5.526137
26.240748,6.069867
26.997378,5.100986
26.711149,5.630996
26.467110,4.984451
27.900724,3.477124
27.140439,5.662975
27.637221,5.198478
27.238797,3.951899
26.948147,4.475530
27.397633,6.342250
26.866565,6.834568
3.331627,26.721984
3.881353,26.650161
2.781505,26.789210
1.161958,28.091459
26.721500,3.332536
26.652182,3.881690
27.325227,2.854841
27.085837,3.405630
26.788531,2.782171
28.093122,1.163615
27.516017,3.403130
27.971168,2.898259
27.470793,1.690803
27.226758,2.235367
27.827795,4.059061
27.338616,4.591156
3.412576,27.116205
3.929663,26.957994
1.728191,27.525038
2.317791,27.655147
1.745083,28.069044
0.000000,27.368851
1.112369,26.905717
0.672151,26.921268
2.231035,27.237520
1.666661,26.881200
0.812387,27.611054
1.310833,27.766530
0.577997,28.115713
-0.000000,27.747011
0.613417,27.276180
1.274110,27.265411
26.905303,1.113043
26.879872,1.667731
27.529494,0.000000
26.921805,0.672034
27.633723,0.851128
27.768837,1.377239
27.280959,1.136043
28.115208,0.575943
27.744829,0.000000
27.316769,0.000000
27.243953,0.570156
27.625065,2.317777
