28.265474,-0.000000
28.165089,2.334204
27.875438,4.651183
27.395684,6.938382
26.728521,9.177375
25.879475,11.353388
24.853427,13.451679
23.657487,15.458158
22.300638,17.358747
20.790393,19.141824
19.139958,20.792100
17.355949,22.303075
15.455937,23.659850
13.451775,24.854229
11.351525,25.879920
9.176058,26.729514
6.936919,27.396206
4.651524,27.875718
2.334107,28.166825
0.000000,28.266969
-0.000000,29.398207
2.429981,29.296595
4.839765,28.997313
7.217607,28.498615
9.546554,27.805111
11.809457,26.921988
13.993031,25.854856
16.080710,24.611316
18.057726,23.198926
19.911037,21.629057
21.629292,19.910124
23.198962,18.056998
24.611042,16.079843
25.854493,13.991997
26.921631,11.809606
27.804854,9.546064
28.498633,7.216704
28.996615,4.840472
29.297291,2.428351
29.397059,0.000000
14.458355,24.264564
15.039350,25.240147
14.254050,25.040037
13.960183,24.559969
15.214982,24.411526
14.613278,24.582134
14.957220,23.965003
17.072583,23.911919
14.877147,24.901228
15.563908,24.925412
16.268979,23.781611
15.673088,23.943898
15.837877,24.298451
15.399657,24.662579
14.515514,25.551750
12.904284,26.395507
16.411961,22.987723
15.940673,23.323697
17.180560,23.074486
16.591567,23.293865
16.885238,22.649253
18.988646,22.420576
16.879747,23.589695
17.570146,23.556131
18.177679,22.356654
17.594824,22.569126
16.576189,24.266147
13.222108,25.638543
12.102943,26.161396
18.254078,21.552965
17.812457,21.928160
19.027471,21.577045
18.458896,21.843669
18.699399,21.177111
20.775144,20.775347
18.770105,22.115589
19.455094,22.025159
19.962185,20.779409
19.399089,21.038925
18.521841,22.814810
17.789725,22.907588
13.850142,25.505965
13.453957,26.126243
13.624075,25.175977
12.354782,26.663041
10.679872,27.371040
12.405126,25.374123
12.929025,25.119394
12.584285,25.710619
11.885221,25.630925
12.731372,26.067767
19.971470,19.972358
19.562374,20.382395
20.743021,19.932273
20.198991,20.244710
20.383104,19.561248
22.419429,18.989226
20.532148,20.489460
21.207607,20.343372
21.609233,19.060361
21.069762,19.365411
20.342655,21.207748
19.621695,21.359554
11.067791,26.666287
11.686946,26.579200
11.251739,27.146870
9.909023,27.065621
11.465998,26.229702
10.530002,27.037443
10.110405,27.591794
21.552347,18.255203
21.177884,18.698052
22.318531,18.151354
21.802126,18.507635
21.929074,17.810997
23.910920,17.073306
22.153707,18.724333
22.815088,18.522825
23.109743,17.210896
22.597033,17.559085
22.024946,19.455414
21.317316,19.667110
10.267494,26.312676
10.808616,26.099280
10.442679,26.656339
9.727554,26.524533
10.924884,26.371527
8.382090,28.159588
22.986221,16.412465
22.650084,16.885090
23.741278,16.246473
23.255631,16.643981
23.325020,15.939949
25.238800,15.040697
23.624233,16.831189
24.266470,16.575885
24.451722,15.243829
23.969701,15.633149
23.555905,17.570680
22.868802,17.839536
8.826524,27.483841
9.453185,27.450377
8.971172,27.983714
7.638914,27.791865
9.268408,27.084575
8.263390,27.813084
7.797618,28.332321
24.262945,14.458369
23.966622,14.957696
25.001352,14.230834
24.550521,14.666593
24.561472,13.959832
26.394625,12.904753
24.933326,14.822799
25.552143,14.515378
25.626941,13.172944
25.178913,13.600391
24.926160,15.565592
24.264030,15.890090
8.059694,27.070809
8.617188,26.902172
7.503780,27.237442
6.027608,28.755980
25.374304,12.405440
25.119853,12.927966
26.091194,12.117756
25.678107,12.589352
25.629908,11.884118
27.370254,10.681202
26.072002,12.713483
26.663469,12.355605
26.627263,11.011891
26.215959,11.474717
26.126396,13.453842
25.492822,13.832541
8.200813,27.428656
8.711099,27.185079
6.526720,28.119818
7.153450,28.137675
6.629626,28.629174
5.317647,28.328151
6.999467,27.757529
5.937909,28.400524
5.431779,28.879705
26.312167,10.267773
26.101472,10.809552
27.002619,9.921848
26.630243,10.425857
26.523744,9.727401
28.158803,8.384459
27.032898,10.517343
27.592656,10.111489
27.445512,8.775545
27.074123,9.270435
27.148059,11.250521
26.548069,11.680168
5.796514,27.644151
6.365767,27.522021
5.228539,27.763715
3.631533,29.154707
27.070222,8.059119
26.905068,8.617618
27.730274,7.658302
27.400069,8.190701
27.236668,7.503606
28.755028,6.029486
27.808851,8.248956
28.333357,7.798513
28.076274,6.478763
27.747510,7.003129
27.984213,8.969777
27.422008,9.447940
5.908013,28.012025
6.436353,27.811703
4.182555,28.562609
4.805151,28.632655
4.243023,29.079356
2.960267,28.669626
4.683782,28.241115
3.573058,28.793600
3.029741,29.230388
27.643714,5.796543
27.524557,6.366438
28.267659,5.341041
27.983915,5.899385
27.761653,5.228893
29.155735,3.633533
28.395251,5.924834
28.880307,5.431821
28.516280,4.137211
28.230358,4.688572
28.629750,6.628105
28.108926,7.150706
3.494791,28.029232
4.070805,27.953676
2.918130,28.099543
1.214201,29.354812
28.028768,3.495789
27.956095,4.071169
28.610980,2.989285
28.376535,3.567995
28.098932,2.918851
29.356888,1.216133
28.788272,3.560649
29.229218,3.028208
28.758939,1.770255
28.522262,2.341896
29.079332,4.242337
28.602708,4.803519
3.574960,28.405449
4.117558,28.247416
1.809102,28.810768
2.424524,28.931302
1.823969,29.331440
0.000000,28.666275
1.166909,28.221834
0.705157,28.238078
2.337241,28.532698
1.747668,28.196176
0.849928,28.896892
1.371449,29.043642
0.603500,29.380206
0.000000,29.027495
0.643303,28.577233
1.334675,28.564858
28.221554,1.167652
28.194833,1.748932
28.819615,0.000000
28.238829,0.705020
28.918910,0.890699
29.045640,1.440980
28.580347,1.189989
29.379782,0.601105
29.025298,0.000000
28.616697,0.000000
28.546744,0.598093
28.902580,2.424841
