25.351524,-0.000000
25.261766,2.093465
25.001982,4.171791
24.571775,6.222962
23.973426,8.231067
23.211872,10.182797
22.291614,12.064781
21.219009,13.864437
20.002055,15.569115
18.647381,17.168480
17.167076,18.648697
15.567103,20.003890
13.862836,21.220847
12.064792,22.292345
10.181517,23.212233
8.230190,23.974278
6.222014,24.572306
4.172053,25.002338
2.093317,25.263267
0.000000,25.352931
0.000000,26.608935
2.198971,26.516506
4.380490,26.245527
6.532618,25.794114
8.640477,25.166390
10.688688,24.367088
12.664809,23.401260
14.554320,22.275899
16.343869,20.997534
18.021341,19.576554
19.576601,18.020815
20.997457,16.343399
22.275516,14.553795
23.400911,12.664085
24.366842,10.688728
25.166197,8.639970
25.794060,6.531792
26.245008,4.380693
26.516790,2.197575
26.607506,0.000000
12.966876,21.761724
13.611137,22.843267
12.843408,22.562210
12.519187,22.027419
13.704036,21.987702
13.144327,22.111057
13.415290,21.492911
15.451297,21.641264
13.425391,22.471554
14.085181,22.559436
14.659212,21.428558
14.099688,21.540562
14.291965,21.927273
13.904007,22.268618
13.137792,23.124910
11.678649,23.888991
14.719092,20.616555
14.295334,20.918722
15.474644,20.783747
14.924044,20.952436
15.144298,20.312644
17.185396,20.291469
15.232550,21.288145
15.900850,21.319935
16.378961,20.144616
15.828758,20.303828
15.002832,21.961344
11.916740,23.107812
10.906138,23.575013
16.371255,19.329794
15.974028,19.667147
17.138512,19.434968
16.603694,19.647981
16.771167,18.992191
18.802251,18.802590
16.938372,19.957801
17.606798,19.934349
17.986872,18.723279
17.451834,18.927203
16.763919,20.647582
16.053633,20.672089
12.500213,23.020206
12.175112,23.645907
12.257112,22.650482
11.182489,24.130746
9.665512,24.771855
11.125448,22.757101
11.595962,22.527968
11.321733,23.131835
10.657979,22.987408
11.489306,23.525025
17.911485,17.912193
17.543665,18.280757
18.683611,17.953414
18.168883,18.209668
18.281277,17.542958
20.290545,17.185922
18.528609,18.490430
19.193010,18.412224
19.471021,17.174329
18.954853,17.421604
18.411696,19.192984
17.706839,19.275085
9.977181,24.039158
10.549012,23.991210
10.181794,24.569826
8.928912,24.389338
10.316185,23.598634
9.502813,24.401013
9.151357,24.971439
19.329329,16.372049
18.992652,16.770226
20.102870,16.349241
19.610894,16.647130
19.667775,15.973177
21.640392,15.451929
19.991974,16.897465
20.647854,16.764680
20.823060,15.507847
20.328891,15.796603
19.934113,17.606946
19.237013,17.747711
9.208155,23.598654
9.694666,23.407348
9.395025,23.983043
8.722972,23.788866
9.822475,23.710449
7.586231,25.485498
20.615349,14.719421
20.313091,15.144250
21.384364,14.633473
20.918390,14.970766
20.919646,14.294915
22.842235,13.612179
21.319112,15.188975
21.961583,15.002591
22.032287,13.735284
21.563778,14.063925
21.319670,15.901124
20.637185,16.098454
7.956351,24.775051
8.532798,24.777007
8.117742,25.327091
6.883425,25.043877
8.338938,24.367767
7.457138,25.100886
7.058063,25.641852
21.760371,12.966874
21.493941,13.415615
22.519319,12.817791
22.083089,13.192107
22.028517,12.518908
23.888239,11.679104
22.500483,13.376501
23.125225,13.137686
23.091222,11.869295
22.651590,12.235193
22.559786,14.086337
21.896240,14.339159
7.228078,24.278655
7.729102,24.127630
6.728592,24.428134
5.455455,26.025222
22.757039,11.125677
22.528314,11.595189
23.501007,10.914527
23.097268,11.323613
22.986798,10.657258
24.771187,9.666640
23.528033,11.472989
24.131078,11.183107
23.992514,9.922060
23.584569,10.322921
23.645878,12.175010
23.005082,12.482327
7.377865,24.677781
7.832421,24.442430
5.883247,25.348408
6.457163,25.397441
5.998488,25.911176
4.791669,25.527063
6.297602,24.973307
5.358521,25.631054
4.916787,26.137341
23.598116,9.208474
23.408784,9.695369
24.321974,8.936648
23.953662,9.377537
23.788344,8.722915
25.484860,7.587931
24.395163,9.491101
24.972072,9.152120
24.729856,7.907004
24.356560,8.339925
24.570451,10.180896
23.957383,10.540001
5.198395,24.792839
5.709879,24.683584
4.688070,24.900079
3.287275,26.386159
24.278068,7.227825
24.129524,7.729402
24.977260,6.897703
24.646204,7.367181
24.427538,6.728472
26.024395,5.456801
25.095452,7.444064
25.642551,7.058732
25.298249,5.837525
24.962393,6.300224
25.327124,8.116817
24.745955,8.525558
5.315084,25.202703
5.787096,25.005767
3.770240,25.747663
4.337731,25.844300
3.838338,26.318441
2.667475,25.834833
4.214023,25.408366
3.224184,25.985772
2.742486,26.454625
24.792282,5.198523
24.685197,5.710445
25.461430,4.810714
25.171135,5.306284
24.898530,4.688298
26.386743,3.288482
25.624547,5.346626
26.137632,4.916944
25.694400,3.727866
25.396874,4.217798
25.911262,5.997437
25.365771,6.452673
3.133949,25.138041
3.651744,25.070790
2.615975,25.201535
1.098925,26.567479
25.137499,3.134734
25.072269,3.652048
25.770600,2.692267
25.524089,3.209224
25.200763,2.616558
26.568572,1.100228
25.979034,3.212839
26.453533,2.741477
25.913520,1.594781
25.659360,2.106512
26.318004,3.837975
25.811567,4.334652
3.216141,25.556439
3.702269,25.397595
1.630459,25.971002
2.188879,26.113733
1.649955,26.546130
0.000000,25.799551
1.046343,25.311005
0.632241,25.325817
2.102592,25.670605
1.568423,25.287953
0.767016,26.057104
1.237604,26.224135
0.547231,26.590360
0.000000,26.200382
0.577226,25.701896
1.200804,25.693139
25.310405,1.046909
25.286631,1.569270
25.969978,0.000000
25.326037,0.632141
26.080634,0.803289
26.226843,1.300244
25.708791,1.070727
26.589722,0.545602
26.198244,0.000000
25.744035,0.000000
25.667341,0.536315
26.081793,2.188472
