20.250376,0.000000
20.181254,1.672312
19.973746,3.333130
19.630518,4.971229
19.152646,6.575377
18.544156,8.134560
17.809059,9.638126
16.952419,11.075976
15.980359,12.437811
14.897972,13.715615
13.715356,14.898256
12.437546,15.980705
11.075762,16.952800
9.638015,17.809406
8.134390,18.544505
6.575244,19.153096
4.971109,19.631030
3.333081,19.974342
1.672258,20.182013
-0.000000,20.251173
-0.000000,21.803172
1.800533,21.728216
3.588681,21.505819
5.352270,21.135831
7.079391,20.621312
8.758056,19.966294
10.376754,19.174809
11.925223,18.252904
13.391817,17.205642
14.766438,16.041188
16.041002,14.766569
17.205417,13.391917
18.252616,11.925301
19.174504,10.376797
19.965972,8.758115
20.620939,7.079374
21.135378,5.352202
21.505248,3.588632
21.727570,1.800401
21.802347,-0.000000
10.357056,17.381379
11.151065,18.714093
10.394770,18.261360
9.997695,17.595422
11.079785,17.777556
10.586885,17.808292
10.716466,17.167157
12.658633,17.729505
10.911960,18.264974
11.538253,18.483499
11.865405,17.344572
11.361502,17.357703
11.615942,17.822366
11.317048,18.127987
10.763927,18.944568
9.567496,19.570808
11.756874,16.466974
11.416519,16.709901
12.511911,16.805258
12.021147,16.875709
12.097301,16.223952
14.079264,16.623643
12.380784,17.303591
13.025381,17.467613
13.256959,16.305673
12.755371,16.361594
12.291960,17.991318
9.652035,18.717403
8.829109,19.086910
13.076671,15.439651
12.757332,15.710219
13.857972,15.714783
13.374257,15.825328
13.396152,15.169096
15.403883,15.404084
13.767179,16.222097
14.423013,16.332446
14.558465,15.154768
14.063171,15.252103
13.735523,16.914765
13.048687,16.802254
10.164391,18.717884
9.972277,19.372863
9.878782,18.255322
9.162741,19.768677
7.918746,20.294076
8.886323,18.177214
9.262255,17.993454
9.124895,18.643592
8.510570,18.361012
9.339200,19.122771
14.306890,14.307119
14.011334,14.602730
15.107104,14.516496
14.634754,14.666720
14.602559,14.011491
16.623385,14.079440
15.059987,15.029561
15.722619,15.085362
15.759873,13.901013
15.274357,14.038814
15.085172,15.722776
14.392384,15.666685
8.086013,19.482477
8.580190,19.513240
8.338625,20.130222
7.228117,19.744922
8.315480,19.020210
7.724583,19.836882
7.499010,20.457797
15.439408,13.076877
15.168896,13.396275
16.254884,13.219431
15.796262,13.408105
15.710022,12.757468
17.729212,12.658787
16.249447,13.734752
16.914586,13.735700
16.854221,12.552199
16.381682,12.729459
16.332236,14.423154
15.636150,14.425113
7.354922,18.849085
7.744686,18.696887
7.572032,19.330721
6.965262,19.001221
7.901457,19.074086
6.215789,20.878849
16.466642,11.757024
16.223713,12.097452
17.291048,11.832000
16.849505,12.057909
16.709688,11.416643
18.713767,11.151221
17.328288,12.345958
17.991090,12.292050
17.832878,11.117163
17.376703,11.333151
17.467362,13.025497
16.774344,13.084555
6.447290,20.076557
6.940538,20.150946
6.647785,20.750171
5.572391,20.275109
6.721559,19.639934
6.061340,20.405630
5.783977,21.007433
17.381008,10.357164
17.166922,10.716603
18.208515,10.363550
17.787364,10.625137
17.595193,9.997789
19.570465,9.567602
18.288367,10.872611
18.944318,10.764008
18.689848,9.606726
18.253036,9.859422
18.483244,11.538405
17.797618,11.654410
5.773267,19.392341
6.174292,19.272757
5.372347,19.511816
4.470390,21.321106
18.176890,8.886437
17.993172,9.262315
19.002231,8.824624
18.604008,9.120039
18.360673,8.510638
20.293698,7.918867
19.123456,9.325364
19.768392,9.162843
19.419327,8.030609
19.004870,8.318521
19.372558,9.972345
18.698612,10.144921
5.945988,19.890267
6.301296,19.664419
4.767511,20.541338
5.252676,20.655923
4.911524,21.228576
3.878941,20.666188
5.076311,20.128372
4.355335,20.836818
4.029488,21.413553
18.848686,7.355045
18.696613,7.744829
19.666185,7.225338
19.293674,7.552601
19.000826,6.965355
20.878407,6.215892
19.828214,7.714402
20.457486,7.499086
20.016260,6.399570
19.626980,6.720718
20.129911,8.338627
19.472587,8.566234
4.152153,19.802974
4.561641,19.717027
3.742736,19.888773
2.694465,21.617280
19.391871,5.773349
19.272444,6.174391
20.195898,5.576653
19.851637,5.933526
19.511338,5.372423
21.320555,4.470446
20.397608,6.050688
21.007049,5.784015
20.476615,4.724850
20.115187,5.077023
20.749755,6.647758
20.113469,6.928899
4.283422,20.313589
4.655739,20.117618
3.055301,20.865301
3.529225,21.019459
3.141750,21.561723
2.159696,20.915694
3.396691,20.478783
2.620104,21.125316
2.247473,21.672924
19.802409,4.152234
19.716612,4.561748
20.587660,3.889627
20.274006,4.273867
19.888146,3.742807
21.616704,2.694480
20.827725,4.345537
21.413038,4.029482
20.796508,3.017405
20.465517,3.398491
21.228076,4.911455
20.617196,5.244344
2.502731,20.078445
2.917872,20.026401
2.087591,20.130257
0.900237,21.765930
20.077789,2.502830
20.025883,2.917948
20.838065,2.176443
20.557525,2.584968
20.129555,2.087674
21.765273,0.900285
21.115325,2.610718
21.672221,2.247387
20.975062,1.290409
20.676549,1.697048
21.561089,3.141702
20.979913,3.523365
2.591998,20.598004
2.978741,20.433044
1.321432,21.045211
1.781195,21.238372
1.350419,21.747311
0.000000,20.813960
0.836081,20.216705
0.505732,20.230157
1.694691,20.689656
1.254134,20.199355
0.623184,21.133693
1.006028,21.347117
0.450033,21.784627
-0.000000,21.308296
0.461944,20.694710
0.967450,20.693330
20.215953,0.836131
20.198577,1.254208
21.025660,0.000000
20.229455,0.505730
21.161378,0.651590
21.352092,1.056981
20.710377,0.862550
21.783875,0.449940
21.307414,0.000000
20.744090,0.000000
20.651142,0.428420
21.198922,1.779500
