23.080454,0.000000
22.999442,1.905948
22.762979,3.798338
22.371468,5.665571
21.826771,7.493788
21.133389,9.270731
20.295567,10.984173
19.319080,12.622686
18.211135,14.174696
16.977693,15.630887
15.629944,16.978594
14.173402,18.212376
12.621663,19.320351
10.984131,20.296150
9.269913,21.133678
7.493230,21.827446
5.664983,22.371983
3.798451,22.763434
1.905779,23.000727
-0.000000,23.081750
-0.000000,24.454925
2.020468,24.369974
4.025668,24.120780
6.003567,23.705870
7.940742,23.128916
9.823240,22.394322
11.639168,21.506678
13.375740,20.472532
15.020510,19.297697
16.562211,17.991698
17.991630,16.561979
19.297550,15.020278
20.472139,13.375488
21.506362,11.638761
22.394127,9.823279
23.128737,7.940373
23.705717,6.002978
24.120317,4.025632
24.369834,2.019463
24.453483,0.000000
11.804763,19.811359
12.508359,20.992379
11.749298,20.640464
11.396386,20.054016
12.531759,20.107053
12.003052,20.191039
12.213651,19.566726
14.199429,19.887820
12.301091,20.589909
12.943433,20.732408
13.410782,19.603645
12.877554,19.673670
13.094862,20.091027
12.746341,20.415706
12.073795,21.251006
10.732290,21.953411
13.400038,18.768876
13.013354,19.044684
14.151112,19.006456
13.628551,19.133209
13.787592,18.491997
15.792997,18.647348
13.956900,19.505748
14.611869,19.593128
14.983910,18.429118
14.456975,18.544240
13.787761,20.181685
10.904585,21.145626
9.977984,21.569376
14.904194,17.597529
14.541583,17.905256
15.672990,17.773036
15.162422,17.942053
15.268452,17.289768
17.278854,17.279198
15.519811,18.286722
16.179590,18.319783
16.454883,17.128647
15.939316,17.286868
15.406430,18.974191
14.709317,18.940935
11.455123,21.095479
11.187644,21.730565
11.195483,20.688797
10.277184,22.175409
8.882405,22.764720
10.128389,20.717835
10.556982,20.508806
10.341135,21.128649
9.701748,20.927453
10.527466,21.555836
16.306390,16.306886
15.970720,16.643050
17.085863,16.418062
16.591679,16.628558
16.643319,15.970384
18.646672,15.793418
16.977001,16.942299
17.637352,16.920947
17.812693,15.711619
17.312097,15.911718
16.920567,17.637314
16.224074,17.660881
9.131793,22.002462
9.668085,21.987655
9.355559,22.579809
8.168853,22.313895
9.423150,21.555063
8.707354,22.359339
8.410723,22.948113
17.597192,14.904716
17.289946,15.267930
18.383865,14.951055
17.908516,15.201641
17.905572,14.541208
19.887150,14.199902
18.317849,15.482687
18.974353,15.406963
19.049594,14.187073
18.567106,14.427589
18.319549,16.179674
17.626127,16.261348
8.382861,21.483817
8.826491,21.309844
8.581304,21.906538
7.940246,21.657104
8.965544,21.642087
6.971824,23.420558
18.768001,13.400249
18.492130,13.787639
19.555787,13.381989
19.102564,13.670821
19.045176,13.013188
20.991646,12.509080
19.533938,13.917213
20.181770,13.787630
20.155843,12.565356
19.694965,12.845050
19.592846,14.612004
18.909117,14.750189
7.281798,22.674995
7.820324,22.707260
7.458762,23.275560
6.297542,22.912841
7.617019,22.257549
6.832758,23.000537
6.486965,23.564377
19.810375,11.804761
19.567224,12.213877
20.593642,11.721446
20.166095,12.046551
20.054630,11.396230
21.952841,10.732659
20.616378,12.256463
21.251158,12.073758
21.124583,10.858271
20.688450,11.174797
20.732474,12.944150
20.062726,13.138150
6.580211,22.102928
7.036901,21.965779
6.124612,22.239024
5.013797,23.916562
20.717669,10.128554
20.508968,10.556520
21.491400,9.980959
21.092158,10.340246
20.927080,9.701365
22.764211,8.883213
21.557872,10.512331
22.175560,10.277612
21.949090,9.076867
21.540597,9.428293
21.730411,11.187600
21.078654,11.436733
6.738701,22.540966
7.149391,22.310777
5.384472,23.199810
5.918185,23.275983
5.511177,23.812258
4.383773,23.354861
5.752473,22.810773
4.909790,23.486397
4.519086,24.019799
21.483348,8.383155
21.310619,8.826992
22.242207,8.172216
21.874154,8.563126
21.656732,7.940273
23.420058,6.972891
22.352379,8.696364
22.948458,8.411214
22.623683,7.233415
22.245661,7.617212
22.580034,9.355027
21.951220,9.657077
4.732454,22.571013
5.198666,22.471976
4.267025,22.668663
3.021510,24.248427
22.102405,6.580167
21.966805,7.037117
22.841350,6.307564
22.506638,6.727405
22.238550,6.124589
23.915870,5.014631
22.994084,6.820769
23.564721,6.487392
23.143741,5.340287
22.798994,5.754273
23.275348,7.458241
22.673698,7.811303
4.854562,23.020518
5.282403,22.824949
3.450624,23.565382
3.975926,23.685576
3.525985,24.186342
2.440476,23.636557
3.849193,23.208094
2.953978,23.811478
2.520640,24.311208
22.570430,4.732614
22.472780,5.199089
23.284228,4.399241
22.985769,4.845547
22.667529,4.267186
24.248544,3.022143
23.478834,4.898824
24.019784,4.519228
23.505822,3.410392
23.195899,3.852135
23.812041,5.510539
23.241556,5.912141
2.852839,22.885172
3.325054,22.824551
2.380605,22.943397
1.009887,24.415202
22.884551,2.853401
22.825197,3.325304
23.567003,2.461812
23.307794,2.930596
22.942553,2.381035
24.415434,1.010644
23.803417,2.943488
24.310213,2.520014
23.706734,1.458753
23.435424,1.923732
24.185712,3.525781
23.650181,3.971667
2.937490,23.343381
3.379479,23.182701
1.492166,23.769419
2.006464,23.932412
1.515671,24.395189
0.000000,23.573760
0.952566,23.042770
0.575685,23.056763
1.920452,23.447471
1.428546,23.022013
0.702740,23.856133
1.133973,24.041796
0.503740,24.436170
0.000000,24.011681
0.525818,23.467696
1.096722,23.461984
23.041949,0.952939
23.020769,1.429086
23.760322,0.000000
23.056491,0.575612
23.881146,0.735497
24.045232,1.191321
23.477962,0.977937
24.435356,0.502753
24.009778,0.000000
23.512527,0.000000
23.429410,0.488225
23.897435,2.005496
