20.195803,-0.000000
20.126925,1.667803
19.919968,3.324155
19.577665,4.957836
19.101076,6.557663
18.494221,8.112648
17.761107,9.612172
16.906784,11.046157
15.937352,12.404327
14.857882,13.678693
13.678451,14.858150
12.404088,15.937678
11.045963,16.907147
9.612064,17.761451
8.112499,18.494576
6.557546,19.101522
4.957733,19.578171
3.324111,19.920549
1.667758,20.127643
-0.000000,20.196553
-0.000000,21.752438
1.796322,21.677689
3.580320,21.455808
5.339815,21.086683
7.062920,20.573359
8.737690,19.919862
10.352615,19.130217
11.897491,18.210462
13.360681,17.165646
14.732111,16.003900
16.003714,14.732245
17.165421,13.360784
18.210178,11.897570
19.129911,10.352660
19.919532,8.737743
20.572977,7.062909
21.086227,5.339760
21.455248,3.580279
21.677059,1.796216
21.751666,-0.000000
10.329144,17.334515
11.125112,18.670525
10.368768,18.215682
9.970729,17.548007
11.051903,17.732815
10.559657,17.762467
10.687599,17.120884
12.629175,17.688236
10.885331,18.220398
11.511387,18.440494
11.835743,17.301205
11.332360,17.313176
11.587594,17.778872
11.289663,18.084147
10.738878,18.900463
9.545224,19.525240
11.725198,16.422586
11.385738,16.664877
12.480439,16.762990
11.990246,16.832300
12.064714,16.180220
14.046503,16.584951
12.350572,17.261375
12.995050,17.426972
13.223814,16.264916
12.722666,16.319638
12.263358,17.949437
9.627997,18.670793
8.807057,19.039252
13.041442,15.398048
12.722939,15.667895
13.823126,15.675264
13.339884,15.784632
13.360055,15.128211
15.368040,15.368233
13.733587,16.182521
14.389434,16.294450
14.522069,15.116884
14.027112,15.212991
13.703578,16.875394
13.016860,16.761259
10.139654,18.672303
9.949038,19.327772
9.853474,18.208533
9.141430,19.722650
7.900323,20.246825
8.862376,18.128216
9.237287,17.944946
9.101518,18.595810
8.487604,18.311515
9.316422,19.076119
14.268343,14.268566
13.973562,14.563391
15.069114,14.479985
14.597135,14.629003
14.563213,13.973727
16.584705,14.046669
15.023244,14.992897
15.686015,15.050267
15.720473,13.866261
15.235190,14.002814
15.050084,15.686176
14.357280,15.628462
8.065948,19.434110
8.559341,19.465809
8.319182,20.083373
7.210061,19.695601
8.294189,18.971474
7.705743,19.788518
7.481576,20.410172
15.397807,13.041638
15.128005,13.360189
16.214006,13.186182
15.755654,13.373624
15.667688,12.723080
17.687953,12.629316
16.209801,13.701246
16.875207,13.703743
16.812081,12.520818
16.339672,12.696817
16.294243,14.389574
15.598012,14.389918
7.335104,18.798272
7.723825,18.646496
7.552632,19.281195
6.946466,18.950000
7.880987,19.024679
6.201335,20.830239
16.422266,11.725345
16.179975,12.064863
17.247557,11.802236
16.806185,12.026899
16.664649,11.385862
18.670206,11.125250
17.286005,12.315836
17.949203,12.263448
17.788281,11.089361
17.332132,11.304087
17.426724,12.995163
16.733427,13.052628
6.431277,20.026684
6.923679,20.101942
6.632280,20.701870
5.558473,20.224468
6.704346,19.589603
6.046552,20.355876
5.770534,20.958533
17.334157,10.329252
17.120634,10.687731
18.162704,10.337470
17.741619,10.597804
17.547757,9.970825
19.524899,9.545316
18.243731,10.846077
18.900202,10.738955
18.643097,9.582696
18.206206,9.834131
18.440233,11.511523
17.754195,11.625965
5.757710,19.340064
6.157657,19.220823
5.357846,19.459220
4.460001,21.271466
18.127885,8.862483
17.944651,9.237354
18.954417,8.802412
18.556153,9.096571
18.311170,8.487674
20.246445,7.900422
19.076773,9.302602
19.722351,9.141518
19.370751,8.010518
18.956108,8.297180
19.327463,9.949102
18.652978,10.120151
5.930752,19.839300
6.284983,19.613507
4.755674,20.490310
5.239923,20.605697
4.900059,21.179159
3.869252,20.614566
5.063314,20.076796
4.344705,20.786014
4.020123,21.363708
18.797872,7.335215
18.646197,7.723952
19.616704,7.207149
19.244043,7.533165
18.949599,6.946552
20.829797,6.201415
19.779808,7.695570
20.409842,7.481639
19.966195,6.383558
19.576625,6.703478
20.083048,8.319189
19.425058,8.545316
4.140967,19.749585
4.549357,19.663897
3.732632,19.835157
2.688210,21.566954
19.339597,5.757785
19.220482,6.157746
20.145089,5.562613
19.800576,5.918255
19.458743,5.357915
21.270926,4.460041
20.347821,6.035921
20.958134,5.770563
20.425411,4.713034
20.063585,5.063999
20.701451,6.632260
20.064377,6.911978
4.272445,20.261539
4.643685,20.065533
3.047717,20.813472
3.520665,20.968347
3.134403,21.511517
2.154309,20.863451
3.387993,20.426301
2.613702,21.073806
2.242246,21.622459
19.749033,4.141038
19.663465,4.549450
20.535876,3.879839
20.221862,4.262871
19.834554,3.732694
21.566385,2.688219
20.776899,4.334928
21.363194,4.020116
20.744501,3.009860
20.413027,3.389767
21.178662,4.900003
20.566881,5.231540
2.495982,20.024306
2.910021,19.972434
2.081946,20.075996
0.898138,21.715249
20.023673,2.496065
19.971910,2.910085
20.785672,2.170964
20.504645,2.578321
20.075325,2.082014
21.714609,0.898174
21.063796,2.604338
21.621787,2.242175
20.922634,1.287177
20.623518,1.692690
21.510904,3.134362
20.928724,3.514772
2.585359,20.545208
2.971033,20.380139
1.318161,20.992909
1.776877,21.186720
1.347257,21.696655
0.000000,20.760897
0.833841,20.162186
0.504390,20.175633
1.690354,20.636618
1.250772,20.144911
0.621656,21.081438
1.003576,21.295457
0.449003,21.733903
-0.000000,21.256455
0.460715,20.641358
0.964963,20.640071
20.161472,0.833882
20.144177,1.250833
20.973183,0.000000
20.174957,0.504390
21.109218,0.649980
21.300502,1.054410
20.657180,0.860327
21.733188,0.448929
21.255638,0.000000
20.690873,0.000000
20.597711,0.427268
21.147201,1.775168
