25.253703,-0.000000
25.164312,2.085386
24.905532,4.155700
24.476989,6.198947
23.880951,8.199301
23.122334,10.143502
22.205626,12.018224
21.137161,13.810937
19.924903,15.509037
18.575451,17.102234
17.100856,18.576741
15.507060,19.926704
13.809363,21.138965
12.018236,22.206339
10.142244,23.122676
8.198441,23.881781
6.198017,24.477504
4.155959,24.905874
2.085237,25.165787
0.000000,25.255088
-0.000000,26.515741
2.191251,26.423628
4.365143,26.153593
6.509732,25.703760
8.610207,25.078233
10.651247,24.281731
12.620438,23.319288
14.503332,22.197875
16.286618,20.923988
17.958217,19.507983
19.508033,17.957698
20.923917,16.286152
22.197501,14.502815
23.318952,12.619724
24.281503,10.651284
25.078057,8.609701
25.703719,6.508913
26.153096,4.365332
26.423913,2.189868
26.514325,0.000000
12.916813,21.677696
13.563428,22.763188
12.796172,22.479233
12.470817,21.942398
13.653434,21.906515
13.095094,22.028224
13.363528,21.409922
15.397139,21.565402
13.376818,22.390253
14.035786,22.480389
14.605312,21.349760
14.046962,21.460012
14.240244,21.847932
13.853980,22.188537
13.091765,23.043832
11.637707,23.805248
14.662267,20.536950
14.240106,20.837982
15.417513,20.707020
14.868158,20.873951
15.085855,20.234202
17.125160,20.220337
15.177439,21.211132
15.845087,21.245225
16.318733,20.070542
15.769576,20.227906
14.950270,21.884344
11.873037,23.023076
10.866065,23.488407
16.308055,19.255160
15.912318,19.591240
17.075251,19.363221
16.541519,19.574383
16.706436,18.918843
18.736347,18.736681
16.877086,19.885599
17.545055,19.864496
17.920731,18.654426
17.386580,18.856428
16.705194,20.575180
15.995551,20.597288
12.455055,22.937036
12.132392,23.563039
12.211307,22.565839
11.143326,24.046145
9.631630,24.685015
11.082494,22.669241
11.551208,22.440972
11.279425,23.045403
10.616784,22.898658
11.447750,23.439941
17.842339,17.843031
17.475904,18.210201
18.614643,17.887133
18.100845,18.141456
18.210720,17.475204
20.219431,17.125676
18.461576,18.423540
19.125712,18.347705
19.399427,17.111172
18.883981,17.356457
18.347191,19.125676
17.642777,19.205338
9.940673,23.951199
10.510947,23.904626
10.146050,24.483727
8.896095,24.299719
10.277655,23.510456
9.468445,24.312794
9.119317,24.883896
19.254711,16.308831
18.919302,16.705504
20.028668,16.288881
19.537457,16.584768
19.591866,15.911482
21.564547,15.397761
19.919648,16.836337
20.575458,16.705941
20.746495,15.450819
20.252884,15.737535
19.864268,17.545194
19.167416,17.683488
9.172599,23.507538
9.657269,23.316977
9.359917,23.893446
8.689251,23.697022
9.785517,23.621230
7.559648,25.396156
20.535768,14.662586
20.234646,15.085805
21.305433,14.579448
20.840060,14.914683
20.838901,14.239693
22.762179,13.564455
21.241989,15.134027
21.884589,14.950029
21.951277,13.684769
21.483155,14.011334
21.244969,15.845349
20.562526,16.040198
7.927221,24.684357
8.502010,24.687565
8.089232,25.238331
6.858129,24.951856
8.307791,24.276713
7.430163,25.010131
7.033357,25.551965
21.676369,12.916805
21.410942,13.363844
22.436198,12.770463
22.000396,13.142685
21.943490,12.470537
23.804515,11.638158
22.419087,13.328108
23.044155,13.091658
23.006319,11.825641
22.566898,12.189441
22.480738,14.036920
21.817026,14.287266
7.200165,24.184916
7.699286,24.034485
6.702571,24.333818
5.436345,25.933987
22.669187,11.082717
22.441325,11.550443
23.414264,10.874226
23.010774,11.281189
22.898074,10.616074
24.684368,9.632746
23.442920,11.431483
24.046485,11.143934
23.904296,9.885566
23.496391,10.284321
23.563017,12.132288
22.921855,12.437149
7.350288,24.585582
7.802963,24.350479
5.861707,25.255617
6.433872,25.305763
5.977404,25.820365
4.774057,25.433264
6.274082,24.879995
5.339135,25.538384
4.899583,26.045720
23.507017,9.172916
23.318400,9.657961
24.232202,8.903650
23.863959,9.342402
23.696522,8.689196
25.395540,7.561322
24.306914,9.456763
24.884533,9.120067
24.638930,7.877920
24.265494,8.308742
24.484349,10.145164
23.870711,10.501852
5.178320,24.697113
5.687859,24.588295
4.669929,24.803940
3.275776,26.293664
24.184346,7.199921
24.036359,7.699580
24.885065,6.872228
24.553912,7.339580
24.333245,6.702453
25.933183,5.437670
25.004672,7.417133
25.552668,7.034016
25.205235,5.816054
24.869064,6.276668
25.238367,8.088323
24.656429,8.494697
5.295214,25.108545
5.765329,24.911694
3.756438,25.653416
4.322096,25.751011
3.824822,26.226196
2.657672,25.739907
4.198282,25.313426
3.212511,25.891820
2.732889,26.361887
24.696571,5.178450
24.589891,5.688419
25.367453,4.792952
25.076868,5.286406
24.802425,4.670153
26.294248,3.276958
25.531851,5.327279
26.046017,4.899740
25.599917,3.714159
25.301923,4.202021
25.820454,5.976370
25.274000,6.429318
3.121838,25.040977
3.637673,24.974009
2.605834,25.104242
1.095074,26.474355
25.040450,3.122614
24.975471,3.637975
25.675481,2.682318
25.428490,3.197202
25.103484,2.606411
26.475431,1.096353
25.885047,3.201201
26.360816,2.731897
25.818249,1.588906
25.563422,2.098625
26.225765,3.824467
25.718191,4.318967
3.204117,25.460950
3.688347,25.302051
1.624483,25.875923
2.180996,26.019466
1.644144,26.453069
0.000000,25.703493
1.042299,25.213280
0.629799,25.228050
2.094731,25.574680
1.562400,25.190321
0.764240,25.962038
1.233126,26.129816
0.545351,26.497153
0.000000,26.105798
0.575010,25.605509
1.196316,25.596878
25.212688,1.042858
25.189019,1.563234
25.874576,0.000000
25.228269,0.629700
25.985643,0.800362
26.132569,1.295536
25.612558,1.066726
26.496526,0.543749
26.103683,0.000000
25.647770,0.000000
25.570822,0.534242
25.987425,2.180565
