26.441453,-0.000000
26.347658,2.183488
26.076693,4.351073
25.627941,6.490528
25.003850,8.584985
24.209574,10.620605
23.249747,12.583491
22.131012,14.460501
20.861736,16.238454
19.448874,17.906534
17.904940,19.450356
16.236130,20.863817
14.458650,22.133073
12.583531,23.250521
10.619105,24.209969
8.583947,25.004766
6.489393,25.628473
4.351381,26.077016
2.183358,26.349253
0.000000,26.442899
-0.000000,27.649253
2.285148,27.553348
4.551811,27.271824
6.788111,26.802776
8.978422,26.150522
11.106696,25.319959
13.160188,24.316355
15.123597,23.146924
16.983067,21.818567
18.726119,20.342055
20.342167,18.725451
21.818529,16.982494
23.146569,15.122943
24.315996,13.159337
25.319674,11.106763
26.150307,8.977898
26.802752,6.787230
27.271246,4.552180
27.553798,2.283633
27.647900,0.000000
13.524698,22.697842
14.143796,23.737222
13.370254,23.487614
13.058136,22.974628
14.268397,22.893056
13.693238,23.034465
13.992018,22.417493
16.055964,22.488147
13.967338,23.378561
14.636675,23.441866
15.260409,22.307353
14.687585,22.438584
14.869041,22.812430
14.462247,23.162129
13.651652,24.030021
12.135755,24.823841
15.352240,21.503411
14.910705,21.818225
16.111829,21.639378
15.547148,21.827389
15.795458,21.186560
17.857934,21.085554
15.847453,22.147321
16.523433,22.153960
17.050737,20.970741
16.488645,21.150260
15.589658,22.820939
12.404225,24.052884
11.353106,24.540915
17.075447,20.161285
16.661619,20.512811
17.844061,20.235068
17.296926,20.468465
17.492387,19.809370
19.538058,19.538362
17.622163,20.763311
18.296141,20.714155
18.724597,19.491185
18.179422,19.716257
17.419565,21.455863
16.701695,21.506595
13.004093,23.948098
12.652069,24.570987
12.767852,23.594133
11.619721,25.075187
10.043803,25.741267
11.604051,23.735913
12.094583,23.497182
11.793472,24.095415
11.116979,23.976137
11.952965,24.474238
18.681935,18.682727
18.298684,19.066812
19.452823,18.692558
18.927477,18.970121
19.067421,18.297812
21.084535,17.858489
19.276534,19.236674
19.944382,19.132482
20.269585,17.878706
19.745086,18.147914
19.131883,19.944403
18.421635,20.053212
10.384427,25.020196
10.973757,24.957213
10.580855,25.530976
9.294945,25.388828
10.745798,24.581714
9.886260,25.385190
9.509056,25.948723
20.160758,17.076371
19.809954,17.491277
20.930449,17.022362
20.429696,17.342359
20.513560,16.660537
22.487209,16.056645
20.798954,17.579438
21.456150,17.420419
21.677072,16.143883
21.176381,16.455156
20.713923,18.296345
20.013570,18.464217
9.604339,24.613744
10.111326,24.414158
9.786475,24.981924
9.098695,24.812061
10.234483,24.704965
7.883034,26.482842
21.502077,15.352636
21.187153,15.795368
22.264700,15.235961
21.791754,15.596004
21.819316,14.910167
23.736061,14.144965
22.179620,15.802014
22.821222,15.589385
22.935881,14.298679
22.462750,14.650263
22.153707,16.523796
21.470227,16.748392
8.281288,25.786592
8.876335,25.774893
8.436040,26.317930
7.165574,26.070144
8.686226,25.382889
7.758113,26.113348
7.333892,26.645288
22.696361,13.524704
22.418755,13.992396
23.446392,13.345592
23.005104,13.743086
22.975904,13.057819
24.823024,12.136227
23.408671,13.916403
24.030379,13.651528
24.038245,12.356167
23.595927,12.745296
23.442359,14.638036
22.780114,14.918114
7.539091,25.322969
8.061290,25.165335
7.018519,25.478868
5.668823,27.043695
23.735925,11.604314
23.497584,12.093691
24.468480,11.363960
24.061661,11.796587
23.975384,11.116110
25.740541,10.045032
24.477704,11.936065
25.075571,11.620422
24.976520,10.329076
24.567790,10.753284
24.571024,12.651956
23.933736,12.986357
7.685352,25.705657
8.160817,25.467416
6.123526,26.383333
6.717051,26.420277
6.233876,26.924906
4.988104,26.573159
6.559845,26.013612
5.574813,26.664889
5.108863,27.160131
24.613200,9.604652
24.415886,10.112118
25.323231,9.304648
24.953834,9.769261
24.811445,9.098601
26.482141,7.885002
25.379838,9.874196
25.949456,9.509943
25.744078,8.231378
25.371979,8.687599
25.531805,10.579818
24.924467,10.965620
5.422081,25.859278
5.955213,25.745183
4.890203,25.971129
3.415660,27.418708
25.322368,7.538724
25.167614,8.061637
26.005549,7.181806
25.675257,7.674904
25.478205,7.018369
27.042813,5.670382
26.108372,7.744526
26.646124,7.334657
26.335759,6.076997
26.003058,6.562858
26.318119,8.434932
25.744906,8.869876
5.536628,26.252413
6.029748,26.054402
3.924208,26.798834
4.512194,26.885100
3.989252,27.348184
2.776817,26.893509
4.389538,26.466811
3.354425,27.033915
2.849625,27.489886
25.858753,5.422179
25.747151,5.955829
26.509595,5.008805
26.222209,5.527901
25.969382,4.890475
27.419476,3.417156
26.658855,5.562477
27.160547,5.108994
26.748298,3.880747
26.455611,4.393699
26.925162,6.232642
26.389770,6.713243
3.268899,26.219390
3.808502,26.149012
2.728979,26.285431
1.141923,27.607038
26.218879,3.269771
26.150855,3.808830
26.831508,2.803213
26.590001,3.343268
26.284710,2.729620
27.608515,1.143471
27.027735,3.342677
27.488757,2.848426
26.976202,1.660304
26.729108,2.194453
27.347879,3.988784
26.853480,4.509663
3.350205,26.620984
3.857474,26.462624
1.697141,27.031449
2.276834,27.165435
1.714841,27.584972
-0.000000,26.870557
1.091411,26.399709
0.659476,26.415012
2.190248,26.740025
1.635499,26.375645
0.797975,27.117465
1.287569,27.276484
0.568218,27.630855
-0.000000,27.255641
0.601930,26.776378
1.250840,26.766239
26.399225,1.092053
26.374307,1.636497
27.034173,0.000000
26.415443,0.659365
27.140385,0.835935
27.278902,1.352777
26.781803,1.115311
27.630299,0.566298
27.253455,0.000000
26.817423,0.000000
26.743427,0.559416
27.134777,2.276695
