26.903128,-0.000000
26.807648,2.221628
26.531950,4.427025
26.075347,6.603875
25.440353,8.734913
24.632215,10.806067
23.655628,12.803225
22.517351,14.713002
21.225911,16.521994
19.788402,18.219181
18.217513,19.789946
16.519545,21.228089
14.711051,22.519497
12.803278,23.656413
10.804475,24.632623
8.733805,25.441292
6.602659,26.075877
4.427346,26.532260
2.221507,26.809279
0.000000,26.904587
-0.000000,28.091035
2.321737,27.993673
4.624555,27.707667
6.896605,27.231129
9.121933,26.568458
11.284210,25.724619
13.370560,24.704970
15.365356,23.516821
17.254518,22.167236
19.025420,20.667142
20.667284,19.024690
22.167216,17.253904
23.516483,15.364647
24.704608,13.369659
25.724317,11.284294
26.568233,9.121410
27.231118,6.895710
27.707062,4.625003
27.994190,2.320184
28.089726,0.000000
13.761000,23.094380
14.370004,24.116854
13.593715,23.880127
13.286441,23.375872
14.507749,23.277019
13.925949,23.425933
14.236315,22.809158
16.312752,22.847787
14.197299,23.763426
14.870884,23.816603
15.515412,22.680100
14.936840,22.819317
15.113916,23.188029
14.699157,23.541329
13.869864,24.414397
12.329877,25.220838
15.620449,21.879088
15.171385,22.199257
16.382067,22.002259
15.811316,22.198318
16.071286,21.556760
18.143543,21.422774
16.108373,22.511891
16.787825,22.508141
17.335672,21.321149
16.768422,21.509126
15.838856,23.185986
12.611007,24.453774
11.542692,24.950622
17.373752,20.513513
16.952890,20.871035
18.143295,20.574399
17.590825,20.816305
17.797888,20.155537
19.850536,19.850819
17.912314,21.105109
18.588885,21.045310
19.037507,19.816896
18.487903,20.050793
17.697995,21.799121
16.976695,21.860702
13.217922,24.341845
12.854620,24.963837
12.984403,23.994218
11.805396,25.476265
10.204462,26.152941
11.806796,24.150541
12.305789,23.907754
11.993483,24.503942
11.311418,24.394964
12.149711,24.877013
19.008308,19.009130
18.618519,19.399786
19.779058,19.006034
19.249086,19.292512
19.400425,18.617580
21.421720,18.144106
19.593899,19.553324
20.263466,19.438349
20.608300,18.177472
20.080127,18.455849
19.437720,20.263512
18.724951,20.383396
10.557188,25.436354
11.154006,25.367152
10.750320,25.939143
9.450204,25.812776
10.927949,24.998522
10.048969,25.802805
9.660956,26.363749
20.512961,17.374728
20.156172,17.796713
21.281437,17.307839
20.776830,17.637100
20.871830,16.951711
22.846828,16.313448
21.141377,17.868817
21.799410,17.698885
22.039306,16.413663
21.535696,16.734366
21.045081,18.589116
20.343093,18.768253
9.772174,25.043740
10.287817,24.840653
9.952443,25.405424
9.257856,25.245487
10.409128,25.126539
8.009086,26.906380
21.877705,15.620873
21.557415,16.071179
22.638064,15.491481
22.162019,15.861074
22.200414,15.170798
24.115643,14.371222
22.544756,16.062144
23.186283,15.838573
23.319144,14.537647
22.843893,14.898857
22.507895,16.788230
21.823719,17.024183
8.419131,26.215686
9.022124,26.198356
8.571211,26.738702
7.285251,26.505451
8.833470,25.813280
7.885825,26.542965
7.451026,27.071419
23.092856,13.761009
22.810515,14.236717
23.839576,13.569436
23.395993,13.976673
23.377215,13.286112
25.220000,12.330352
23.794039,14.145500
24.414769,13.869735
24.439929,12.562678
23.996302,12.961569
23.817159,14.872329
23.155176,15.163785
7.670847,25.765344
8.201995,25.604919
7.141337,25.923962
5.759443,27.476209
24.150591,11.807073
23.908175,12.304850
24.878797,11.554567
24.470516,11.997104
24.394147,11.310487
26.152196,10.205725
24.880674,12.132561
25.476666,11.806130
25.393891,10.501717
24.984651,10.935749
24.963903,12.854504
24.327798,13.200234
7.815722,26.141447
8.300019,25.901911
6.225457,26.822346
6.827343,26.854331
6.333840,27.355398
5.071425,27.016878
6.671032,26.454683
5.666590,27.103578
5.190431,27.594482
25.043200,9.772481
24.842502,10.288645
25.747878,9.460716
25.377856,9.935335
25.244830,9.257747
26.905656,8.011160
25.797661,10.036754
26.364520,9.661895
26.174266,8.368964
25.802491,8.835008
25.940061,10.749231
25.334837,11.146225
5.516843,26.311026
6.059129,26.194890
4.975833,26.424830
3.470185,27.857206
25.764743,7.670429
25.607358,8.202363
26.441660,7.302295
26.111523,7.805365
25.923271,7.141178
27.475306,5.761087
26.538180,7.872022
27.072310,7.451829
26.775827,6.178575
26.444272,6.674210
26.738965,8.570029
26.168798,9.015983
5.630559,26.697462
6.132605,26.498923
3.989522,27.244744
4.586233,27.326776
4.053348,27.785474
2.823198,27.342567
4.463955,26.915569
3.409688,27.478679
2.895122,27.929527
26.310520,5.516926
26.197005,6.059763
26.954136,5.092816
26.667809,5.621859
26.423002,4.976124
27.858045,3.471806
27.097740,5.654066
27.594948,5.190544
27.195312,3.945592
26.904487,4.468278
27.355733,6.332531
26.824291,6.823813
3.326069,26.677456
3.874898,26.605761
2.776851,26.744577
1.160182,28.048511
26.676957,3.326974
26.607754,3.875235
27.281458,2.850265
27.041886,3.400103
26.743882,2.777515
28.050146,1.161829
27.472725,3.397771
27.928386,2.893841
27.426946,1.688100
27.182646,2.231741
27.785234,4.052830
27.295602,4.583931
3.407048,27.072320
3.923265,26.914097
1.725439,27.481291
2.314160,27.611739
1.742402,28.026127
0.000000,27.324692
1.110512,26.860887
0.671028,26.876415
2.227420,27.193433
1.663900,26.836409
0.811109,27.567306
1.308770,27.723091
0.577130,28.072727
-0.000000,27.703455
0.612399,27.231889
1.272048,27.221176
26.860454,1.111183
26.835068,1.664964
27.485582,0.000000
26.876931,0.670911
27.589984,0.849781
27.725396,1.375071
27.236714,1.134206
28.072205,0.575088
27.701261,0.000000
27.272506,0.000000
27.199587,0.569204
27.581595,2.314135
