28.895836,0.000000
28.793212,2.386310
28.497111,4.754920
28.006651,7.093176
27.324606,9.382125
26.456631,11.606658
25.407696,13.751745
24.185074,15.802972
22.797958,17.745944
21.254058,19.568763
19.566815,21.255831
17.742994,22.800508
15.800635,24.187527
13.751862,25.408502
11.604668,26.457096
9.380709,27.325625
7.091596,28.007175
4.755260,28.497388
2.386224,28.795001
0.000000,28.897353
-0.000000,30.004694
2.480193,29.901135
4.939602,29.595686
7.366533,29.086705
9.743560,28.378895
12.053155,27.477543
14.281838,26.388377
16.412619,25.119134
18.430393,23.677606
20.321942,22.075364
22.075642,20.320946
23.677665,18.429620
25.118891,16.411682
26.388011,14.280750
27.477154,12.053343
28.378615,9.743099
29.086728,7.365642
29.594934,4.940440
29.901898,2.478546
30.003628,-0.000000
14.781053,24.806038
15.349914,25.761324
14.560022,25.577503
14.271946,25.107894
15.542656,24.937155
14.931599,25.117593
15.290792,24.499863
17.425130,24.405644
15.192301,25.428680
15.885461,25.439867
16.618161,24.292022
16.014090,24.464751
16.173490,24.813217
15.724434,25.182449
14.815066,26.079459
13.170800,26.940519
16.778225,23.500724
16.296650,23.844012
17.550516,23.571266
16.952930,23.801238
17.261865,23.154793
19.380755,22.883529
17.237331,24.089334
17.933121,24.042369
18.567835,22.836482
17.977581,23.060074
16.918279,24.767321
13.505290,26.187580
12.362547,26.722457
18.661439,22.033960
18.210207,22.417324
19.437128,22.041590
18.860931,22.319468
19.116538,21.649836
21.204141,21.204302
19.167749,22.584018
19.856991,22.479779
20.390650,21.225410
19.821114,21.496584
18.904080,23.286071
18.166633,23.392901
14.143247,26.045645
13.732035,26.665568
13.920359,25.723322
12.609676,27.213684
10.900466,27.936201
12.682001,25.940313
13.217395,25.680071
12.857927,26.269495
12.150739,26.202839
13.001015,26.619767
20.417164,20.418075
19.999128,20.837076
21.189646,20.361413
20.638923,20.685698
20.837803,19.997925
22.882340,19.381340
20.967091,20.923426
21.645660,20.763274
22.073031,19.469467
21.528121,19.786680
20.762515,21.645856
20.037410,21.812079
11.304423,27.236270
11.934027,27.141127
11.484375,27.707222
10.121631,27.646169
11.715208,26.799949
10.752996,27.609792
10.318932,28.161585
22.033312,18.662631
21.650663,19.115124
22.799036,18.542169
22.276974,18.910804
22.418279,18.208624
24.404633,17.425861
22.622991,19.120927
23.286334,18.905103
23.605748,17.580313
23.088600,17.941060
22.479572,19.857358
21.768947,20.083800
10.496707,26.899854
11.049590,26.681697
10.669737,27.235713
9.944898,27.116385
11.163710,26.948045
8.555167,28.741042
23.499173,16.778765
23.155699,17.261706
24.252419,16.596269
23.762116,17.006569
23.845396,16.295868
25.759915,15.351317
24.124643,17.187699
24.767645,16.917971
24.976519,15.571055
24.491128,15.973245
24.042151,17.933720
23.353282,18.217516
9.015322,28.071533
9.653037,28.030830
9.156740,28.561362
7.802792,28.387970
9.469859,27.673398
8.438418,28.401880
7.958427,28.917354
24.804387,14.781067
24.501589,15.291306
25.539625,14.537267
25.085217,14.986115
25.109450,14.271593
26.939620,13.171260
25.461462,15.136778
26.079850,14.814932
26.176963,13.455725
25.726647,13.896269
25.440703,15.887251
24.778074,16.226789
8.239639,27.674890
8.809293,27.502463
7.671494,27.845229
6.152042,29.349763
25.940559,12.682331
25.680535,13.216290
26.652918,12.378687
26.237378,12.863641
26.201719,12.149562
27.935399,10.901813
26.624263,12.982784
27.214109,12.610539
27.198766,11.248293
26.786247,11.724348
26.665757,13.731924
26.032902,14.125663
8.379175,28.024835
8.901452,27.779286
6.666338,28.721096
7.304644,28.732654
6.766862,29.220166
5.431740,28.935776
7.151591,28.360970
6.063681,29.001761
5.543758,29.476024
26.899364,10.496971
26.684038,11.050577
27.583965,10.135490
27.210258,10.653037
27.115525,9.944727
28.740228,8.557662
27.605513,10.740132
28.162473,10.320080
28.034565,8.963942
27.663086,9.472115
27.708535,11.483109
27.110497,11.927692
5.925939,28.261031
6.507645,28.136140
5.345477,28.383259
3.706399,29.756726
27.674310,8.238991
27.505560,8.809753
28.327311,7.823241
27.996829,8.369166
27.844410,7.671320
29.348787,6.154022
28.397892,8.423696
28.918445,7.959356
28.678861,6.617867
28.351112,7.155476
28.561973,9.155252
28.002969,9.648186
6.036520,28.620876
6.577004,28.419624
4.272010,29.173344
4.906648,29.238079
4.331036,29.679675
3.023782,29.284568
4.785604,28.855065
3.648788,29.403176
3.092200,29.833954
28.260628,5.925940
28.138859,6.508327
28.876237,5.456043
28.593436,6.027921
28.381086,5.345860
29.757826,3.708581
28.996736,6.050351
29.476675,5.543757
29.128371,4.225998
28.844441,4.790606
29.220855,6.765248
28.704455,7.302247
3.572870,28.654747
4.161444,28.577415
2.983505,28.726534
1.239261,29.960912
28.654292,3.573907
28.580016,4.161821
29.226977,3.053690
28.994635,3.645764
28.725959,2.984248
29.963174,1.241319
29.398113,3.636154
29.832767,3.090546
29.376140,1.808331
29.142701,2.392922
29.679754,4.330262
29.208655,4.905323
3.652734,29.022898
4.207528,28.864852
1.847888,29.426881
2.475692,29.543071
1.861823,29.937061
-0.000000,29.287728
1.193020,28.851586
0.720968,28.868186
2.388119,29.152995
1.786408,28.825401
0.867920,29.513108
1.400502,29.655915
0.615738,29.986852
-0.000000,29.641347
0.657607,29.200284
1.363673,29.187154
28.851371,1.193790
28.824054,1.787768
29.437797,0.000000
28.869031,0.720819
29.534836,0.909659
29.657775,1.471532
29.202628,1.215814
29.986465,0.613181
29.639152,0.000000
29.239260,0.000000
29.170580,0.611461
29.514959,2.476170
