25.299652,0.000000
25.210089,2.089181
24.950837,4.163259
24.521513,6.210229
23.924389,8.214224
23.164393,10.161962
22.246017,12.040096
21.175608,13.836071
19.961144,15.537261
18.609239,17.133356
17.131962,18.610546
15.535265,19.962966
13.834482,21.177434
12.040106,22.246745
10.160692,23.164751
8.213355,23.925238
6.209289,24.522043
4.163519,24.951194
2.089032,25.211585
-0.000000,25.301056
0.000000,26.559521
2.194877,26.467260
4.372352,26.196781
6.520482,25.746206
8.624425,25.119647
10.668834,24.321829
12.641279,23.357796
14.527281,22.234528
16.313509,20.958537
17.987866,19.540195
19.540239,17.987347
20.958458,16.313044
22.234144,14.526762
23.357447,12.640563
24.321585,10.668873
25.119454,8.623919
25.746150,6.519660
26.196265,4.372548
26.467535,2.193488
26.558090,0.000000
12.940330,21.717173
13.585837,22.800806
12.818360,22.518215
12.493539,21.982342
13.677203,21.944656
13.118220,22.067139
13.387843,21.448911
15.422577,21.601039
13.399634,22.428447
14.058987,22.517522
14.630631,21.386778
14.071730,21.497853
14.264538,21.885205
13.877479,22.226157
13.113385,23.081920
11.656938,23.844587
14.688960,20.574349
14.266049,20.875914
15.444349,20.743065
14.894409,20.910822
15.113308,20.271054
17.153453,20.253752
15.203326,21.247310
15.871280,21.280321
16.347023,20.105341
15.797376,20.263573
14.974959,21.920516
11.893565,23.062883
10.884888,23.529093
16.337743,19.290223
15.941306,19.626901
17.104966,19.396926
16.570725,19.608958
16.736843,18.953302
18.767302,18.767642
16.905873,19.919517
17.574056,19.897310
17.951799,18.686771
17.417232,18.889677
16.732777,20.609192
16.022833,20.632428
12.476266,22.976108
12.152458,23.601968
12.232824,22.605604
11.161721,24.085888
9.647545,24.725810
11.102671,22.710519
11.572231,22.481843
11.299299,23.086008
10.636135,22.940354
11.467270,23.479912
17.874819,17.875523
17.507734,18.243348
18.647038,17.918270
18.132804,18.173501
18.243864,17.507035
20.252833,17.153977
18.493062,18.454963
19.157321,18.378013
19.433056,17.140841
18.917271,17.387062
18.377489,19.157294
17.672868,19.238103
9.957822,23.992521
10.528827,23.945302
10.162840,24.524174
8.911510,24.341821
10.295754,23.551882
9.484589,24.354238
9.134367,24.925021
19.289762,16.338531
18.953757,16.735910
20.063522,16.317237
19.571952,16.614065
19.627523,15.940466
21.600171,15.423206
19.953620,16.865052
20.609462,16.733534
20.782458,15.477609
20.288586,15.765284
19.897074,17.574202
19.200106,17.713658
9.189302,23.550345
9.674836,23.359434
9.376409,23.935538
8.705092,23.740171
9.802878,23.663145
7.572134,25.438127
20.573150,14.689287
20.271494,15.113262
21.342508,14.604827
20.876853,14.941029
20.876830,14.265636
22.799780,13.586873
21.278214,15.159839
21.920752,14.974720
21.989329,13.708500
21.521025,14.036040
21.280055,15.871549
20.597593,16.067564
7.940904,24.726964
8.516472,24.729583
8.102624,25.280028
6.870012,24.995087
8.322422,24.319490
7.442834,25.052766
7.044962,25.594191
21.715828,12.940327
21.449929,13.388166
22.475241,12.792697
22.039239,13.165902
21.983430,12.493261
23.843839,11.657392
22.457319,13.350841
23.082233,13.113279
23.046198,11.846148
22.606679,12.210934
22.517866,14.060134
21.854233,14.311643
7.213277,24.228956
7.713293,24.078246
6.714795,24.378129
5.445321,25.976847
22.710454,11.102899
22.482186,11.571464
23.455008,10.893158
23.051401,11.301119
22.939750,10.635422
24.725146,9.648667
23.482898,11.450981
24.086217,11.162335
23.945733,9.902709
23.537809,10.302454
23.601936,12.152356
22.960947,12.458372
7.363242,24.628897
7.816801,24.393678
5.871825,25.299210
6.444812,25.348832
5.987308,25.863026
4.782330,25.477330
6.285130,24.923833
5.348241,25.581919
4.907664,26.088761
23.549809,9.189621
23.360856,9.675535
24.274368,8.919151
23.906094,9.358907
23.739653,8.705037
25.437492,7.573821
24.348364,9.472893
24.925649,9.135124
24.681638,7.891583
24.308269,8.323390
24.524790,10.161949
23.911421,10.519773
5.187751,24.742086
5.698203,24.633063
4.678451,24.849108
3.281177,26.337116
24.228370,7.213030
24.080121,7.713590
24.928369,6.884195
24.597263,7.352546
24.377537,6.714676
25.976023,5.446656
25.047311,7.429784
25.594884,7.045626
25.248924,5.826140
24.912902,6.287733
25.280055,8.101708
24.698479,8.509194
5.304548,25.152781
5.775554,24.955890
3.762921,25.697693
4.329440,25.794837
3.831171,26.269530
2.662277,25.784503
4.205676,25.358029
3.217994,25.935958
2.737397,26.405453
24.741528,5.187880
24.634659,5.698767
25.411594,4.801296
25.121146,5.295744
24.847568,4.678677
26.337691,3.282371
25.575390,5.336368
26.089046,4.907821
25.644296,3.720598
25.346522,4.209433
25.863105,5.986266
25.317104,6.440289
3.127527,25.086579
3.644283,25.019478
2.610598,25.149952
1.096883,26.518103
25.086036,3.128307
25.020939,3.644586
25.720158,2.686992
25.473394,3.202849
25.149178,2.611178
26.519177,1.098173
25.929192,3.206668
26.404363,2.736397
25.862998,1.591666
25.608485,2.102330
26.269087,3.830812
25.762049,4.326335
3.209765,25.505811
3.694887,25.346938
1.627290,25.920590
2.184699,26.063751
1.646874,26.496786
0.000000,25.748621
1.044199,25.259193
0.630946,25.273983
2.098424,25.619745
1.565229,25.236190
0.765544,26.006699
1.235229,26.174126
0.546234,26.540939
0.000000,26.150232
0.576051,25.650792
1.198424,25.642102
25.258588,1.044761
25.234870,1.566070
25.919386,0.000000
25.274193,0.630846
26.030260,0.801737
26.176848,1.297748
25.657760,1.068605
26.540298,0.544620
26.148097,0.000000
25.692986,0.000000
25.616158,0.535216
26.031749,2.184279
