24.484394,-0.000000
24.397915,2.021860
24.147033,4.029182
23.731591,6.010120
23.153725,7.949532
22.418203,9.834524
21.529422,11.652149
20.493517,13.390272
19.318187,15.036657
18.009804,16.581354
16.580116,18.010973
15.034907,19.319809
13.388882,20.495157
11.652139,21.530109
9.833419,22.418537
7.948780,23.154520
6.009313,23.732121
4.029396,24.147425
2.021700,24.399341
-0.000000,24.485767
-0.000000,25.784166
2.130634,25.694551
4.244645,25.431921
6.330050,24.994487
8.372549,24.386206
10.357298,23.611684
12.272080,22.675799
14.103019,21.585370
15.837132,20.346642
17.462615,18.969688
18.969687,17.462204
20.346535,15.836750
21.584972,14.102598
22.675458,12.271470
23.611461,10.357329
24.386022,8.372078
24.994399,6.329296
25.431433,4.244737
25.694682,2.129364
25.782703,0.000000
12.523128,21.017009
13.188864,22.134550
12.425030,21.827345
12.090449,21.273898
13.255813,21.268644
12.708144,21.377266
12.956471,20.757405
14.971937,20.969862
12.995269,21.751699
13.647982,21.859855
14.181810,20.730713
13.632569,20.827016
13.833978,21.224774
13.461045,21.559629
12.730393,22.407366
11.316273,23.147849
14.215417,19.911041
13.805808,20.203145
14.968586,20.104194
14.428914,20.257158
14.626266,19.617439
16.652227,19.661926
14.744526,20.606254
15.407282,20.658730
15.845499,19.488604
15.304439,19.631284
14.537586,21.279886
11.529664,22.357413
10.551207,22.808032
15.811065,18.668337
15.427049,18.994395
16.578160,18.799520
16.052844,18.995995
16.197392,18.342126
18.218921,18.219275
16.395673,19.318500
17.060302,19.316124
17.401042,18.113491
16.873722,18.300245
16.244128,20.006810
15.539317,20.009791
12.100353,22.283827
11.796995,22.912513
11.851322,21.900694
10.835848,23.382022
9.365634,24.003313
10.744722,21.978432
11.199264,21.756958
10.946921,22.366197
10.292843,22.200844
11.121327,22.771675
17.298587,17.299220
16.943042,17.655424
18.072700,17.366371
17.566086,17.605386
17.655858,16.942474
19.661086,16.652721
17.935011,17.898165
18.597333,17.841207
18.836880,16.614989
18.326963,16.844502
17.840735,18.597289
17.139558,18.657530
9.653852,23.260236
10.211958,23.224633
9.865421,23.807837
8.638257,23.595673
9.974843,22.817536
9.198491,23.619923
8.867769,24.196679
18.667921,15.811756
18.342481,16.196601
19.445598,15.814639
18.960256,16.094679
18.994912,15.426383
20.969054,14.972518
19.351505,16.356213
20.007051,16.244808
20.144889,15.002780
19.655507,15.273342
19.315885,17.060417
18.620716,17.179063
8.893006,22.791128
9.363180,22.606426
9.084000,23.189370
8.424086,22.974884
9.495018,22.920048
7.350952,24.694818
19.909949,14.215698
19.617765,14.626255
20.685196,14.154966
20.224394,14.473936
20.203916,13.805487
22.133625,13.189794
20.636159,14.702436
21.280074,14.537380
21.314740,13.287900
20.849487,13.598047
20.658455,15.407494
19.976057,15.582638
7.698365,23.971903
8.260191,23.985116
7.865406,24.541555
6.659378,24.228950
8.063004,23.561201
7.218269,24.297348
6.839388,24.846358
21.015779,12.523122
20.758237,12.956757
21.783028,12.398602
21.350431,12.754285
21.274826,12.090210
23.147156,11.316704
21.779685,12.948007
22.407630,12.730308
22.339186,11.482677
21.901249,11.829889
21.860093,13.648972
21.194771,13.879679
6.980681,23.447880
7.464813,23.302134
6.497958,23.592248
5.286322,25.217796
21.978321,10.744925
21.757242,11.198600
22.732628,10.557577
22.330933,10.947778
22.200333,10.292247
24.002698,9.366658
22.774313,11.105469
23.382295,10.836397
23.211114,9.598854
22.803333,9.980976
22.912431,11.796909
22.268070,12.082307
7.133557,23.861062
7.571416,23.627830
5.692483,24.526695
6.250936,24.585758
5.811883,25.107494
4.635685,24.696393
6.089240,24.146739
5.186854,24.810560
4.764508,25.326504
22.790605,8.893323
22.607616,9.363810
23.526765,8.644370
23.158894,9.066271
22.974424,8.424061
24.694229,7.352423
23.613660,9.187057
24.197213,8.868430
23.924461,7.649422
23.549741,8.063686
23.808303,9.864651
23.189868,10.202214
5.020467,23.944462
5.514692,23.839085
4.527284,24.048036
3.185503,25.567589
23.447309,6.980513
23.303705,7.465078
24.160583,6.672062
23.828485,7.122662
23.591701,6.497870
25.217016,5.287484
24.291535,7.205606
24.846932,6.839970
24.474366,5.647372
24.135512,6.091549
24.541479,7.864632
23.953152,8.252297
5.139059,24.368639
5.594238,24.172375
3.647999,24.913061
4.199293,25.018359
3.718717,25.502059
2.580658,24.994184
4.074574,24.567379
3.120814,25.153933
2.657544,25.633891
23.943885,5.020612
23.840398,5.515210
24.628966,4.653386
24.335913,5.130189
24.046643,4.527482
25.568007,3.186487
24.803660,5.175312
25.326683,4.764671
24.857495,3.606464
24.555631,4.078036
25.107453,5.810985
24.553090,6.245876
3.026603,24.277807
3.527017,24.213068
2.526090,24.339282
1.064834,25.743346
24.277235,3.027310
24.214239,3.527303
24.928029,2.604150
24.677060,3.102724
24.338473,2.526620
25.744116,1.065933
25.146714,3.109792
25.632829,2.656682
25.069645,1.542758
24.809353,2.036646
25.501531,3.718424
24.984667,4.195771
3.109627,24.710582
3.578918,24.551178
1.577544,25.129026
2.119084,25.279144
1.598528,25.722533
-0.000000,24.948711
1.010514,24.444912
0.610613,24.459376
2.032962,24.820887
1.515032,24.422702
0.742435,25.215287
1.197952,25.389104
0.530586,25.765490
0.000000,25.362974
0.557586,24.848043
1.161034,24.840418
24.444220,1.011012
24.421399,1.515762
25.124961,0.000000
24.459413,0.610521
25.239343,0.777366
25.392063,1.258561
24.856166,1.035279
25.764782,0.529197
25.360896,0.000000
24.891137,0.000000
24.812125,0.517945
25.246104,2.118463
