23.064312,0.000000
22.983364,1.904616
22.747067,3.795685
22.355831,5.661612
21.811516,7.488550
21.118618,9.264252
20.281383,10.976496
19.305579,12.613865
18.198410,14.164791
16.965829,15.619965
15.619022,16.966731
14.163500,18.199650
12.612845,19.306851
10.976453,20.281971
9.263436,21.118914
7.487994,21.812197
5.661025,22.356355
3.795796,22.747532
1.904447,22.984657
0.000000,23.065616
-0.000000,24.439699
2.019205,24.354802
4.023158,24.105762
5.999826,23.691110
7.935794,23.114514
9.817120,22.380377
11.631916,21.493286
13.367406,20.459784
15.011153,19.285680
16.551893,17.980494
17.980421,16.551666
19.285528,15.010924
20.459386,13.367158
21.492963,11.631512
22.380175,9.817161
23.114328,7.935427
23.690947,5.999239
24.105290,4.023121
24.354650,2.018204
24.438248,0.000000
11.796506,19.797504
12.500561,20.979295
11.741543,20.626848
11.388408,20.039999
12.523448,20.093725
11.994955,20.177421
12.205113,19.553044
14.190577,19.875425
12.293129,20.576587
12.935360,20.719492
13.401934,19.590715
12.868885,19.660432
13.086384,20.078027
12.738145,20.402591
12.066270,21.237760
10.725599,21.939728
13.390666,18.755751
13.004245,19.031372
14.141730,18.993860
13.619361,19.120307
13.777951,18.479065
15.783151,18.635725
13.947865,19.493129
14.602754,19.580920
14.974022,18.416963
14.447245,18.531762
13.779168,20.169104
10.897413,21.131725
9.971406,21.555167
14.893769,17.585224
14.531404,17.892741
15.662600,17.761257
15.152197,17.929954
15.257773,17.277675
17.268081,17.268428
15.509764,18.274891
16.169498,18.308369
16.444025,17.117348
15.928587,17.275235
15.396830,18.962362
14.699797,18.928679
11.447723,21.081854
11.180662,21.717025
11.187953,20.674886
10.270783,22.161587
8.876868,22.750532
10.121305,20.703349
10.549599,20.494464
10.334180,21.114444
9.694953,20.912821
10.520655,21.541895
16.294984,16.295483
15.959543,16.631416
17.074536,16.407180
16.580490,16.617344
16.631679,15.959213
18.635047,15.783573
16.966012,16.931338
17.626351,16.910405
17.800938,15.701255
17.300443,15.901010
16.910023,17.626317
16.213573,17.649452
9.125803,21.988035
9.661847,21.973473
9.349716,22.565742
8.163467,22.299191
9.416816,21.540573
8.701721,22.344885
8.405486,22.933811
17.584883,14.894293
17.277847,15.257257
18.371678,14.941146
17.896438,15.191389
17.893049,14.531036
19.874751,14.191050
18.305991,15.472670
18.962518,15.397364
19.037023,14.177714
18.554608,14.417881
18.308130,16.169585
17.614718,16.250825
8.376998,21.468796
8.820322,21.294946
8.575532,21.891814
7.934684,21.641962
8.959463,21.627416
6.967481,23.405962
18.754874,13.390878
18.479190,13.778002
19.542823,13.373119
19.089681,13.661601
19.031855,13.004083
20.978558,12.501281
19.521293,13.908208
20.169183,13.779041
20.142542,12.557066
19.681707,12.836406
19.580634,14.602891
18.896878,14.740643
7.277019,22.660119
7.815280,22.692609
7.454103,23.261058
6.293390,22.897743
7.611899,22.242586
6.828337,22.985668
6.482927,23.549692
19.796518,11.796505
19.553533,12.205340
20.579989,11.713675
20.152493,12.038426
20.040602,11.388255
21.939153,10.725968
20.603033,12.248532
21.237904,12.066236
21.110642,10.851107
20.674522,11.167277
20.719551,12.936075
20.049740,13.129646
6.575609,22.087474
7.031982,21.950424
6.120321,22.223475
5.010674,23.901657
20.703176,10.121470
20.494617,10.549141
21.477152,9.974342
21.077931,10.333271
20.912442,9.694574
22.750017,8.877674
21.543917,10.505529
22.161730,10.271210
21.934605,9.070878
21.526096,9.421949
21.716864,11.180619
21.065009,11.429330
6.734167,22.525814
7.144544,22.295657
5.380938,23.184591
5.914369,23.260966
5.507732,23.797421
4.380882,23.339472
5.748606,22.795439
4.906613,23.471214
4.516274,24.004831
21.468319,8.377292
21.295708,8.820823
22.227461,8.166798
21.859399,8.557349
21.641583,7.934714
23.405455,6.968543
22.337909,8.690736
22.934146,8.405975
22.608752,7.228642
22.230685,7.612087
22.565956,9.349188
21.937011,9.650825
4.729144,22.555232
5.195033,22.456268
4.264033,22.652814
3.019631,24.233316
22.086943,6.575566
21.951435,7.032199
22.826205,6.303381
22.491456,6.722867
22.222993,6.120300
23.900957,5.011505
22.979199,6.816356
23.550025,6.483352
23.128468,5.336763
22.783645,5.750401
23.260836,7.453585
22.659020,7.806246
4.851296,23.005044
5.278821,22.809480
3.448360,23.549924
3.973365,23.670296
3.523777,24.171271
2.438867,23.620984
3.846606,23.192493
2.952064,23.796086
2.519071,24.296058
22.554639,4.729304
22.457057,5.195455
23.268791,4.396324
22.970263,4.842279
22.651674,4.264195
24.233420,3.020260
23.463635,4.895653
24.004805,4.516415
23.490307,3.408142
23.180283,3.849542
23.797194,5.507097
23.226510,5.908314
2.850842,22.869171
3.322732,22.808598
2.378933,22.927358
1.009257,24.399989
22.868539,2.851402
22.809227,3.322982
23.551379,2.460179
23.292067,2.928620
22.926505,2.379362
24.400205,1.010010
23.788006,2.941580
24.295054,2.518448
23.691090,1.457790
23.419645,1.922436
24.170630,3.523574
23.634871,3.969097
2.935514,23.327689
3.377188,23.166991
1.491187,23.753824
2.005172,23.916972
1.514721,24.379985
0.000000,23.557981
0.951901,23.026659
0.575284,23.040647
1.919161,23.431707
1.427552,23.005920
0.702285,23.840544
1.133239,24.026350
0.503432,24.420943
-0.000000,23.996189
0.525453,23.451851
1.095983,23.446161
23.025828,0.952272
23.004667,1.428089
23.744659,0.000000
23.040363,0.575212
23.865560,0.735017
24.029783,1.190550
23.462134,0.977278
24.420119,0.502450
23.994280,0.000000
23.496694,0.000000
23.413528,0.487884
23.881962,2.004200
