24.614069,-0.000000
24.527095,2.032567
24.274882,4.050507
23.857231,6.041948
23.276302,7.991632
22.536887,9.886605
21.643399,11.713854
20.602006,13.461178
19.420451,15.116280
18.105146,16.669153
16.667889,18.106338
15.114490,19.422107
13.459756,20.603677
11.713847,21.644094
9.885473,22.537226
7.990862,23.277107
6.041120,23.857763
4.050729,24.275269
2.032409,24.528534
-0.000000,24.615449
-0.000000,25.907334
2.140840,25.817295
4.264932,25.553418
6.360301,25.113897
8.412561,24.502713
10.406785,23.724490
12.330727,22.784134
14.170412,21.688489
15.912804,20.443841
17.546051,19.060313
19.060318,17.545622
20.443738,15.912409
21.688092,14.169976
22.783792,12.330100
23.724263,10.406818
24.502527,8.412082
25.113814,6.359535
25.552926,4.265040
25.817449,2.139549
25.905873,0.000000
12.589486,21.128375
13.251923,22.240386
12.487550,21.937158
12.154563,21.386580
13.322796,21.376103
12.773341,21.486950
13.025085,20.867393
15.043521,21.070126
13.059529,21.859245
13.713269,21.964327
14.253149,20.834994
13.702388,20.933669
13.902400,21.329727
13.527218,21.665543
12.791233,22.514519
11.370387,23.258527
14.290737,20.016544
13.879011,20.310154
15.044211,20.205748
14.502922,20.361084
14.703734,19.721400
16.731847,19.755938
14.817437,20.708128
15.480988,20.757470
15.925216,19.586633
15.382808,19.731808
14.607064,21.381650
11.587504,22.469543
10.604245,22.922642
15.894835,18.767251
15.508843,19.095000
16.661900,18.894483
16.135180,19.093450
16.283196,18.439336
18.306031,18.306384
16.476752,19.414011
17.141911,19.408446
17.488584,18.204613
16.960131,18.393956
16.321750,20.102498
15.616154,20.108737
12.160089,22.393839
11.853460,23.022034
11.911973,22.012764
10.887614,23.493831
9.410414,24.118083
10.801655,22.094876
11.258588,21.872255
11.002942,22.480636
10.347445,22.318469
11.176302,22.884226
17.390239,17.390884
17.032859,17.748938
18.163995,17.454100
17.656187,17.695711
17.749385,17.032270
19.755085,16.732346
18.023694,17.986649
18.686287,17.926479
18.931641,16.698572
18.420813,16.930761
17.925999,18.686245
17.224308,18.749792
9.702164,23.376626
10.262311,23.339153
9.912666,23.921629
8.681689,23.714272
10.025862,22.934284
9.243956,23.736617
8.910119,24.312377
18.766828,15.895542
18.439707,16.282382
19.543822,15.894531
19.057508,16.177256
19.095533,15.508150
21.069307,15.044111
19.447190,16.437076
20.102744,16.322443
20.246230,15.078253
19.756156,15.351553
19.408207,17.142031
18.712789,17.264018
8.940133,22.911887
9.412752,22.726196
9.130488,23.307999
8.468781,23.096608
9.543968,23.038200
7.386086,24.812893
20.015434,14.291025
19.721744,14.703718
20.789680,14.226475
20.328127,14.548199
20.310948,13.878675
22.239444,13.252871
20.738192,14.775124
21.381846,14.606853
21.421965,13.354754
20.956251,13.667681
20.757196,15.481209
20.074828,15.659700
7.736913,24.091913
8.300916,24.103419
7.903087,24.658863
6.692858,24.350726
8.104247,23.681757
7.253956,24.417396
6.872043,24.965151
21.127125,12.589480
20.868254,13.025377
21.893060,12.461247
21.459943,12.819727
21.387535,12.154317
23.257824,11.370823
21.887372,13.012023
22.514791,12.791144
22.451565,11.540450
22.013401,11.890469
21.964580,13.714285
21.299568,13.948324
7.017676,23.572115
7.504337,23.425578
6.532446,23.717248
5.311578,25.338372
22.094770,10.801862
21.872548,11.257908
22.847455,10.610921
22.445479,11.003955
22.317943,10.346831
24.117459,9.411455
22.886918,11.160376
23.494113,10.888173
23.327880,9.647152
22.920103,10.032085
23.021959,11.853371
22.378178,12.142069
7.170073,23.983136
7.610432,23.749598
5.720987,24.649479
6.281744,24.707018
5.839749,25.227512
4.658994,24.820521
6.120383,24.270284
5.212501,24.933141
4.787249,25.447589
22.911360,8.940450
22.727423,9.413393
23.645602,8.688049
23.277690,9.112797
23.096139,8.468751
24.812296,7.387592
23.730417,9.232481
24.312925,8.910795
24.044813,7.687913
23.670335,8.104974
23.922117,9.911876
23.304533,10.252679
5.047073,24.071329
5.543881,23.965371
4.551327,24.175452
3.200700,25.689828
23.571540,7.017496
23.427198,7.504607
24.282627,6.705782
23.950712,7.159211
23.716692,6.532354
25.337584,5.312769
24.411640,7.241231
24.965744,6.872639
24.597480,5.675787
24.259104,6.122739
24.658802,7.902291
24.071595,8.293122
5.165369,24.493306
5.623068,24.296952
3.666264,25.037770
4.219974,25.141749
3.736579,25.623974
2.593631,25.119802
4.095417,24.693080
3.136257,25.278208
2.670229,25.756454
24.070755,5.047217
23.966729,5.544407
24.753370,4.676897
24.460756,5.156510
24.174034,4.551530
25.690271,3.201717
24.926300,5.200907
25.447784,4.787411
24.982556,3.624605
24.681370,4.098926
25.227488,5.838828
24.674502,6.276771
3.042655,24.406448
3.545670,24.341332
2.539531,24.468224
1.069925,25.866417
24.405880,3.043374
24.342548,3.545959
25.053943,2.617319
24.803669,3.118642
24.467419,2.540069
25.867234,1.071055
25.271062,3.125187
25.755387,2.669346
25.195747,1.550532
24.936403,2.047088
25.623457,3.736276
25.108204,4.216518
3.125547,24.837011
3.597357,24.677702
1.585449,25.254838
2.129510,25.403825
1.606207,25.845525
0.000000,25.075877
1.015871,24.574429
0.613845,24.588942
2.043368,24.947893
1.523018,24.552091
0.746108,25.341070
1.203876,25.513847
0.533072,25.888670
0.000000,25.488076
0.560522,24.975674
1.166979,24.967877
24.573750,1.016379
24.550783,1.523765
25.251230,0.000000
24.589007,0.613752
25.365043,0.781239
25.516766,1.264788
24.983608,1.040579
25.887972,0.531647
25.485987,0.000000
25.018619,0.000000
24.939964,0.520691
25.370954,2.128922
