27.511406,0.000000
27.413724,2.271886
27.131793,4.527102
26.664851,6.753223
26.015493,8.932459
25.189090,11.050432
24.190419,13.092744
23.026396,15.045695
21.705753,16.895583
20.235767,18.631120
18.629363,20.237384
16.892978,21.708046
15.043622,23.028639
13.092817,24.191208
11.048720,25.189508
8.931260,26.016450
6.751898,26.665370
4.527437,27.132080
2.271776,27.415394
0.000000,27.512873
-0.000000,28.674041
2.370019,28.574773
4.720546,28.282849
7.039778,27.796428
9.311319,27.120006
11.518475,26.258646
13.648187,25.217821
15.684407,24.004969
17.612754,22.627372
19.420410,21.096158
21.096345,19.419596
22.627382,17.612084
24.004663,15.683625
25.217464,13.647223
26.258327,11.518583
27.119774,9.310806
27.796438,7.038873
28.282212,4.721105
28.575382,2.368424
28.672807,-0.000000
14.072352,23.616844
14.668535,24.617847
13.888384,24.397718
13.587253,23.904543
14.823356,23.783299
14.232724,23.941980
14.558191,23.325212
16.651639,23.322396
14.500621,24.271064
15.179974,24.311137
15.851681,23.171630
15.265439,23.321236
15.436916,23.683449
15.011674,24.041547
14.157833,24.921658
12.586064,25.744746
15.973842,22.374068
15.514856,22.701294
16.738400,22.480744
16.159563,22.687292
16.434705,22.044531
18.520464,21.867798
16.452530,22.992761
17.136745,22.975549
17.711408,21.783224
17.137259,21.982219
16.167716,23.667739
12.883696,24.982438
11.792696,25.490900
17.766799,20.977603
17.336669,21.343019
18.537863,21.021834
17.978268,21.274845
18.200403,20.611643
20.262916,20.263163
18.295027,21.555942
18.975220,21.482328
19.450134,20.246402
18.894581,20.491812
18.065438,22.252119
17.339432,22.327775
13.499983,24.861214
13.121928,25.482274
13.269894,24.521652
12.050428,26.005568
10.416492,26.696219
12.073936,24.696843
12.584060,24.448719
12.257165,25.042501
11.567609,24.946795
12.409224,25.408275
19.438338,19.439190
19.039931,19.838500
20.209232,19.419373
19.673055,19.717504
19.839180,19.038903
21.866705,18.521033
20.012509,19.970988
20.684560,19.841995
21.054955,18.571446
20.521818,18.861801
19.841330,20.684642
19.125038,20.818914
10.785024,25.985164
11.391772,25.907894
10.973959,26.477794
9.654944,26.371830
11.168087,25.548009
10.263585,26.353645
9.861415,26.911458
20.977025,17.767839
20.612346,18.199143
21.744247,17.684261
21.234448,18.025642
21.343876,17.335361
23.321420,16.652348
21.593040,18.250511
22.252410,18.066369
22.516975,16.769415
22.009390,17.102450
21.482110,18.975486
20.777749,19.169283
9.993320,25.610291
10.520349,25.402598
10.171243,25.963724
9.467566,25.816554
10.639338,25.682236
8.175443,27.465315
22.372634,15.974299
22.045270,16.434576
23.130380,15.828400
22.650129,16.210505
22.702535,15.514204
24.616579,14.669811
23.026377,16.405258
23.668056,16.167420
23.824544,14.852769
23.346361,15.226581
22.975317,17.137204
22.289990,17.387956
8.600915,26.781553
9.214437,26.756934
8.749597,27.293984
7.443067,27.079485
9.027588,26.380672
8.054279,27.109635
7.605609,27.633782
23.615277,14.072363
23.326695,14.558622
24.358027,13.864589
23.911292,14.284602
23.905969,13.586910
25.743892,12.586537
24.302346,14.447681
24.922048,14.157698
24.969620,12.834998
24.524123,13.246684
24.311783,15.181526
23.649899,15.487829
7.844454,26.348205
8.387377,26.184108
7.303161,26.510402
5.879041,28.046990
24.696954,12.074228
24.449167,12.583063
25.419838,11.805894
25.009499,12.261440
24.945897,11.566599
26.695460,10.417789
25.412199,12.391743
26.005992,12.051202
25.944269,10.729373
25.534207,11.176297
25.482386,13.121810
24.847582,13.482341
7.987593,26.715947
8.483508,26.474646
6.359883,27.401295
6.972831,27.426882
6.465763,27.923508
5.181298,27.602004
6.817616,27.036155
5.787643,27.682215
5.298074,28.167692
25.609769,9.993615
25.404609,10.521225
26.307815,9.666501
25.936834,10.154266
25.815847,9.467436
27.464570,8.177652
26.348777,10.251172
26.912280,9.862419
26.741545,8.550394
26.370045,9.029343
26.478839,10.972807
25.876129,11.384446
5.641706,26.906236
6.196042,26.787418
5.088660,27.022612
3.542145,28.435890
26.347615,7.843967
26.186762,8.387772
27.016714,7.461167
26.686640,7.977349
26.509682,7.302992
28.046071,5.880792
27.105105,8.040193
27.634748,7.606455
27.356136,6.312527
27.025933,6.821010
27.294356,8.748317
26.727928,9.208703
5.754391,27.284169
6.268184,27.084875
4.075656,27.832790
4.683900,27.909381
4.137941,28.362553
2.884362,27.934735
4.562065,27.507174
3.482579,28.065333
2.955164,28.509715
26.905766,5.641766
26.789732,6.196694
27.540306,5.203589
27.255228,5.745724
27.020687,5.088978
28.436826,3.543933
27.676640,5.774872
28.168230,5.298159
27.784781,4.031100
27.496250,4.566597
27.923957,6.464357
27.397441,6.969657
3.401398,27.280992
3.962371,27.207569
2.839929,27.349536
1.184276,28.631121
27.280517,3.402346
27.209763,3.962720
27.874765,2.912305
27.637585,3.475033
27.348886,2.840619
28.632966,1.186052
28.059674,3.470440
28.508568,2.953771
28.021333,1.724757
27.780547,2.280902
28.362413,4.137351
27.878778,4.681898
3.481988,27.667315
4.009988,27.509215
1.762765,28.074520
2.363397,28.200448
1.778778,28.608305
0.000000,27.923426
1.135687,27.468519
0.686259,27.484358
2.276430,27.791163
1.701309,27.443507
0.828430,28.160564
1.336736,28.312224
0.588891,28.655862
-0.000000,28.294160
0.626195,27.832356
1.300002,27.820895
27.468163,1.136392
27.442173,1.702460
28.080866,0.000000
27.484991,0.686134
28.182946,0.868040
28.314396,1.404477
27.836415,1.159107
28.655394,0.586690
28.291968,0.000000
27.872447,0.000000
27.800890,0.582102
28.170964,2.363524
