21.873109,-0.000000
21.796999,1.806283
21.572929,3.599866
21.202021,5.369336
20.685851,7.101950
20.028698,8.785983
19.234696,10.409857
18.309310,11.962734
17.259314,13.433596
16.090308,14.813679
14.813011,16.090959
13.432720,17.260195
11.962044,18.310226
10.409785,19.235174
8.785419,20.028969
7.101552,20.686414
5.368926,21.202528
3.599882,21.573460
1.806126,21.798149
-0.000000,21.874311
-0.000000,23.318703
1.926262,23.237895
3.838448,23.000171
5.724483,22.604508
7.571641,22.054318
9.366770,21.353841
11.098197,20.507415
12.754139,19.521362
14.322544,18.401159
15.792634,17.155810
17.155687,15.792559
18.400978,14.322450
19.520995,12.754035
20.507114,11.097986
21.353639,9.366834
22.054111,7.571407
22.604264,5.724087
22.999680,3.838356
23.237488,1.925560
23.317364,0.000000
11.187092,18.774654
11.926723,20.016107
11.170065,19.623098
10.799620,19.005095
11.910961,19.111094
11.397965,19.173012
11.574899,18.542955
13.539153,18.962941
11.706632,19.595004
12.341263,19.768720
12.749902,18.637575
12.229720,18.684040
12.461955,19.120173
12.134528,19.436463
11.512526,20.262646
10.233149,20.932453
12.698956,17.786785
12.332014,18.048573
13.450237,18.065293
12.941729,18.168658
13.066430,17.524322
15.058597,17.780137
13.282416,18.563347
13.932010,18.682302
14.245382,17.521005
13.729828,17.611533
13.146809,19.243042
10.368880,20.107112
9.486661,20.507735
14.124446,16.676835
13.780269,16.968748
14.896929,16.892971
14.398335,17.037609
14.469650,16.384944
16.475356,16.475663
14.769771,17.403167
15.426827,17.468158
15.643873,16.284499
15.137574,16.417355
14.690404,18.091625
13.998611,18.025668
10.902694,20.077956
10.666824,20.720281
10.632801,19.648950
9.799644,21.144086
8.469420,21.706026
9.598458,19.633907
10.004643,19.435629
9.821387,20.066770
9.193520,19.832515
10.018941,20.514657
15.453273,15.453653
15.134705,15.772545
16.239790,15.605003
15.755500,15.790290
15.772643,15.134578
17.779622,15.058933
16.156614,16.123747
16.816821,16.134351
16.934801,14.937302
16.441310,15.111364
16.134047,16.816836
15.440161,16.807442
8.684461,20.924628
9.202453,20.928609
8.919766,21.530144
7.766530,21.215269
8.949805,20.471862
8.286780,21.279873
8.020045,21.880948
16.676550,14.124831
16.384961,14.469389
17.473571,14.210652
17.005974,14.435283
16.968862,13.780133
18.962412,13.539509
17.432681,14.734656
18.091672,14.690799
18.110751,13.487906
17.633223,13.701920
17.467927,15.426916
16.774475,15.475506
7.944264,20.359730
8.364974,20.195021
8.149999,20.805840
7.524248,20.524000
8.511010,20.545091
6.647815,22.331395
17.786121,12.699127
17.524287,13.066527
18.587468,12.719262
18.139874,12.981641
18.048787,12.331980
20.015545,11.927236
18.590051,13.244801
19.243008,13.146766
19.162470,11.946039
18.704342,12.198972
18.682020,13.932114
17.995508,14.037363
6.924846,21.563610
7.443751,21.613181
7.111215,22.193422
5.987415,21.784797
7.234363,21.138994
6.502632,21.890057
6.185725,22.468654
18.773916,11.187117
18.543149,11.575082
19.573886,11.140869
19.149747,11.439215
19.005388,10.799558
20.931994,10.233441
19.620166,11.664268
20.262659,11.512547
20.083447,10.323069
19.647804,10.612718
19.768643,12.341746
19.093363,12.503179
6.235907,20.946474
6.668906,20.816775
5.803627,21.075466
4.780906,22.804357
19.633698,9.598600
19.435645,10.004386
20.427185,9.486575
20.029085,9.818896
19.832214,9.193333
21.705605,8.469990
20.516152,10.004402
21.144093,9.799959
20.867317,8.629454
20.457101,8.954082
20.720067,10.666835
20.060145,10.883920
6.399931,21.408278
6.787106,21.180268
5.120558,22.062743
5.633323,22.154599
5.254185,22.705134
4.167865,22.205034
5.463526,21.664514
4.672520,22.352510
4.309298,22.902948
20.359313,7.944517
20.195400,8.365351
21.140849,7.767391
20.771633,8.131364
20.523667,7.524323
22.330954,6.648500
21.272256,8.276163
21.881078,8.020383
21.508690,6.876839
21.126700,7.234137
21.530162,8.919468
20.890542,9.190271
4.484842,21.390055
4.926896,21.296542
4.043291,21.482629
2.881359,23.120926
20.945992,6.235952
20.817284,6.669088
21.710276,5.995058
21.372268,6.388217
21.075025,5.803669
22.803730,4.781425
21.882998,6.491227
22.468745,6.186001
22.003183,5.077092
21.652191,5.464884
22.193122,7.110915
21.578087,7.433686
4.610478,21.863795
5.014707,21.668381
3.281511,22.410516
3.784714,22.544490
3.361302,23.061699
2.320362,22.472961
3.655821,22.041811
2.811104,22.661943
2.403606,23.180670
21.389468,4.485001
21.296859,4.927220
22.131283,4.181349
21.827119,4.601291
21.481705,4.043432
23.120735,2.881702
22.344327,4.662054
22.902732,4.309391
22.347205,3.242332
22.029174,3.658301
22.704783,5.253782
22.118479,5.626364
2.703448,21.687722
3.151351,21.630706
2.255550,21.743182
0.962912,23.279991
21.687042,2.703857
21.630850,3.151562
22.400145,2.339787
22.132695,2.782909
21.742323,2.255873
23.279750,0.963365
22.653072,2.801078
23.179737,2.403185
22.538513,1.386760
22.256499,1.826861
23.061010,3.361156
22.507442,3.779795
2.789822,22.170265
3.208282,22.008067
1.419081,22.604293
1.910047,22.779390
1.444864,23.260604
0.000000,22.394306
0.902807,21.837115
0.545756,21.850805
1.823953,22.269042
1.354140,21.817717
0.668718,22.691612
1.079204,22.888423
0.480760,23.299973
0.000000,22.854722
0.498539,22.283028
1.041506,22.279066
21.836208,0.903059
21.816556,1.354507
22.590740,0.000000
21.850257,0.545708
22.717571,0.699611
22.892350,1.133787
22.295331,0.928677
23.299077,0.480137
22.853067,0.000000
22.329557,0.000000
22.242521,0.462694
22.742563,1.908773
