23.402212,0.000000
23.319926,1.932510
23.080159,3.851237
22.683161,5.744527
22.130861,7.598224
21.427822,9.399929
20.578322,11.137244
19.588216,12.798583
18.464829,14.372221
17.214212,15.848694
15.847685,17.215171
14.370823,18.466153
12.797477,19.589569
11.137212,20.578922
9.399046,21.428110
7.597624,22.131554
5.743890,22.683668
3.851375,23.080586
1.932342,23.321233
-0.000000,23.403515
-0.000000,24.758834
2.045660,24.672800
4.075739,24.420536
6.078215,24.000478
8.039470,23.416363
9.945343,22.672641
11.783873,21.773970
13.542017,20.726958
15.207215,19.537514
16.768071,18.215293
18.215244,16.767794
19.537382,15.206944
20.726569,13.541724
21.773657,11.783415
22.672452,9.945377
23.416196,8.039072
24.000354,6.077582
24.420085,4.075726
24.672739,2.044587
24.757391,-0.000000
11.969387,20.087650
12.663944,21.253515
11.903967,20.912122
11.555440,20.333566
12.697503,20.372951
12.164512,20.462674
12.383885,19.839580
14.376049,20.135209
12.459921,20.855724
13.104513,20.990177
13.587260,19.861611
13.050437,19.937758
13.263970,20.350423
12.909844,20.677396
12.223920,21.515381
10.865807,22.226497
13.586894,19.030617
13.194953,19.310160
14.338240,19.257733
13.811826,19.390582
13.979792,18.749902
15.989446,18.879313
14.137111,19.757541
14.793726,19.836757
15.181119,18.671613
14.651026,18.793143
13.959202,20.432763
11.047649,21.422963
10.109185,21.852873
15.112017,17.842914
14.744497,18.154847
15.880192,18.008002
15.366318,18.183392
15.481341,17.530924
17.493785,17.494130
15.720211,18.522791
16.380950,18.547579
16.671449,17.354060
16.153275,17.518906
15.597958,19.210273
14.899217,19.185483
11.602741,21.367358
11.326961,22.000795
11.345650,20.966289
10.404917,22.451273
8.992882,23.047900
10.269629,21.006715
10.704180,20.794830
10.479843,21.412017
9.837204,21.219267
10.663340,21.834017
16.533767,16.534290
16.193542,16.875050
17.311759,16.635136
16.814809,16.852239
16.875366,16.193146
18.878602,15.989881
17.196197,17.161001
17.856838,17.131349
18.047118,15.918385
17.544480,16.125301
17.130952,17.856789
16.433534,17.888909
9.251269,22.290315
9.792512,22.270648
9.472130,22.860574
8.276290,22.607265
9.549473,21.844131
8.819726,22.647754
8.515221,23.233568
17.842566,15.112573
17.531150,15.480749
18.626907,15.148734
18.149355,15.406135
18.155218,14.744053
20.134511,14.376547
18.554354,15.682548
19.210464,15.598523
19.300295,14.373773
18.816328,14.621244
18.547348,16.381035
17.853686,16.471317
8.499764,21.783402
8.949487,21.606966
8.696407,22.200271
8.051122,21.959090
9.086805,21.934754
7.058501,23.711891
19.029697,13.587116
18.750087,13.979823
19.814321,13.558928
19.359454,13.854723
19.310728,13.194749
21.252744,12.664713
19.786131,14.096870
20.432882,13.959049
20.421103,12.730733
19.959328,13.017466
19.836483,14.793874
19.153231,14.940648
7.377133,22.971805
7.920955,22.999608
7.551732,23.565007
6.380360,23.214067
7.719138,22.556048
6.920964,23.297240
6.567542,23.857471
20.086614,11.969379
19.840165,12.384121
20.865907,11.876452
20.437299,12.208613
20.334267,11.555260
22.225906,10.866191
20.882550,12.414687
21.515571,12.223870
21.402595,11.001187
20.966159,11.324796
20.990290,13.105291
20.321737,13.307807
6.671981,22.411138
7.134970,22.272013
6.210167,22.549130
5.076100,24.214060
21.006570,10.269800
20.795032,10.703666
21.775533,10.112951
21.375830,10.479363
21.218876,9.836769
23.047377,8.993744
21.836202,10.648040
22.451466,10.405372
22.237956,9.196340
21.829741,9.554843
22.000666,11.326904
21.350793,11.584438
6.829111,22.843233
7.246043,22.612392
5.454961,23.503481
5.994310,23.575630
5.579926,24.108389
4.441430,23.661905
5.829584,23.116668
4.973184,23.789356
4.575199,24.318545
21.782929,8.500063
21.607849,8.950018
22.536258,8.280297
22.168352,8.678338
21.958711,8.051136
23.711382,7.059663
22.640969,8.808634
23.233971,8.515751
22.921420,7.328632
22.544272,7.719442
22.860863,9.471539
22.234625,9.781802
4.798453,22.885754
5.271092,22.785257
4.326662,22.984760
3.059001,24.550020
22.410615,6.671909
22.273180,7.135196
23.143338,6.391000
22.809334,6.817913
22.548652,6.210127
24.213360,5.077013
23.290950,6.908819
23.857883,6.568005
23.448308,5.410571
23.105034,5.831500
23.564833,7.551152
22.966438,7.912200
4.919703,23.329200
5.353820,23.133518
3.495794,23.873809
4.027026,23.990487
3.570045,24.487158
2.472557,23.947282
3.900799,23.519330
2.992151,24.118620
2.551943,24.613610
22.885183,4.798611
22.786193,5.271538
23.592055,4.457416
23.294946,4.910725
22.983579,4.326831
24.550223,3.059714
23.781961,4.962085
24.318589,4.575349
23.815208,3.455269
23.507255,3.903861
24.108222,5.579226
23.541636,5.988498
2.892658,23.204309
3.371342,23.142738
2.413941,23.263275
1.022450,24.718852
23.203712,2.893255
23.143520,3.371601
23.878555,2.494394
23.621354,2.970009
23.262450,2.414396
24.719221,1.023287
24.110773,2.981538
24.612611,2.551262
24.018691,1.477979
23.750033,1.949585
24.486559,3.569822
23.955514,4.022938
2.976903,23.656434
3.425153,23.496090
1.511698,24.080579
2.032229,24.240514
1.534612,24.698663
0.000000,23.888553
0.965839,23.364088
0.583679,23.378178
1.946211,23.761944
1.448371,23.342987
0.711825,24.167166
1.148609,24.350014
0.509881,24.740086
-0.000000,24.320828
0.533095,23.783786
1.111452,23.777625
23.363307,0.966242
23.341739,1.448954
24.072661,0.000000
23.377992,0.583601
24.191960,0.745080
24.353345,1.206701
23.793555,0.991072
24.739309,0.508800
24.318889,0.000000
23.828210,0.000000
23.746076,0.495033
24.206012,2.031341
