28.746855,-0.000000
28.644760,2.373995
28.350182,4.730403
27.862253,7.056593
27.183725,9.333735
26.320224,11.546801
25.276698,13.680830
24.060382,15.721481
22.680420,17.654437
21.144474,19.467864
19.465930,21.146237
17.651519,22.682949
15.719168,24.062821
13.680939,25.277511
11.544840,26.320692
9.332341,27.184746
7.055039,27.862784
4.730743,28.350469
2.373906,28.646545
0.000000,28.748376
-0.000000,29.861277
2.468319,29.758177
4.915993,29.454186
7.331315,28.947637
9.696972,28.243210
11.995524,27.346168
14.213540,26.262213
16.334127,24.999048
18.342263,23.564410
20.224769,21.969823
21.970087,20.223797
23.564459,18.341503
24.998791,16.333210
26.261841,14.212466
27.345780,11.995704
28.242927,9.696504
28.947651,7.330421
29.453439,4.916800
29.758916,2.466675
29.860181,0.000000
14.704786,24.678071
15.276470,25.638079
14.487686,25.450444
14.198264,24.978402
15.465191,24.812898
14.856352,24.991024
15.211956,24.373458
17.341758,24.288891
15.117787,25.303976
15.809418,25.318212
16.535610,24.171358
15.933480,24.341632
16.094138,24.691512
15.647642,25.059532
14.744227,25.954669
13.107773,26.811638
16.691662,23.379486
16.212518,23.721045
17.463055,23.453828
16.867508,23.681307
17.172854,23.035318
19.288027,22.774052
17.152785,23.971206
17.847283,23.927386
18.475596,22.723048
17.887101,22.944024
16.837380,24.648806
13.438341,26.057783
12.301173,26.589819
18.565163,21.920285
18.116202,22.301720
19.340281,21.931772
18.765895,22.207001
19.017952,21.538116
21.102689,21.102864
19.073731,22.473268
19.761949,22.372273
20.289355,21.119973
19.721351,21.388403
18.813687,23.174629
18.077517,23.278159
14.073945,25.918049
13.666274,26.538032
13.850320,25.593941
12.549398,27.083471
10.848298,27.802556
12.616564,25.806505
13.149243,25.547566
12.793240,26.137389
12.087986,26.067679
12.937261,26.489259
20.311827,20.312738
19.895905,20.729621
21.084059,20.259965
20.534928,20.581459
20.730340,19.894724
22.772868,19.288614
20.864254,20.820824
21.542067,20.663978
21.963382,19.372752
21.419769,19.687100
20.663225,21.542254
19.939118,21.705089
11.248479,27.101520
11.875607,27.008269
11.429361,27.574713
10.071367,27.508924
11.656297,26.665154
10.700272,27.474473
10.269619,28.026844
21.919639,18.566342
21.538926,19.016557
22.685440,18.449780
22.164725,18.815503
22.302660,18.114651
24.287877,17.342490
22.512034,19.027160
23.174891,18.814704
23.488484,17.492980
22.972398,17.850768
22.372059,19.762308
21.662163,19.985282
10.442534,26.761087
10.992639,26.544054
10.616063,27.098761
9.893531,26.976513
11.107257,26.811774
8.514236,28.603544
23.377940,16.692196
23.036200,17.172700
24.131580,16.513578
23.642389,16.920861
23.722410,16.211753
25.636678,15.277863
24.006327,17.103409
24.649124,16.837076
24.852449,15.493696
24.367867,15.892852
23.927161,17.847870
23.238731,18.128150
8.970687,27.932597
9.605783,27.893593
9.112857,28.424764
7.764049,28.247048
9.422238,27.534212
8.397035,28.262672
7.920399,28.779009
24.676421,14.704803
24.375154,15.212464
25.412371,14.464826
24.958820,14.910587
24.979940,14.197913
26.810736,13.108237
25.336590,15.062543
25.955054,14.744095
26.046929,13.388873
25.597167,13.826329
25.319020,15.811186
24.656533,16.147183
8.197110,27.532128
8.763892,27.360596
7.631857,27.701591
6.122615,29.209349
25.806729,12.616892
25.548022,13.148151
26.520120,12.317003
26.105172,12.798805
26.066576,12.086828
27.801749,10.849644
26.493686,12.919113
27.083890,12.550253
27.063653,11.192406
26.651435,11.665339
26.538205,13.666164
25.905205,14.056360
8.337012,27.883911
8.856457,27.638833
6.633329,28.578948
7.268895,28.591982
6.734408,29.080413
5.404767,28.792131
7.115630,28.218328
6.033944,28.859612
5.517277,29.335010
26.760584,10.442803
26.546352,10.993615
27.446528,10.084985
27.073149,10.599336
26.975662,9.893366
28.602728,8.516703
27.470123,10.687457
28.027718,10.270753
27.895302,8.919404
27.523860,9.424441
27.575990,11.428107
26.977516,11.869170
5.895350,28.115244
6.474114,27.991005
5.317840,28.236843
3.688694,29.614364
27.531537,8.196480
27.363637,8.764346
28.186165,7.784250
27.855761,8.326980
27.700774,7.631683
29.208370,6.124571
28.258619,8.382382
28.780079,7.921321
28.536399,6.584981
28.208425,7.119463
28.425340,9.111391
27.865606,9.600842
6.006142,28.476957
6.543758,28.275930
4.250861,29.028960
4.882649,29.094938
4.310222,29.537716
3.008766,29.139193
4.761534,28.709940
3.630883,29.259056
3.077430,29.691228
28.114824,5.895359
27.993673,6.474795
28.732362,5.428857
28.449351,5.997538
28.234687,5.318217
29.615438,3.690833
28.854520,6.020675
29.335641,5.517287
28.983662,4.205009
28.699276,4.766487
29.081066,6.732816
28.563647,7.266418
3.554417,28.506919
4.140023,28.430007
2.968054,28.578358
1.233335,29.817585
28.506453,3.555445
28.432556,4.140398
29.081348,3.038465
28.848523,3.627380
28.577765,2.968793
29.819795,1.235363
29.253922,3.618302
29.690035,3.075805
29.230222,1.799329
28.996034,2.380860
29.537762,4.309470
29.065384,4.881253
3.634349,28.876946
4.186261,28.718909
1.838718,29.281227
2.463593,29.398430
1.852870,29.793849
0.000000,29.140825
1.186848,28.702757
0.717231,28.719272
2.376091,29.006370
1.777254,28.676696
0.863666,29.367427
1.393633,29.511152
0.612844,29.843397
0.000000,29.496213
0.654226,29.053011
1.356818,29.040059
28.702518,1.187612
28.675341,1.778591
29.291646,0.000000
28.720086,0.717084
29.389212,0.905177
29.513035,1.464308
29.055527,1.209710
29.842992,0.610325
29.494008,0.000000
29.092091,0.000000
29.023115,0.608302
29.370167,2.464033
