20.798612,-0.000000
20.727071,1.717583
20.513996,3.423258
20.161432,5.105740
19.670638,6.753288
19.045716,8.354647
18.290711,9.898843
17.410824,11.375538
16.412414,12.774198
15.300753,14.086554
14.086146,15.301169
12.773713,16.412952
11.375153,17.411396
9.898737,18.291097
8.354324,19.046016
6.753043,19.671118
5.105498,20.161952
3.423205,20.514609
1.717472,20.728048
-0.000000,20.799652
-0.000000,22.313624
1.842892,22.236644
3.672808,22.009070
5.477620,21.630428
7.245162,21.103898
8.963042,20.433577
10.619709,19.623590
12.204362,18.680072
13.705231,17.608225
15.111992,16.416523
16.416352,15.112060
17.608009,13.705272
18.679747,12.204390
19.623291,10.619682
20.433317,8.963122
21.103604,7.245076
21.630051,5.477433
22.008503,3.672721
22.236006,1.842536
22.312506,-0.000000
10.637467,17.852109
11.412276,19.152578
10.656255,18.720653
10.268608,18.071691
11.360151,18.227398
10.860605,18.268885
11.006477,17.631969
12.955151,18.144880
11.179840,18.713339
11.808670,18.916325
12.163705,17.780663
11.654479,17.805293
11.901119,18.259854
11.592561,18.568998
11.016040,19.388458
9.791664,20.029386
12.075126,16.912867
11.725782,17.162170
12.828404,17.230275
12.331807,17.312058
12.424696,16.663266
14.409046,17.013094
12.684712,17.728244
13.330689,17.876672
13.590303,16.715544
13.084185,16.783378
12.579848,18.412845
9.893781,19.186085
9.050872,19.566110
13.430623,15.857603
13.102883,16.135397
14.208400,16.112179
13.719828,16.234431
13.758809,15.579838
15.764689,15.764940
14.105128,16.620214
14.761037,16.714899
14.924512,15.535765
14.425704,15.645304
14.057079,17.311061
13.368873,17.214643
10.413245,19.176352
10.206172,19.826650
10.133215,18.725627
9.377234,20.231884
8.104180,20.769593
9.126908,18.669366
9.513078,18.480692
9.359917,19.123871
8.741292,18.858169
9.568330,19.591992
14.694158,14.694442
14.390822,14.997929
15.489147,14.883645
15.012953,15.045880
14.997848,14.390890
17.012739,14.409289
15.429631,15.398389
16.091080,15.438611
16.156114,14.250500
15.668126,14.400729
15.438374,16.091186
14.745549,16.051204
8.287812,19.968820
8.789926,19.990322
8.534325,20.601691
7.409696,20.240826
8.529528,19.510085
7.914093,20.323319
7.674477,20.937072
15.857346,13.430894
15.579705,13.758804
16.665943,13.553765
16.204491,13.754736
16.135305,13.102941
18.144496,12.955388
16.648290,14.071800
17.310963,14.057341
17.277996,12.867768
16.804006,13.057602
16.714674,14.761160
16.019838,14.779172
7.554016,19.359462
7.954253,19.203029
7.767058,19.828516
7.154101,19.515699
8.107207,19.570613
6.361269,21.368032
16.912413,12.075284
16.663087,12.424837
17.728344,12.131280
17.284967,12.369636
17.162106,11.725862
19.152170,11.412575
17.753616,12.648950
18.412682,12.579900
18.281317,11.396716
17.824726,11.625320
17.876400,13.330800
17.185965,13.405726
6.608325,20.578043
7.110142,20.643831
6.803841,21.236235
5.712354,20.784278
6.894601,20.145811
6.210094,20.906032
5.919272,21.499528
17.851610,10.637547
17.631879,11.006635
18.669095,10.625758
18.247155,10.899873
18.071652,10.268653
20.029013,9.791857
18.737330,11.139486
19.388306,11.016116
19.159899,9.848339
18.723738,10.113634
18.916124,11.808946
18.234398,11.940524
5.929557,19.917410
6.341401,19.794394
5.518037,20.040095
4.574953,21.820630
18.669096,9.127041
18.480529,9.513034
19.482926,9.047926
19.084977,9.355903
18.857869,8.741287
20.769218,8.104482
19.592968,9.554284
20.231716,9.377430
19.907727,8.232595
19.494974,8.533010
19.826380,10.206237
19.157595,10.394046
6.099160,20.402539
6.465271,20.176069
4.886556,21.054410
5.380969,21.161085
5.026911,21.725856
3.976376,21.185197
5.206972,20.646757
4.462257,21.347759
4.123726,21.915140
19.359071,7.554207
19.202999,7.954498
20.163645,7.408198
19.792491,7.747937
19.515345,7.154210
21.367602,6.361582
20.315038,7.903786
20.936938,7.674660
20.519639,6.560550
20.133099,6.893989
20.601505,8.534241
19.950605,8.776610
4.264536,20.339181
4.685039,20.250656
3.844255,20.427263
2.757407,22.123681
19.916939,5.929653
19.794376,6.341550
20.706734,5.717794
20.364845,6.086990
20.039635,5.518126
21.820038,4.575167
20.898356,6.199201
21.499321,5.919398
20.991484,4.843653
20.633873,5.207921
21.235860,6.803732
20.607209,7.099069
4.393776,20.836727
4.776901,20.641052
3.131574,21.386409
3.615333,21.533515
3.215682,22.066905
2.213869,21.440925
3.484131,21.006256
2.684492,21.643327
2.300065,22.180715
20.338585,4.264669
20.250483,4.685246
21.108341,3.988032
20.798152,4.384376
20.426508,3.844371
22.123189,2.757516
21.338966,4.452236
21.914708,4.123752
21.319493,3.093267
20.993176,3.486176
21.725390,5.026725
21.123277,5.373126
2.570532,20.622165
2.996753,20.568420
2.144317,20.675201
0.921351,22.275870
20.621442,2.570763
20.568086,2.996900
21.364930,2.231538
21.089101,2.651770
20.674370,2.144505
22.275258,0.921530
21.633675,2.674885
22.179865,2.299849
21.502321,1.322905
21.209681,1.740854
22.066199,3.215588
21.494822,3.609799
2.658740,21.128606
3.056212,20.964679
1.354342,21.571029
1.824627,21.757832
1.382233,22.256997
0.000000,21.347252
0.858600,20.764212
0.519224,20.777722
1.738301,21.222670
1.287916,20.746135
0.638542,21.659073
1.030691,21.866656
0.460395,22.294997
-0.000000,21.829610
0.474298,21.230828
0.992448,21.228538
20.763304,0.858728
20.745127,1.288105
21.553442,0.000000
20.776974,0.519207
21.686042,0.667784
21.871155,1.082855
21.245199,0.884882
22.294093,0.460114
21.828334,0.000000
21.279098,0.000000
21.188236,0.439996
21.719230,1.823074
