24.902583,0.000000
24.814514,2.056390
24.559339,4.097954
24.136774,6.112762
23.549030,8.085301
22.800954,10.002477
21.896992,11.851139
20.843388,13.618936
19.647984,15.293432
18.317277,16.864493
16.863178,18.318512
15.291558,19.649704
13.617445,20.845118
11.851141,21.897693
10.001289,22.801291
8.084490,23.549843
6.111888,24.137295
4.098193,24.559701
2.056236,24.815966
0.000000,24.903962
-0.000000,26.181577
2.163564,26.090600
4.310105,25.823948
6.427659,25.379779
8.501652,24.762130
10.516978,23.975668
12.461317,23.025357
14.320478,21.918097
16.081303,20.660269
17.731837,19.262102
19.262129,17.731367
20.660182,16.080875
21.917712,14.320004
23.025020,12.460649
23.975444,10.517011
24.761952,8.501159
25.379718,6.426867
25.823458,4.310248
26.090818,2.162230
26.180138,0.000000
12.737127,21.376147
13.392336,22.476042
12.626708,22.181578
12.297209,21.637281
13.471885,21.615271
12.918438,21.731041
13.177741,21.112099
15.202916,21.293374
13.202580,22.098650
13.858645,22.196945
14.411939,21.067100
13.857774,21.171022
14.054717,21.563358
13.674533,21.901324
12.926701,22.753108
11.490883,23.504964
14.458316,20.251273
14.041883,20.548231
15.212537,20.431776
14.667627,20.592364
14.876092,19.952698
16.909135,19.965269
14.979744,20.934906
15.645108,20.977328
16.102653,19.804825
15.557220,19.955522
14.761768,21.608241
11.716248,22.719123
10.722299,23.177741
16.081219,18.987321
15.690831,19.318829
16.848284,19.105841
16.318421,19.310329
16.474102,18.655617
18.500000,18.500343
16.657244,19.626626
17.323631,19.614013
17.683439,18.407432
17.152438,18.602506
16.494591,20.315560
15.787205,20.328999
12.293072,22.638736
11.979190,23.265895
12.046956,22.262171
11.002879,23.742789
9.510127,24.373630
10.928327,22.353943
11.390577,22.128773
11.127621,22.735316
10.468930,22.580163
11.298684,23.134769
17.594159,17.594824
17.232695,17.956991
18.367197,17.649359
17.856709,17.896721
17.957473,17.232054
19.964393,16.909642
18.221114,18.183621
18.884362,18.116350
19.142566,16.884612
18.629678,17.122727
18.115855,18.884320
17.412974,18.955174
9.809703,23.635691
10.374406,23.594090
10.017866,24.174997
8.778364,23.978246
10.139407,23.194105
9.345167,23.996385
9.004417,24.569990
18.986888,16.081956
18.656029,16.473232
19.762445,16.072347
19.273944,16.361025
19.319407,15.690072
21.292540,15.203521
19.660199,16.617082
20.315824,16.495308
20.471799,15.246241
19.980156,15.525610
19.613781,17.323758
18.917757,17.453135
9.044986,23.180554
9.523043,22.992666
9.233948,23.572003
8.568224,23.367425
9.652900,23.301127
7.464319,25.075802
20.250131,14.458617
19.953089,14.876059
21.022240,14.385634
20.558986,14.713466
20.549084,14.041511
22.475072,13.393319
20.965330,14.936935
21.608462,14.761542
21.660633,13.503557
21.193858,13.822650
20.977064,15.645346
20.294706,15.831246
7.822720,24.359036
8.391577,24.366774
7.986993,24.920062
6.767378,24.621771
8.196034,23.950049
7.333399,24.684629
6.944757,25.229659
21.374863,12.737119
21.113035,13.178043
22.137967,12.600675
21.703664,12.965366
21.638302,12.296947
23.504250,11.491326
22.127098,13.154530
22.753407,12.926603
22.701704,11.669042
22.263001,12.025289
22.197243,13.859714
21.532864,14.101135
7.099987,23.848518
7.592271,23.700224
6.609181,23.995351
5.367816,25.606848
22.353863,10.928541
22.129097,11.389857
23.103037,10.729648
22.700403,11.128974
22.579615,10.468272
24.372999,9.511203
23.137594,11.282604
23.743100,11.003460
23.587787,9.754652
23.179981,10.145830
23.265847,11.979094
22.623295,12.275106
7.251340,24.254807
7.697258,24.020574
5.784435,24.922777
6.350329,24.976954
5.901798,25.494744
4.710875,25.096802
6.189693,24.545229
5.269594,25.206012
4.837884,25.717198
23.180033,9.045303
22.993985,9.523707
23.910107,8.785266
23.542073,9.216337
23.366945,8.568182
25.075199,7.465901
23.990333,9.333598
24.570583,9.005127
24.312701,7.773587
23.938723,8.196862
24.175549,10.017032
23.559795,10.365018
5.106271,24.353588
5.608824,24.246339
4.604822,24.458930
3.234540,25.962009
23.847949,7.099778
23.701962,7.592551
24.554274,6.780834
24.222730,7.240549
23.994791,6.609076
25.606056,5.369068
24.679011,7.320537
25.230306,6.945382
24.871517,5.739032
24.534167,6.192153
24.920046,7.986146
24.335268,8.384001
5.223922,24.770745
5.687224,24.574178
3.706922,25.315354
4.266014,25.416427
3.776354,25.895429
2.622506,25.399402
4.141803,24.972821
3.170636,25.554852
2.698474,26.029355
24.353031,5.106409
24.247808,5.609365
25.030268,4.729227
24.738597,5.215087
24.457472,4.605033
25.962520,3.235632
25.199314,5.257882
25.717443,4.838045
25.260925,3.664985
24.961210,4.145416
25.494774,5.900825
24.944786,6.345547
3.078370,24.692651
3.587169,24.626698
2.569436,24.755098
1.081261,26.140447
24.692105,3.079115
24.628030,3.587464
25.334202,2.646628
25.085439,3.154068
24.754318,2.569992
26.141385,1.082459
25.547880,3.159458
26.028290,2.697542
25.476434,1.567834
25.219159,2.070328
25.894954,3.776028
25.383217,4.262706
3.160978,25.118374
3.638391,24.959261
1.603047,25.534875
2.152722,25.681379
1.623307,26.119379
0.000000,25.358889
1.027790,24.862583
0.621038,24.877209
2.066529,25.230539
1.540783,24.839962
0.754284,25.621048
1.217063,25.791545
0.538607,26.162945
-0.000000,25.766568
0.567056,25.259702
1.180209,25.251527
24.861946,1.028321
24.838660,1.541569
25.532294,0.000000
24.877347,0.620943
25.644857,0.789862
25.794391,1.278650
25.267237,1.052371
26.162283,0.537102
25.764469,0.000000
25.302337,0.000000
25.224462,0.526803
25.648891,2.152204
