20.683410,-0.000000
20.612372,1.708071
20.400471,3.404320
20.049872,5.077475
19.561796,6.715903
18.940327,8.308398
18.189504,9.844053
17.314498,11.312581
16.321621,12.703500
15.216109,14.008594
14.008222,15.216489
12.703065,16.322109
11.312235,17.315017
9.843947,18.189865
8.308105,18.940618
6.715679,19.562251
5.077256,20.050374
3.404264,20.401069
1.707969,20.613298
0.000000,20.684396
0.000000,22.206211
1.833981,22.129652
3.655107,21.903164
5.451243,21.526342
7.210279,21.002340
8.919906,20.335240
10.568584,19.529147
12.145622,18.590176
13.639278,17.523500
15.039275,16.337533
16.337365,15.039351
17.523292,13.639328
18.589870,12.145661
19.528862,10.568573
20.334986,8.919984
21.002049,7.210208
21.525967,5.451080
21.902610,3.655025
22.129018,1.833668
22.205156,0.000000
10.578539,17.753182
11.357309,19.060302
10.601266,18.624060
10.211676,17.971601
11.301194,18.132798
10.803057,18.172045
10.945533,17.534285
12.892754,18.057466
11.123493,18.619024
11.751766,18.825240
12.100972,17.688947
11.592881,17.711182
11.841134,18.167826
11.534604,18.476221
10.962989,19.295044
9.744492,19.932883
12.008244,16.819158
11.660789,17.067122
12.761849,17.140893
12.266492,17.220313
12.355894,16.570939
14.339648,16.931134
12.620782,17.638914
13.266442,17.790587
13.520200,16.629340
13.015050,16.694690
12.519268,18.324135
9.842940,19.087514
9.004235,19.465329
13.356239,15.769764
13.030263,16.046040
14.134708,16.028604
13.647171,16.148412
13.682597,15.493514
15.688762,15.688998
14.034041,16.536465
14.689904,16.634412
14.847532,15.455634
14.349480,15.562626
13.989413,17.227659
13.301521,17.127891
10.360899,19.079909
10.156953,19.731155
10.079720,18.626741
9.332098,20.134406
8.065158,20.669525
9.076350,18.565937
9.460370,18.378295
9.310504,19.022888
8.692807,18.753688
9.520133,19.493290
14.612774,14.613039
14.311073,14.914871
15.408807,14.806431
14.933438,14.966157
14.914780,14.311152
16.930806,14.339875
15.351878,15.320802
16.013543,15.364271
16.072785,14.176997
15.585336,14.324629
15.364048,16.013653
14.671261,15.970315
8.245371,19.866532
8.745807,19.889961
8.493143,20.502475
7.371509,20.136532
8.484525,19.407084
7.874231,20.220995
7.637553,20.836212
15.769519,13.356491
15.493376,13.682613
16.579504,13.483453
16.118664,13.681853
16.045937,13.030334
18.057110,12.892973
16.564397,14.000899
17.227553,13.989655
17.188880,12.801400
16.715215,12.988605
16.634196,14.690027
15.939130,14.704691
7.512176,19.252203
7.910214,19.096659
7.726053,19.723849
7.114417,19.407578
8.063953,19.466223
6.330654,21.265087
16.818741,12.008397
16.570758,12.356034
17.636392,12.068342
17.193418,12.304094
17.067039,11.660875
19.059924,11.357580
17.664155,12.585215
18.323970,12.519328
18.187019,11.337925
17.730536,11.563889
17.790328,13.266552
17.099384,13.338165
6.574457,20.472570
7.074464,20.540146
6.771001,21.133948
5.682919,20.677193
6.858219,20.039445
6.178804,20.800769
5.890802,21.395969
17.752724,10.578622
17.534179,10.945683
18.572251,10.570620
18.150496,10.842111
17.971537,10.211729
19.932533,9.744670
18.642902,11.083351
19.294886,10.963068
19.061061,9.797529
18.624785,10.060186
18.825039,11.752016
18.142529,11.880340
5.896712,19.807063
6.306284,19.684767
5.487420,19.929073
4.552949,21.715509
18.565673,9.076479
18.378125,9.460347
19.381856,9.000971
18.983869,9.306315
18.753399,8.692817
20.669168,8.065425
19.494222,9.506135
20.134231,9.332278
19.805031,8.190120
19.391944,8.487916
19.730893,10.157021
19.061061,10.341645
6.066954,20.294829
6.430799,20.068499
4.861518,20.946500
5.353981,21.054817
5.002629,21.621209
3.955885,21.076044
5.179500,20.537761
4.439767,21.240280
4.103896,21.809585
19.251829,7.512356
19.096597,7.910440
20.059050,7.369747
19.687632,7.706871
19.407235,7.114524
21.264674,6.330925
20.212652,7.863953
20.836061,7.637716
20.413793,6.526698
20.026702,6.857561
20.502281,8.493080
19.850070,8.732361
4.240918,20.226494
4.659107,20.138509
3.822919,20.314096
2.744163,22.017115
19.806609,5.896809
19.684706,6.306425
20.599324,5.688115
20.256960,6.054728
19.928627,5.487509
21.714941,4.553130
20.793040,6.167963
21.395744,5.890910
20.883218,4.818669
20.524831,5.180402
21.133582,6.770911
20.503367,7.063277
4.370573,20.726732
4.751429,20.531004
3.115532,21.276811
3.597219,21.425377
3.200124,21.960597
2.202475,21.330465
3.465746,20.895351
2.670949,21.534362
2.289000,22.073857
20.225919,4.241044
20.138301,4.659297
20.998858,3.967339
20.687964,4.361144
20.313381,3.823029
22.016615,2.744249
21.231439,4.429793
21.809150,4.103915
21.209517,3.077313
20.882244,3.467742
21.620751,5.002468
21.016837,5.346038
2.556282,20.507902
2.980176,20.454512
2.132394,20.560679
0.916909,22.168563
20.507201,2.556490
20.454150,2.980311
21.254141,2.219952
20.977348,2.637726
20.559882,2.132564
22.167945,0.917060
21.524649,2.661388
22.073045,2.288808
21.391442,1.316071
21.097595,1.731644
21.959916,3.200038
21.386521,3.591618
2.644706,21.017045
3.039925,20.852909
1.347419,21.460444
1.815491,21.648560
1.375539,22.149744
0.000000,21.235122
0.853865,20.649156
0.516386,20.662652
1.729132,21.110602
1.280816,20.631228
0.635312,21.548576
1.025503,21.757367
0.458216,22.187599
0.000000,21.719952
0.471701,21.118117
0.987193,21.116015
20.648283,0.853978
20.630272,1.280983
21.442450,0.000000
20.661916,0.516372
21.575696,0.664378
21.761967,1.077411
21.132757,0.880189
22.186730,0.457974
21.718759,0.000000
21.166618,0.000000
21.075326,0.437563
21.609789,1.813908
