28.155380,-0.000000
28.055389,2.325106
27.766864,4.633068
27.288980,6.911351
26.624417,9.141619
25.778678,11.309160
24.756627,13.399279
23.565347,15.397944
22.213784,17.291131
20.709418,19.067269
19.065412,20.711120
17.288355,22.216211
15.395739,23.567704
13.399368,24.757439
11.307316,25.779131
9.140318,26.625419
6.909906,27.289516
4.633408,27.767160
2.325006,28.057130
0.000000,28.156887
-0.000000,29.292402
2.421220,29.191131
4.822346,28.892923
7.191623,28.396019
9.512181,27.705011
11.766938,26.825067
13.942642,25.761779
16.022801,24.522723
17.992705,23.115415
19.839344,21.551194
21.551415,19.838452
23.115439,17.991990
24.522433,16.021950
25.761405,13.941620
26.824703,11.767083
27.704744,9.511689
28.396021,7.190720
28.892220,4.823031
29.191798,2.419595
29.291225,-0.000000
14.402000,24.170008
14.985165,25.149223
14.200641,24.946227
13.905736,24.464287
15.157782,24.319778
14.557702,24.488657
14.898964,23.871604
17.011072,23.825784
14.822143,24.809181
15.507806,24.835660
16.208028,23.692523
15.613554,23.852973
15.779303,24.208618
15.342976,24.571860
14.463249,25.459687
12.857785,26.300425
16.347997,22.898139
15.878505,23.232836
17.115979,22.987774
16.528478,23.205291
16.819462,22.560973
18.920233,22.339809
16.817338,23.502501
17.506815,23.471302
18.109574,22.272904
17.528001,22.483422
16.516502,24.178713
13.172678,25.542718
12.057628,26.063470
18.182936,21.468971
17.742992,21.842739
18.955959,21.495960
18.388706,21.760607
18.626548,21.094561
20.700294,20.700511
18.700704,22.033841
19.384972,21.945846
19.887393,20.701564
19.325409,20.959031
18.455150,22.732594
17.723944,22.822895
13.798988,25.411786
13.405440,26.032153
13.572350,25.080428
12.310309,26.566978
10.641386,27.272443
12.356773,25.275251
12.878662,25.021486
12.536512,25.613056
11.838850,25.531054
12.684312,25.971436
19.893633,19.894524
19.486098,20.302995
20.665056,19.857367
20.122183,20.167725
20.303693,19.484993
22.338662,18.920817
20.456237,20.413726
21.131177,20.270115
21.528273,18.988954
20.989739,19.291870
20.269399,21.131316
19.549141,21.280583
11.026488,26.566807
11.643825,26.481140
11.211150,27.049112
9.871912,26.964293
11.422491,26.130156
10.491083,26.937562
10.074022,27.492391
21.468350,18.184055
21.095316,18.625219
22.234652,18.083138
21.719222,18.437251
21.843636,17.741561
23.824779,17.011799
22.071802,18.655121
22.732866,18.456131
23.023160,17.146417
22.511211,17.492403
21.945624,19.385290
21.238493,19.594392
10.227465,26.210140
10.766531,25.997576
10.403038,26.555199
9.689596,26.421181
10.883185,26.270879
8.351894,28.058149
22.896637,16.348498
22.561781,16.819322
23.652050,16.185415
23.167203,16.580682
23.234138,15.877796
25.147877,14.986506
23.536895,16.768972
24.179026,16.516203
24.360113,15.186714
23.878666,15.573778
23.471066,17.507343
22.784245,17.773573
8.793570,27.381270
9.418307,27.349085
8.938795,27.882939
7.610308,27.687823
9.233239,26.981786
8.232842,27.710332
7.769561,28.230258
24.168385,14.402017
23.873192,14.899437
24.907388,14.177345
24.457167,14.610812
24.465769,13.905390
26.299534,12.858257
24.841149,14.768004
25.460069,14.463116
25.530929,13.123586
25.083285,13.548739
24.836383,15.509474
24.174314,15.831330
8.028269,26.965322
8.583637,26.797347
7.474491,27.131308
6.005899,28.652391
25.275410,12.357087
25.021933,12.877616
25.993135,12.072210
25.580462,12.541468
25.530042,11.837764
27.271647,10.642714
25.975613,12.666485
26.567394,12.311128
26.527500,10.970629
26.116393,11.431138
26.032288,13.405327
25.398560,13.781386
8.169674,27.324582
8.677864,27.081344
6.502351,28.014876
7.127064,28.033848
6.605682,28.526071
5.297732,28.222099
6.972910,27.652189
5.915958,28.295602
5.412242,28.775674
26.209616,10.227749
25.999730,10.767460
26.901135,9.884555
26.528976,10.386197
26.420391,9.689449
28.057356,8.354241
26.932957,10.478462
27.493234,10.075096
27.342685,8.742661
26.971296,9.235228
27.050267,11.209942
26.449906,11.636971
5.773912,27.536429
6.340989,27.414781
5.208117,27.655528
3.618471,29.049681
26.964720,8.027709
26.800195,8.584064
27.626050,7.629511
27.295878,8.159545
27.130527,7.474319
28.651428,6.007759
27.706042,8.218461
28.231270,7.770450
27.971086,6.454483
27.642127,6.976534
27.883405,8.937418
27.320611,9.412993
5.885578,27.905739
6.411795,27.705574
4.166941,28.456017
4.787437,28.527005
4.227668,28.974626
2.949180,28.562296
4.666006,28.133941
3.559841,28.687223
3.018844,29.125092
27.535972,5.773947
27.417271,6.341658
28.161420,5.320967
27.877496,5.876945
27.653471,5.208467
29.050681,3.620440
28.290270,5.902928
28.776252,5.412291
28.409432,4.121713
28.123145,4.670759
28.526614,6.604179
28.004986,7.124259
3.481156,27.920003
4.054975,27.844758
2.906713,27.990056
1.209828,29.249074
27.919522,3.482147
27.847128,4.055338
28.503446,2.978043
28.268617,3.554419
27.989423,2.907430
29.251101,1.211738
28.681832,3.547472
29.123909,3.017332
28.651198,1.763609
28.413938,2.332988
28.974569,4.226997
28.496950,4.785753
3.561382,28.297663
4.101849,28.139626
1.802333,28.703238
2.415594,28.824545
1.817365,29.225785
0.000000,28.557796
1.162350,28.111864
0.702397,28.128048
2.328360,28.424415
1.740901,28.086299
0.846788,28.789347
1.366378,28.936801
0.601365,29.274373
0.000000,28.920376
0.640805,28.468466
1.329612,28.456223
28.111557,1.163088
28.084942,1.742148
28.711706,0.000000
28.128766,0.702262
28.811401,0.887390
28.938807,1.435648
28.471701,1.185480
29.273927,0.598999
28.918163,0.000000
28.508003,0.000000
28.437821,0.595758
28.795699,2.415883
