28.937623,-0.000000
28.834852,2.389766
28.538323,4.761799
28.047154,7.103441
27.364123,9.395702
26.494893,11.623453
25.444441,13.771644
24.220050,15.825839
22.830928,17.771622
21.284798,19.597076
19.595114,21.286585
17.768654,22.833497
15.823488,24.222522
13.771757,25.445262
11.621452,26.495375
9.394277,27.365160
7.101851,28.047695
4.762138,28.538618
2.389680,28.836662
-0.000000,28.939160
-0.000000,30.044951
2.483524,29.941264
4.946226,29.635405
7.376416,29.125742
9.756632,28.416981
12.069325,27.514419
14.301002,26.423790
16.434642,25.152841
18.455121,23.709378
20.349207,22.104987
22.105258,20.348213
23.709428,18.454352
25.152587,16.433707
26.423410,14.299915
27.514012,12.069520
28.416683,9.756175
29.125747,7.375527
29.634631,4.947074
29.942012,2.481877
30.043872,0.000000
14.802447,24.841947
15.370521,25.795918
14.580316,25.613163
14.292615,25.144232
15.564389,24.972028
14.952709,25.153113
15.312907,24.535334
17.448524,24.438414
15.213208,25.463680
15.906798,25.474014
16.641322,24.325887
16.036704,24.499303
16.195754,24.847375
15.745979,25.216948
14.834943,26.114486
13.188485,26.976694
16.802508,23.534746
16.320251,23.878518
17.575053,23.604225
16.976894,23.834895
17.286834,23.188320
19.406773,22.914257
17.261052,24.122488
17.957206,24.074643
18.593712,22.868316
18.002964,23.092642
16.940978,24.800586
13.524073,26.224008
12.379766,26.759683
18.688446,22.065858
18.236576,22.449764
19.464298,22.072409
18.887593,22.351031
19.144193,21.681186
21.232606,21.232772
19.194127,22.615101
19.883658,22.509953
20.419069,21.255000
19.849101,21.526943
18.929443,23.317350
18.191636,23.425104
14.162691,26.081457
13.750487,26.701366
13.940009,25.759633
12.626590,27.250233
10.915104,27.973715
12.700358,25.977862
13.236513,25.717255
12.876074,26.306571
12.168342,26.240768
13.018902,26.656396
20.446712,20.447634
20.028084,20.867230
21.219267,20.389883
20.668096,20.714951
20.867947,20.026884
22.913055,19.407366
20.995943,20.952221
21.674726,20.791144
22.103793,19.496609
21.558517,19.814625
20.790373,21.674934
20.064987,21.842106
11.320120,27.274090
11.950418,27.178416
11.499812,27.744416
10.135733,27.684688
11.731736,26.837779
10.767790,27.647773
10.332769,28.199406
22.065198,18.689650
21.682007,19.142783
22.830904,18.568096
22.308462,18.937547
22.450710,18.234993
24.437391,17.449260
22.654120,19.147242
23.317602,18.930475
23.638645,17.604821
23.121198,17.966398
22.509737,19.884036
21.798906,20.111449
10.511904,26.938796
11.065566,26.720324
10.684795,27.274148
9.959308,27.155637
11.179548,26.986289
8.566652,28.779638
23.533179,16.803056
23.189218,17.286681
24.286319,16.619475
23.795702,17.030620
23.879894,16.319471
25.794491,15.371933
24.157837,17.211355
24.800898,16.940675
25.011325,15.592764
24.525705,15.995805
24.074413,17.957816
23.385419,18.242596
9.027846,28.110528
9.666295,28.069349
9.169054,28.599704
7.813662,28.427522
9.483219,27.712461
8.450029,28.440952
7.969098,28.956188
24.840282,14.802467
24.537055,15.313429
25.575323,14.557595
25.120673,15.007310
25.145777,14.292267
26.975780,13.188948
25.496495,15.157611
26.114863,14.834813
26.213441,13.474485
25.762969,13.915896
25.474843,15.908599
24.812172,16.249130
8.251570,27.714953
8.822029,27.542275
7.682613,27.885538
6.160300,29.389177
25.978099,12.700693
25.717704,13.235410
26.690171,12.395997
26.274464,12.881835
26.239626,12.167164
27.972896,10.916455
26.660895,13.000652
27.250643,12.627458
27.236669,11.263976
26.824064,11.740906
26.701543,13.750380
26.068727,14.145112
8.391004,28.064385
8.914075,27.818703
6.675599,28.760992
7.314675,28.772137
6.775968,29.259395
5.439308,28.976093
7.161680,28.401002
6.072025,29.041658
5.551189,29.515606
26.938291,10.512170
26.722658,11.066560
27.622519,10.149663
27.248719,10.668106
27.154755,9.959139
28.778804,8.569158
27.643494,10.754914
28.200279,10.333924
28.073631,8.976441
27.702141,9.485493
27.745722,11.498545
27.147803,11.944116
5.934520,28.301943
6.517051,28.176870
5.353231,28.424348
3.711367,29.796687
27.714357,8.250919
27.545368,8.822493
28.366906,7.834183
28.036400,8.381004
27.884698,7.682441
29.388181,6.162287
28.436963,8.435291
28.957264,7.970031
28.718825,6.627095
28.391137,7.165581
28.600306,9.167561
28.041504,9.661473
6.045042,28.661267
6.586332,28.459952
4.277943,29.213868
4.913381,29.278256
4.336876,29.719522
3.027995,29.325370
4.792357,28.895795
3.653812,29.443628
3.096345,29.874018
28.301524,5.934521
28.179583,6.517735
28.916597,5.463672
28.633853,6.036447
28.422149,5.353617
29.797773,3.713562
29.036632,6.058679
29.516242,5.551186
29.168965,4.231889
28.885162,4.797374
29.260073,6.774349
28.743956,7.312302
3.578047,28.696232
4.167453,28.618783
2.987839,28.768117
1.240924,30.001144
28.695759,3.579088
28.621377,4.167832
29.267829,3.057962
29.035621,3.650923
28.767526,2.988584
30.003399,1.242990
29.438563,3.641163
29.872811,3.094683
29.417073,1.810857
29.183843,2.396307
29.719591,4.336097
29.248847,4.912078
3.657892,29.063860
4.213494,28.905811
1.850461,29.467762
2.479086,29.583669
1.864335,29.977261
0.000000,29.328957
1.194751,28.893352
0.722017,28.909976
2.391493,29.194146
1.788976,28.867132
0.869113,29.553997
1.402429,29.696547
0.616550,30.027121
-0.000000,29.682083
0.658556,29.241617
1.365596,29.228436
28.893122,1.195523
28.865767,1.790343
29.478795,0.000000
28.910808,0.721867
29.575687,0.910917
29.698379,1.473559
29.243891,1.217527
30.026717,0.613983
29.679870,0.000000
29.280543,0.000000
29.211945,0.612348
29.555577,2.479576
