22.975654,0.000000
22.895058,1.897296
22.659672,3.781107
22.269948,5.639853
21.727727,7.459769
21.037490,9.228646
20.203472,10.934311
19.231419,12.565389
18.128505,14.110354
16.900656,15.559937
15.559023,16.901529
14.109100,18.129708
12.564398,19.232653
10.934270,20.204036
9.227852,21.037765
7.459226,21.728380
5.639281,22.270450
3.781212,22.660119
1.897127,22.896320
-0.000000,22.976929
-0.000000,24.356019
2.012269,24.271421
4.009373,24.023227
5.979275,23.609993
7.908614,23.035369
9.783506,22.303746
11.592080,21.419691
13.321632,20.389733
14.959756,19.219652
16.495223,17.918933
17.918866,16.495001
19.219509,14.959531
20.389349,13.321391
21.419385,11.591687
22.303562,9.783546
23.035201,7.908255
23.609846,5.978701
24.022777,4.009330
24.271273,2.011288
24.354595,-0.000000
11.751142,19.721355
12.457731,20.907396
11.698944,20.552015
11.344579,19.962951
12.477797,20.020476
11.950477,20.102579
12.158202,19.477843
14.141956,19.807311
12.249391,20.503375
12.891017,20.648519
13.353329,19.519655
12.821261,19.587672
13.039816,20.006584
12.693123,20.330521
12.024942,21.164969
10.688842,21.864538
13.339176,18.683613
12.954204,18.958204
14.090189,18.924640
13.568874,19.049396
13.724988,18.407985
15.729072,18.571859
13.898240,19.423781
14.552691,19.513841
14.919708,18.350166
14.393791,18.463187
13.731972,20.099975
10.858011,21.055330
9.935270,21.477073
14.836502,17.517595
14.475490,17.823951
15.605532,17.696531
15.096031,17.863462
15.199110,17.211211
17.208915,17.209252
15.454579,18.209874
16.114067,18.245651
16.384380,17.055256
15.869650,17.211308
15.344105,18.897362
14.647504,18.861327
11.407073,21.006974
11.142309,21.642621
11.146587,20.598434
10.235618,22.085631
8.846455,22.672561
10.082384,20.623730
10.509036,20.415633
10.295970,21.036372
9.657626,20.832393
10.483238,21.465277
16.232330,16.232810
15.898144,16.567476
17.012319,16.347383
16.519025,16.555717
16.567737,15.897820
18.571202,15.729482
16.905652,16.871105
17.565931,16.852476
17.736376,15.644301
17.236432,15.842167
16.852107,17.565891
16.155895,17.586651
9.092898,21.908744
9.627584,21.895533
9.317625,22.488436
8.133876,22.218377
9.382018,21.460930
8.670775,22.265448
8.376717,22.855215
17.517270,14.837008
17.211382,15.198604
18.304739,14.886692
17.830096,15.135049
17.824257,14.475132
19.806659,14.142417
18.240866,15.417626
18.897522,15.344624
18.967978,14.126287
18.485959,14.364529
18.245422,16.114146
17.552057,16.192998
8.344784,21.386225
8.786428,21.213055
8.543824,21.810885
7.904131,21.558730
8.926056,21.546775
6.943619,23.325746
18.682764,13.339379
18.408111,13.725036
19.471618,13.324379
19.018919,13.610935
18.958682,12.954046
20.906685,12.458432
19.451849,13.858729
20.100059,13.731846
20.069488,12.511513
19.608888,12.788907
19.513566,14.552820
18.829659,14.688189
7.250762,22.578359
7.787569,22.612091
7.428509,23.181361
6.270580,22.814764
7.583768,22.160345
6.804047,22.903948
6.460744,23.468992
19.720401,11.751138
19.478324,12.158421
20.505003,11.670977
20.077788,11.993778
19.963549,11.344427
21.863987,10.689205
20.529740,12.204957
21.165119,12.024908
21.034077,10.811742
20.598028,11.125953
20.648582,12.891711
19.978420,13.082922
6.550320,22.002525
7.004957,21.866021
6.096745,22.138005
4.993523,23.819743
20.623570,10.082544
20.415793,10.508588
21.398898,9.937983
20.999793,10.294945
20.832038,9.657258
22.672071,8.847243
21.467277,10.468154
22.085782,10.236036
21.855052,9.037970
21.446452,9.387085
21.642471,11.142268
20.990075,11.388652
6.709262,22.442534
7.117917,22.212551
5.361525,23.100941
5.893407,23.178438
5.488806,23.715883
4.365002,23.254890
5.727364,22.711159
4.889155,23.387771
4.500826,23.922574
21.385771,8.345073
21.213808,8.786917
22.146476,8.137026
21.778362,8.525609
21.558374,7.904161
23.325264,6.944654
22.258444,8.659817
22.855554,8.377195
22.526757,7.202415
22.148434,7.583924
22.488654,9.317112
21.858974,9.616476
4.710957,22.468483
5.175074,22.369923
4.247600,22.565692
3.009309,24.150275
22.002018,6.550283
21.867016,7.005169
22.743036,6.280398
22.408079,6.697932
22.137547,6.096727
23.819069,4.994331
22.897457,6.792108
23.469328,6.461158
23.044592,5.317405
22.699349,5.729126
23.181152,7.428006
22.578414,7.778460
4.833351,22.919996
5.259146,22.724458
3.435919,23.464964
3.959293,23.586317
3.511648,24.088443
2.430032,23.535388
3.832390,23.106741
2.941552,23.711490
2.510454,24.212793
22.467912,4.711117
22.370699,5.175488
23.184014,4.380300
22.885100,4.824323
22.564590,4.247759
24.150380,3.009917
23.380169,4.878232
23.922556,4.500964
23.405103,3.395781
23.094523,3.835292
23.715666,5.488188
23.143883,5.887286
2.839870,22.781211
3.309976,22.720900
2.369747,22.839194
1.005798,24.316380
22.780597,2.840419
22.721517,3.310223
23.465577,2.451205
23.205698,2.917763
22.838361,2.370169
24.316585,1.006529
23.703376,2.931102
24.211816,2.509845
23.605180,1.452494
23.332988,1.915314
24.087819,3.511449
23.550799,3.954977
2.924657,23.241436
3.364605,23.080640
1.485809,23.668111
1.998077,23.832114
1.509507,24.296424
0.000000,23.471252
0.948244,22.938097
0.573083,22.952059
1.912066,23.345063
1.422088,22.917454
0.699782,23.754868
1.129208,23.941462
0.501741,24.337261
0.000000,23.911042
0.523449,23.364758
1.091925,23.359193
22.937281,0.948607
22.916229,1.422613
23.658645,0.000000
22.951778,0.573012
23.779972,0.732377
23.944951,1.186315
23.375206,0.973658
24.336454,0.500785
23.909171,0.000000
23.409741,0.000000
23.326299,0.486008
23.796997,1.997083
