20.212157,0.000000
20.143206,1.669153
19.936083,3.326842
19.593502,4.961845
19.116529,6.562966
18.509183,8.119207
17.775474,9.619941
16.920456,11.055083
15.950236,12.414349
14.869891,13.689743
13.689505,14.870152
12.414109,15.950554
11.054888,16.920808
9.619836,17.775800
8.119055,18.509515
6.562846,19.116952
4.961738,19.593986
3.326797,19.936643
1.669105,20.143909
-0.000000,20.212894
-0.000000,21.767614
1.797583,21.692803
3.582823,21.470768
5.343543,21.101385
7.067851,20.587704
8.743788,19.933753
10.359842,19.143558
11.905795,18.223160
13.370005,17.177614
14.742391,16.015058
16.014882,14.742517
17.177401,13.370102
18.222891,11.905871
19.143270,10.359886
19.933446,8.743842
20.587348,7.067838
21.100954,5.343485
21.470230,3.582780
21.692194,1.797469
21.766852,0.000000
10.337504,17.348538
11.132883,18.683560
10.376554,18.229349
9.978805,17.562195
11.060253,17.746202
10.567811,17.776179
10.696244,17.134730
12.637996,17.700584
10.893305,18.233735
11.519432,18.453361
11.844626,17.314181
11.341088,17.326499
11.596083,17.791886
11.297863,18.097264
10.746378,18.913659
9.551893,19.538873
11.734685,16.435869
11.394957,16.678350
12.489865,16.775638
11.999501,16.845289
12.074475,16.193307
14.056314,16.596529
12.359620,17.274007
13.004133,17.439133
13.233741,16.277112
12.732461,16.332193
12.271923,17.961968
9.635195,18.684738
8.813660,19.053510
13.051994,15.410498
12.733241,15.680560
13.833562,15.687090
13.350179,15.796811
13.370867,15.140446
15.378774,15.378962
13.743648,16.194364
14.399490,16.305820
14.532970,15.128221
14.037913,15.224696
13.713145,16.887175
13.026392,16.773526
10.147061,18.685940
9.955996,19.341262
9.861053,18.222533
9.147811,19.736420
7.905838,20.260960
8.869548,18.142877
9.244765,17.959460
9.108518,18.610106
8.494482,18.326325
9.323242,19.090077
14.279890,14.280104
13.984877,14.575164
15.080493,14.490912
14.608404,14.640290
14.574999,13.985029
16.596290,14.056477
15.034249,15.003869
15.696978,15.060770
15.732274,13.876661
15.246922,14.013588
15.060593,15.697129
14.367794,15.639900
8.071956,19.448581
8.565584,19.480000
8.325003,20.097388
7.215467,19.710357
8.300564,18.986055
7.711384,19.802987
7.486795,20.424419
15.410269,13.052185
15.140255,13.370989
16.226251,13.196133
15.767818,13.383943
15.680370,12.733372
17.700312,12.638137
16.221676,13.711274
16.887002,13.713308
16.824704,12.530210
16.352257,12.706587
16.305623,14.399624
15.609435,14.400451
7.341039,18.813475
7.730073,18.661573
7.558441,19.296012
6.952095,18.965325
7.887117,19.039461
6.205662,20.844780
16.435561,11.734827
16.193079,12.074617
17.260586,11.811145
16.819162,12.036181
16.678143,11.395075
18.683256,11.133024
17.298672,12.324852
17.961750,12.272009
17.801641,11.097683
17.345485,11.312786
17.438897,13.004242
16.745683,13.062184
6.436072,20.041604
6.928726,20.116602
6.636922,20.716319
5.562640,20.239618
6.709500,19.604661
6.050980,20.370760
5.774558,20.973161
17.348194,10.337607
17.134502,10.696373
18.176429,10.345277
17.755325,10.605986
17.561969,9.978896
19.538550,9.551988
18.257103,10.854019
18.913418,10.746455
18.657104,9.589889
18.220237,9.841702
18.453118,11.519569
17.767204,11.634479
5.762369,19.355705
6.162638,19.236361
5.362188,19.474956
4.463111,21.286315
18.142568,8.869654
17.959189,9.244825
18.968742,8.809061
18.570491,9.103596
18.326003,8.494548
20.260602,7.905944
19.090760,9.309416
19.736145,9.147902
19.385305,8.016533
18.970718,8.303569
19.340973,9.956060
18.666650,10.127566
5.935315,19.854548
6.289867,19.628739
4.759218,20.505575
5.243741,20.620722
4.903491,21.193941
3.872153,20.630009
5.067206,20.092226
4.347888,20.801212
4.022927,21.378618
18.813098,7.341151
18.661303,7.730202
19.631530,7.212594
19.258914,7.538983
18.964949,6.952181
20.844362,6.205749
19.794312,7.701208
20.424117,7.486862
19.981196,6.388352
19.591713,6.708639
20.097089,8.325008
19.439299,8.551578
4.144317,19.765558
4.553036,19.679793
3.735657,19.851198
2.690083,21.582008
19.355261,5.762444
19.236052,6.162729
20.160314,5.566817
19.815877,5.922827
19.474503,5.362258
21.285797,4.463156
20.362739,6.040342
20.972790,5.774590
20.440754,4.716571
20.079048,5.067898
20.715924,6.636900
20.079087,6.917044
4.275732,20.277110
4.647295,20.081115
3.049987,20.828976
3.523228,20.983637
3.136602,21.526535
2.155922,20.879080
3.390598,20.442002
2.615619,21.089215
2.243811,21.637555
19.765028,4.144390
19.679391,4.553131
20.551393,3.882769
20.237487,4.266163
19.850613,3.735722
21.581463,2.690093
20.792129,4.338104
21.378129,4.022920
20.760085,3.012119
20.428756,3.392379
21.193468,4.903432
20.581957,5.235373
2.498003,20.040503
2.912372,19.988580
2.083636,20.092230
0.898766,21.730409
20.039889,2.498091
19.988083,2.912439
20.801372,2.172605
20.520491,2.580311
20.091575,2.083709
21.729790,0.898806
21.079237,2.606248
21.636899,2.243736
20.938344,1.288145
20.639409,1.693994
21.525942,3.136560
20.944063,3.517345
2.587347,20.561002
2.973341,20.395967
1.319140,21.008555
1.778170,21.202171
1.348203,21.711807
0.000000,20.776771
0.834512,20.178497
0.504792,20.191946
1.691652,20.652485
1.251779,20.161200
0.622114,21.097070
1.004310,21.310911
0.449311,21.749076
0.000000,21.271963
0.461083,20.657319
0.965708,20.656004
20.177798,0.834555
20.160479,1.251843
20.988908,0.000000
20.191288,0.504791
21.124848,0.650462
21.315961,1.055179
20.673121,0.860992
21.748376,0.449232
21.271152,0.000000
20.706820,0.000000
20.613722,0.427613
21.162699,1.776465
