24.391844,-0.000000
24.305719,2.014217
24.055787,4.013961
23.641922,5.987402
23.066242,7.919483
22.333498,9.797351
21.448077,11.608106
20.416088,13.339661
19.245200,14.979823
17.941757,16.518685
16.517471,17.942902
14.978107,19.246790
13.338298,20.417695
11.608097,21.448746
9.796266,22.333817
7.918745,23.067017
5.986611,23.642437
4.014169,24.056168
2.014057,24.307121
0.000000,24.393198
-0.000000,25.696285
2.123352,25.606973
4.230170,25.345232
6.308468,24.909288
8.344004,24.303079
10.321992,23.531197
12.230239,22.598502
14.054939,21.511795
15.783146,20.277291
17.403091,18.905029
18.905029,17.402686
20.277189,15.782770
21.511406,14.054527
22.598174,12.229639
23.530988,10.322022
24.302908,8.343536
24.909210,6.307722
25.344762,4.230252
25.607103,2.122097
25.694835,0.000000
12.475767,20.937515
13.143877,22.059037
12.380417,21.748977
12.044690,21.193465
13.208015,21.191956
12.661617,21.298984
12.907500,20.678897
14.920868,20.898325
12.949418,21.674954
13.601404,21.785316
14.130904,20.656294
13.582744,20.750898
13.785157,21.149881
13.413830,21.484052
12.686988,22.330913
11.277666,23.068880
14.161660,19.835732
13.753561,20.126763
14.914620,20.031721
14.376100,20.182985
14.570975,19.543232
16.595425,19.594849
14.692503,20.533557
15.354699,20.588279
15.788616,19.418647
15.248513,19.559542
14.488018,21.207278
11.488392,22.277393
10.513360,22.726242
15.751276,18.597732
15.368670,18.922584
16.518406,18.731751
15.994086,18.926443
16.136151,18.272738
18.156776,18.157125
16.337822,19.250344
17.002080,19.250253
17.338576,18.048464
16.812060,18.233365
16.188750,19.938538
15.484493,19.939184
12.057731,22.205324
11.756711,22.834370
11.808040,21.820711
10.798917,23.302247
9.333686,23.921424
10.704087,21.895314
11.156922,21.674659
10.906942,22.284521
10.253872,22.116883
11.082101,22.691360
17.233173,17.233791
16.878938,17.588675
18.007555,17.303764
17.501788,17.540923
17.589105,16.878378
19.594027,16.595911
17.871735,17.835024
18.533872,17.780367
18.769262,16.555341
18.259992,16.782941
17.779906,18.533821
17.079088,18.591694
9.619379,23.177176
10.176030,23.142912
9.831715,23.726647
8.607264,23.511036
9.938434,22.734213
9.166050,23.536651
8.837555,24.114130
18.597330,15.751950
18.273089,16.135371
19.375510,15.757626
18.890855,16.035745
18.923096,15.368018
20.897534,14.921439
19.283232,16.298511
19.938783,16.189417
20.072577,14.948920
19.583683,15.217525
19.250021,17.002188
18.555022,17.118441
8.859371,22.704930
9.327798,22.520934
9.050825,23.104704
8.392186,22.887995
9.460084,22.835721
7.325887,24.610570
19.834663,14.161932
19.543554,14.570964
20.610640,14.103935
20.150368,14.420936
20.127525,13.753246
22.058134,13.144791
20.563358,14.650567
21.207470,14.487814
21.238230,13.240193
20.773300,13.548352
20.588012,15.354901
19.905584,15.527648
7.670858,23.886259
8.231133,23.900696
7.838522,24.457855
6.635488,24.142046
8.033571,23.475161
7.192805,24.211682
6.816090,24.761599
20.936310,12.475757
20.679717,12.907778
21.704513,12.353897
21.272282,12.707580
21.194385,12.044452
23.068206,11.278092
21.702851,12.902326
22.331181,12.686904
22.258999,11.441449
21.821218,11.786655
21.785551,13.602374
21.119998,13.830696
6.954277,23.359199
7.436603,23.214018
6.473342,23.503022
5.268304,25.131764
21.895210,10.704284
21.674947,11.156267
22.650692,10.519510
22.249192,10.907685
22.116394,10.253287
23.920829,9.334697
22.693969,11.066289
23.302524,10.799456
23.127796,9.564389
22.720007,9.944501
22.834294,11.756625
22.189509,12.039663
7.107499,23.773937
7.543571,23.540921
5.672143,24.439071
6.228954,24.499228
5.792003,25.021861
4.619052,24.607809
6.067015,24.058565
5.168553,24.723086
4.748284,25.240110
22.704422,8.859685
22.522110,9.328418
23.441969,8.613200
23.074121,9.033067
22.887555,8.392162
24.610001,7.327331
23.530356,9.154644
24.114665,8.838204
23.838585,7.621954
23.463687,8.034220
23.727109,9.830958
23.108056,10.166204
5.001477,23.853902
5.493858,23.748941
4.510123,23.957086
3.174660,25.480371
23.358644,6.954117
23.215568,7.436864
24.073497,6.647998
23.741264,7.096578
23.502493,6.473257
25.131004,5.269446
24.205842,7.180186
24.762172,6.816662
24.386519,5.627096
24.047318,6.069290
24.457782,7.837764
23.868645,8.223167
5.120283,24.279664
5.573664,24.083461
3.634965,24.824063
4.184537,24.930309
3.705974,25.415072
2.571402,24.904536
4.059700,24.477666
3.109794,25.065250
2.648494,25.546441
23.853339,5.001623
23.750236,5.494369
24.540197,4.636608
24.246825,5.111405
23.955723,4.510318
25.480785,3.175621
24.716158,5.157049
25.240291,4.748446
24.768259,3.593518
24.465905,4.063127
25.021821,5.791121
24.466464,6.223831
3.015146,24.185982
3.513703,24.121513
2.516497,24.247241
1.061202,25.655535
24.185422,3.015844
24.122664,3.513986
24.838184,2.594753
24.586712,3.091364
24.246445,2.517021
25.656285,1.062279
25.057993,3.098807
25.545398,2.647648
24.979667,1.537211
24.718691,2.029193
25.414550,3.705687
24.896525,4.180966
3.098267,24.620348
3.565759,24.460875
1.571904,25.039241
2.111644,25.190172
1.593050,25.634777
0.000000,24.857954
1.006692,24.352461
0.608306,24.366890
2.025536,24.730242
1.509332,24.330343
0.739814,25.125525
1.193726,25.300088
0.528812,25.677600
-0.000000,25.273701
0.555490,24.756951
1.156791,24.749448
24.351774,1.007181
24.329058,1.510049
25.034864,0.000000
24.366922,0.608216
25.149655,0.774601
25.303092,1.254118
24.765224,1.031497
25.676900,0.527449
25.271647,0.000000
24.800167,0.000000
24.720898,0.515985
25.157026,2.111001
