27.566059,0.000000
27.468180,2.276402
27.185690,4.536095
26.717818,6.766643
26.067170,8.950210
25.239126,11.072390
24.238471,13.118759
23.072135,15.075590
21.748867,16.929153
20.275964,18.668135
18.666369,20.277589
16.926532,21.751173
15.073505,23.074389
13.118833,24.239263
11.070666,25.239548
8.949002,26.068132
6.765308,26.718340
4.536430,27.185978
2.276293,27.469857
0.000000,27.567531
-0.000000,28.726478
2.374361,28.627040
4.729179,28.334582
7.052655,27.847272
9.328352,27.169614
11.539544,26.306678
13.673157,25.263948
15.713102,24.048874
17.644973,22.668758
19.455935,21.134745
21.134934,19.455114
22.668768,17.644299
24.048569,15.712315
25.263589,13.672187
26.306355,11.539655
27.169378,9.327840
27.847282,7.051749
28.333939,4.729748
28.627652,2.372763
28.725247,-0.000000
14.100328,23.663791
14.695384,24.662907
13.914873,24.444249
13.614282,23.952047
14.851727,23.828812
14.260296,23.988363
14.587111,23.371583
16.682118,23.365083
14.527893,24.316708
15.207774,24.355616
15.881910,23.215818
15.294974,23.366351
15.465957,23.727994
15.039774,24.086527
14.183732,24.967282
12.609105,25.791867
16.005596,22.418545
15.545718,22.746405
16.770432,22.523759
16.190863,22.731242
16.467359,22.088360
18.554363,21.907825
16.483473,23.035998
17.168127,23.017588
17.745186,21.824765
17.170411,22.024743
16.197293,23.711069
12.908210,25.029967
11.815171,25.539472
17.802115,21.019304
17.371153,21.385429
18.573332,21.062056
18.013092,21.316060
18.236569,20.652627
20.300005,20.300250
18.329437,21.596478
19.009966,21.521634
19.487227,20.285014
18.931134,20.531453
18.098485,22.292862
17.372046,22.369772
13.525344,24.907914
13.145969,25.528904
13.295555,24.569061
12.072465,26.053175
10.435562,26.745082
12.097939,24.745931
12.609063,24.497329
12.280866,25.090910
11.590628,24.996380
12.432557,25.456044
19.476978,19.477833
19.077796,19.877921
20.247901,19.456531
19.711161,19.755703
19.878602,19.076761
21.906726,18.554934
20.050146,20.008542
20.722433,19.878299
21.095107,18.606864
20.561518,18.898290
19.877629,20.722520
19.161011,20.858073
10.805507,26.034505
11.413151,25.956516
10.994073,26.526241
9.673350,26.422090
11.189671,25.597401
10.282882,26.403173
9.879444,26.960720
21.018722,17.803163
20.653334,18.235304
21.785850,17.718100
21.275578,18.060566
21.386289,17.369834
23.364104,16.682829
21.633648,18.284831
22.293151,18.099421
22.559916,16.801397
22.051966,17.135536
21.521415,19.010237
20.816829,19.205341
10.013191,25.661199
10.541242,25.453092
10.190909,26.013908
9.486409,25.867868
10.660028,25.732182
8.190406,27.515587
22.417105,16.006057
22.089105,16.467229
23.174635,15.858688
22.694000,16.241913
22.747651,15.545061
24.661632,14.696666
23.069680,16.436109
23.711385,16.196996
23.869977,14.881098
23.391524,15.256039
23.017356,17.168591
22.331912,17.420665
8.617257,26.832427
9.231729,26.807160
8.765641,27.343927
7.457255,27.131091
9.045036,26.431673
8.069425,27.160587
7.619512,27.684363
23.662217,14.100340
23.373074,14.587546
24.404631,13.891122
23.957607,14.312280
23.953478,13.613938
25.791009,12.609579
24.348047,14.474851
24.967671,14.183597
25.017237,12.859480
24.571564,13.272311
24.356268,15.209335
23.694379,15.516965
7.860054,26.400579
8.404034,26.236153
7.317701,26.563098
5.889798,28.098328
24.746046,12.098234
24.497776,12.608061
25.468473,11.828487
25.057942,12.285199
24.995472,11.589612
26.744319,10.436863
25.459988,12.415047
26.053597,12.073244
25.993746,10.749840
25.583601,11.197919
25.529016,13.145852
24.894316,13.507706
8.003041,26.767587
8.499999,26.526124
6.371969,27.453345
6.985913,27.478364
6.477628,27.974606
5.191175,27.654608
6.830792,27.088422
5.798527,27.734243
5.307755,28.219249
25.660676,10.013485
25.455115,10.542123
26.358149,9.685000
25.987074,10.173944
25.867153,9.486278
27.514837,8.192627
26.398328,10.270451
26.961544,9.880454
26.792540,8.566705
26.421057,9.046811
26.527295,10.992916
25.924797,11.405866
5.652926,26.959719
6.208344,26.840661
5.098798,27.076327
3.548618,28.487939
26.399986,7.859560
26.238822,8.404431
27.068406,7.475449
26.738331,7.992807
26.562371,7.317532
28.097404,5.891558
27.156077,8.055314
27.685332,7.620361
27.408303,6.324569
27.078213,6.834205
27.344306,8.764352
26.778199,9.226031
5.765521,27.336906
6.280370,27.137541
4.083400,27.885658
4.692682,27.961767
4.145549,28.414457
2.889861,27.987973
4.570884,27.560352
3.489132,28.118083
2.960564,28.561899
26.959250,5.652984
26.842989,6.208997
27.592998,5.213547
27.308025,5.756857
27.074389,5.099119
28.488880,3.550421
27.728688,5.785734
28.219789,5.307837
27.837771,4.038787
27.549437,4.575435
27.975061,6.476213
27.448973,6.982771
3.408166,27.335223
3.970231,27.261646
2.845596,27.403896
1.186443,28.683523
27.334748,3.409118
27.263854,3.970581
27.928099,2.917882
27.691125,3.481768
27.403246,2.846289
28.685382,1.188231
28.112445,3.476974
28.560747,2.959161
28.074765,1.728053
27.834286,2.285321
28.414323,4.144953
27.931211,4.690707
3.488724,27.720796
4.017782,27.562705
1.766121,28.127854
2.367824,28.253383
1.782050,28.660667
0.000000,27.977247
1.137949,27.523119
0.687628,27.538987
2.280836,27.844891
1.704670,27.498060
0.829987,28.213902
1.339250,28.365199
0.589949,28.708312
-0.000000,28.347275
0.627435,27.886328
1.302515,27.874801
27.522766,1.138658
27.496722,1.705829
28.134380,0.000000
27.539625,0.687502
28.236255,0.869682
28.367356,1.407121
27.890315,1.161345
28.707844,0.587734
28.345080,0.000000
27.926370,0.000000
27.854932,0.583261
28.223954,2.367965
