20.044996,-0.000000
19.976794,1.655335
19.771348,3.299335
19.431595,4.920796
18.958545,6.508676
18.356204,8.052054
17.628572,9.540404
16.780660,10.963707
15.818494,12.311748
14.747089,13.576604
13.576463,14.747253
12.311624,15.818691
10.963610,16.780886
9.540339,17.628814
8.051991,18.356469
6.508628,18.958852
4.920758,19.431934
3.299316,19.771721
1.655320,19.977210
-0.000000,20.045424
-0.000000,21.612150
1.784685,21.537974
3.557216,21.317533
5.305399,20.950803
7.017414,20.440794
8.681426,19.791515
10.285933,19.006969
11.820890,18.093168
13.274686,17.055123
14.637307,15.900867
15.900738,14.637405
17.054964,13.274758
18.092973,11.820941
19.006746,10.285964
19.791264,8.681448
20.440509,7.017413
20.950479,5.305383
21.317167,3.557201
21.537579,1.784656
21.611717,-0.000000
10.252004,17.204900
11.053425,18.550111
10.296923,18.089391
9.896201,17.416863
10.974867,17.609117
10.484418,17.635756
10.607817,16.992906
12.547809,17.574188
10.811760,18.097169
11.437177,18.321639
11.753794,17.181315
11.251836,17.190062
11.509279,17.658644
11.214009,17.962964
10.669683,18.778562
9.483696,19.399288
11.637656,16.299829
11.300670,16.540360
12.393488,16.646142
11.904864,16.712279
11.974657,16.059281
13.956021,16.478036
12.267111,17.144686
12.911275,17.314663
13.132247,16.152254
12.632303,16.203643
12.184355,17.833698
9.561578,18.541922
8.746123,18.907475
12.944084,15.283003
12.627894,15.550855
13.726858,15.566025
13.244915,15.672125
13.260299,15.015154
15.269052,15.269173
13.640794,16.073139
14.296694,16.189458
14.421522,15.012168
13.927486,15.104869
13.615351,16.766601
12.928943,16.647950
10.071309,18.546295
9.884842,19.203139
9.783540,18.079152
9.082555,19.595424
7.849424,20.116204
8.796186,17.992688
9.168278,17.810777
9.036916,18.463677
8.424127,18.174606
9.253488,18.947140
14.161817,14.161962
13.869179,14.454615
14.964161,14.379066
14.493198,14.524739
14.454476,13.869306
16.477882,13.956117
14.921750,14.891567
15.584927,14.953295
15.611627,13.770207
15.126976,13.903300
14.953182,15.585046
14.260313,15.522821
8.010504,19.300373
8.501736,19.334675
8.265465,19.953867
7.160166,19.559216
8.235350,18.836695
7.653687,19.654794
7.433408,20.278519
15.282835,12.944205
15.014999,13.260410
16.101073,13.094282
15.643456,13.278306
15.550689,12.627998
17.574004,12.547882
16.100285,13.608647
16.766456,13.615442
16.695660,12.434081
16.223600,12.606587
16.189319,14.296788
15.492663,14.292649
7.280328,18.657712
7.666165,18.507107
7.499021,19.144231
6.894511,18.808306
7.824415,18.888040
6.161399,20.695850
16.299623,11.637751
16.059097,11.974756
17.127401,11.719963
16.686487,11.941175
16.540170,11.300755
18.549897,11.053484
17.169204,12.232586
17.833520,12.184413
17.665067,11.012515
17.208980,11.223741
17.314493,12.911346
16.620400,12.964389
6.387029,19.888768
6.877094,19.966447
6.589441,20.568339
5.520011,20.084420
6.656776,19.450406
6.005688,20.218298
5.733389,20.823343
17.204665,10.252075
16.992700,10.607898
18.036132,10.265379
17.615217,10.522243
17.416647,9.896266
19.399046,9.483732
18.120420,10.772741
18.778355,10.669724
18.513929,9.516270
18.076803,9.764214
18.321444,11.437238
17.634244,11.547349
5.714710,19.195444
6.111676,19.077155
5.317763,19.313713
4.431292,21.134220
17.992438,8.796246
17.810541,9.168331
18.822306,8.741011
18.423915,9.031693
18.174347,8.424176
20.115930,7.849452
18.947805,9.239689
19.595185,9.082587
19.236537,7.954984
18.821364,8.238182
19.202910,9.884875
18.526911,10.051689
5.888646,19.698337
6.239896,19.472695
4.722963,20.349193
5.204682,20.466813
4.868380,21.042531
3.842475,20.471796
5.027393,19.934145
4.315329,20.645523
3.994246,21.225893
18.657425,7.280379
18.506849,7.666222
19.479988,7.156866
19.106899,7.479430
18.808015,6.894553
20.695540,6.161416
19.646084,7.643522
20.278250,7.433427
19.827875,6.339298
19.437486,6.655816
19.953612,8.265474
19.293754,8.487499
4.110048,19.601881
4.515405,19.516911
3.704704,19.686822
2.670925,21.427802
19.195122,5.714744
19.076867,6.111716
20.004715,5.523805
19.659488,5.876038
19.313384,5.317794
21.133867,4.431297
20.210284,5.995110
20.823037,5.733394
20.283954,4.680374
19.921009,5.027993
20.568039,6.589437
19.928760,6.865213
4.242108,20.117571
4.610370,19.921463
3.026757,20.670127
3.497010,20.827000
3.114102,21.372699
2.139423,20.718953
3.363954,20.281130
2.596010,20.931354
2.227800,21.482920
19.601522,4.110075
19.516584,4.515439
20.392817,3.852783
20.077787,4.232472
19.686447,3.704728
21.427426,2.670922
20.636502,4.305611
21.225542,3.994239
20.600836,2.989007
20.268005,3.365647
21.042193,4.868364
20.427892,5.196152
2.477330,19.874515
2.888317,19.823120
2.066342,19.925868
0.892337,21.575106
19.874124,2.477355
19.822757,2.888339
20.640939,2.155819
20.358547,2.559947
19.925465,2.066363
21.574705,0.892344
20.921469,2.586710
21.482518,2.227780
20.777814,1.278245
20.477013,1.680641
21.372317,3.114088
20.787332,3.491026
2.567012,20.399166
2.949731,20.233794
1.309120,20.848249
1.764944,21.043870
1.338517,21.556583
0.000000,20.614111
0.827651,20.011338
0.500685,20.024773
1.678365,20.489905
1.241480,19.994273
0.617435,20.936905
0.996799,21.152585
0.446154,21.593642
-0.000000,21.113081
0.457318,20.493765
0.958088,20.492739
20.010919,0.827663
19.993851,1.241497
20.828227,0.000000
20.024363,0.500686
20.965145,0.645530
21.158019,1.047306
20.510213,0.854180
21.593223,0.446135
21.112637,0.000000
20.543852,0.000000
20.450096,0.424082
21.004348,1.763198
