23.913141,0.000000
23.828860,1.974692
23.583845,3.935244
23.178136,5.869914
22.613766,7.764078
21.895391,9.605103
21.027346,11.380333
20.015617,13.077922
18.867706,14.685903
17.589816,16.194587
16.193470,17.590873
14.684340,18.869169
13.076682,20.017103
11.380313,21.027982
9.604116,21.895694
7.763407,22.614501
5.869199,23.178647
3.935420,23.584245
1.974527,23.830216
0.000000,23.914471
0.000000,25.242332
2.085733,25.154597
4.155391,24.897446
6.196971,24.469195
8.196536,23.873686
10.139600,23.115441
12.014088,22.199224
13.806556,21.131740
15.504252,19.919054
17.095583,18.571024
18.571001,17.095240
19.918938,15.503925
21.131350,13.806201
22.198903,12.013555
23.115244,10.139631
23.873520,8.196098
24.469098,6.196276
24.896989,4.155424
25.154638,2.084561
25.240881,0.000000
12.230814,20.526411
12.911469,21.668967
12.149817,21.343940
11.808023,20.777505
12.960939,20.795578
12.421068,20.894297
12.654214,20.272890
14.657040,20.528790
12.712461,21.278379
13.360784,21.400273
13.867779,20.271666
13.325154,20.357411
13.532857,20.762875
13.169844,21.093538
12.462753,21.935992
11.078223,22.660960
13.883627,19.446273
13.483342,19.731748
14.635664,19.657127
14.103047,19.799543
14.285004,19.159471
16.301981,19.248354
14.423648,20.157900
15.083049,20.224359
15.494588,19.057080
14.959382,19.188671
14.231944,20.832219
11.275066,21.863835
10.317738,22.303524
15.442045,18.232601
15.066736,18.551207
16.209524,18.381471
15.690307,18.566881
15.819404,17.913896
17.835724,17.836073
16.038847,18.898148
16.701299,18.909987
17.015686,17.712371
16.493265,17.887629
15.902662,19.585875
15.201167,19.574327
11.837470,21.799670
11.548605,22.430716
11.584280,21.407245
10.608126,22.890164
9.168649,23.498425
10.493925,21.465472
10.937922,21.249055
10.700261,21.862307
10.052315,21.682680
10.879384,22.276334
16.894847,16.895419
16.547389,17.243474
17.670804,16.980163
17.169358,17.207669
17.243852,16.546907
19.247585,16.302444
17.544719,17.508741
18.206021,17.466083
18.419745,16.247053
17.913747,16.464701
17.465654,18.205967
16.766583,18.251485
9.441202,22.747915
9.990368,22.720647
9.657587,23.307255
8.447071,23.073606
9.750209,22.303488
8.998400,23.106348
8.681468,23.687718
18.232226,15.442662
17.914188,15.818712
19.013201,15.462935
18.532042,15.731076
18.551654,15.066184
20.528043,14.657578
18.930395,16.000334
19.586097,15.903281
19.698793,14.670547
19.212351,14.928977
18.909756,16.701394
18.215513,16.805177
8.685414,22.259158
9.144801,22.078817
8.879316,22.667036
8.227201,22.438656
9.279466,22.399764
7.196403,24.175388
19.445275,13.883873
19.159728,14.285013
20.225238,13.840163
19.767644,14.146945
19.732419,13.483081
21.668127,12.912316
20.187117,14.382531
20.832379,14.231763
20.842742,12.993613
20.379410,13.291448
20.224088,15.083223
19.541379,15.243489
7.528687,23.443643
8.080974,23.464479
7.699644,24.025499
6.512004,23.692898
7.881412,23.030389
7.061211,23.769014
6.695732,24.323775
20.525286,12.230803
20.273599,12.654472
21.298646,12.122824
20.868234,12.466129
20.778324,11.807811
22.660327,11.078631
21.305759,12.666268
21.936226,12.462683
21.844501,11.228361
21.407446,11.563155
21.400450,13.361661
20.733570,13.577572
6.817719,22.900593
7.290698,22.758337
6.346034,23.041595
5.175226,24.687368
21.465347,10.494109
21.249305,10.937333
22.227135,10.322745
21.826573,10.700420
21.682241,10.051802
23.497864,9.169592
22.278740,10.863822
22.890404,10.608625
22.697114,9.386252
22.289198,9.755940
22.430614,11.548532
21.783498,11.819295
6.972782,23.323558
7.399606,23.091625
5.567020,23.986225
6.115361,24.052113
5.689303,24.579518
4.533082,24.149985
5.952118,23.602766
5.073979,24.271079
4.664469,24.793842
22.258667,8.685723
22.079854,9.145378
23.003625,8.452083
22.635820,8.861412
22.438248,8.227195
24.174850,7.197713
23.099821,8.987146
23.688194,8.682060
23.394678,7.479986
23.018771,7.881894
23.307634,9.656908
22.685240,9.980120
4.903265,23.385579
5.386102,23.282772
4.421374,23.486741
3.118651,25.029849
22.900053,6.817602
22.759705,7.290941
23.623320,6.523616
23.290304,6.961731
23.041093,6.345970
24.686638,5.176260
23.762960,7.048821
24.324275,6.696253
23.932425,5.522296
23.591337,5.954220
24.025376,7.698971
23.431899,8.072631
5.023219,23.819722
5.467288,23.623802
3.567601,24.364117
4.108284,24.475340
3.640147,24.965736
2.523558,24.441217
3.982805,24.013913
3.052845,24.606997
2.601740,25.094720
23.385012,4.903418
23.283897,5.386583
24.081317,4.549883
23.786212,5.014295
23.485468,4.421555
25.030165,3.119491
24.263930,5.062671
24.793960,4.664628
24.306984,3.526605
24.002004,3.986057
24.579416,5.688509
24.018767,6.109909
2.955893,23.711116
3.444842,23.648044
2.466885,23.771264
1.042437,25.201948
23.710540,2.956544
23.649021,3.445114
24.373741,2.546181
24.119579,3.032638
23.770454,2.467377
25.202516,1.043399
24.599462,3.042039
25.093699,2.600975
24.514554,1.508542
24.249950,1.990669
24.965176,3.639893
24.440995,4.104464
3.039535,24.153899
3.497724,23.994034
1.542758,24.575228
2.073199,24.730441
1.564750,25.181470
0.000000,24.388826
0.986926,23.874355
0.596386,23.888613
1.987146,24.261670
1.479847,23.852723
0.726267,24.661643
1.171884,24.840144
0.519647,25.223610
0.000000,24.812415
0.544654,24.286043
1.134853,24.279183
23.873624,0.987374
23.851454,1.480500
24.569148,0.000000
23.888542,0.596301
24.686087,0.760313
24.843303,1.231162
24.295029,1.011939
25.222874,0.518418
24.810412,0.000000
24.329830,0.000000
24.249203,0.505848
24.696653,2.072437
