21.454596,-0.000000
21.380239,1.771735
21.160458,3.531076
20.796696,5.266662
20.290412,6.966141
19.645816,8.617972
18.867002,10.210806
17.959333,11.734005
16.929426,13.176742
15.782756,14.530444
14.529877,15.783315
13.176016,16.930176
11.733434,17.960117
10.210722,18.867440
8.617498,19.646087
6.965801,20.290936
5.266315,20.797202
3.531061,21.161019
1.771591,21.381331
0.000000,21.455748
-0.000000,22.926501
1.893735,22.847166
3.773815,22.613401
5.628150,22.224379
7.444238,21.683424
9.209219,20.994718
10.911475,20.162514
12.539594,19.193060
14.081643,18.091721
15.527018,16.867306
16.867166,15.526997
18.091528,14.081600
19.192708,12.539542
20.162218,10.911336
20.994504,9.209292
21.683195,7.444060
22.224094,5.627832
22.612887,3.773718
22.846665,1.893156
22.925228,0.000000
10.973006,18.415315
11.725968,19.679131
10.969736,19.271243
10.592782,18.641526
11.696222,18.766577
11.188528,18.820632
11.353495,18.188113
13.311255,18.643705
11.501179,19.251148
12.133424,19.436088
12.521345,18.303468
12.005509,18.341532
12.243221,18.784638
11.923132,19.098107
11.318786,19.921507
10.060867,20.580050
12.455962,17.446383
12.095872,17.703309
13.207804,17.739745
12.704006,17.834796
12.816466,17.188926
14.805117,17.480808
13.049305,18.237645
13.697353,18.367917
13.989968,17.206952
13.478172,17.288737
12.925566,18.919066
10.183632,19.747991
9.316747,20.140592
13.854188,16.357727
13.516409,16.644146
14.628492,16.588561
14.133877,16.724562
14.192770,16.071337
16.198025,16.198313
14.510551,17.097803
15.167009,17.174208
15.363394,15.992564
14.860103,16.116427
14.443258,17.787013
13.752999,17.709353
10.711794,19.726311
10.487061,20.371561
10.438072,19.289067
9.634808,20.788114
8.326886,21.340601
9.414783,19.258208
9.813181,19.063666
9.641516,19.699257
9.017370,19.452996
9.843196,20.154810
15.157584,15.157924
14.844947,15.470820
15.947136,15.323766
15.466084,15.500148
15.470852,14.844894
17.480354,14.805418
15.873080,15.840846
16.533609,15.862848
16.631192,14.669516
16.139942,14.834374
15.862570,16.533653
15.169246,16.512494
8.529793,20.551934
9.041552,20.562644
8.769352,21.167834
7.627398,20.835331
8.785991,20.096985
8.141428,20.906804
7.885194,21.512612
16.357456,13.854526
16.071297,14.192605
17.158702,13.954549
16.693588,14.170032
16.644184,13.516351
18.643232,13.311566
17.126758,14.476131
17.787009,14.443603
17.786062,13.246112
17.310017,13.450778
17.173980,15.167107
16.480150,15.203921
7.792254,19.970112
8.204998,19.808623
8.000736,20.424904
7.380068,20.131254
8.353644,20.165317
6.535990,21.955457
17.445800,12.456125
17.188836,12.816580
18.252526,12.490026
17.806669,12.743104
17.703420,12.095882
19.678630,11.726401
18.263833,13.012411
18.918986,12.925559
18.818916,11.731858
18.361495,11.975376
18.367638,13.697455
17.679770,13.791012
6.801424,21.179311
7.313629,21.235103
6.991263,21.819900
5.880166,21.394690
7.101932,20.751877
6.388538,21.506271
6.081747,22.090463
18.414671,10.973048
18.188200,11.353666
19.221145,10.940046
18.797962,11.229003
18.641697,10.592759
20.579630,10.061125
19.275857,11.459599
19.921462,11.318830
19.723370,10.137975
19.287638,10.418190
19.435964,12.133827
18.758353,12.283734
6.116577,20.545639
6.541344,20.418537
5.692382,20.672172
4.700532,22.420470
19.257981,9.414920
19.063622,9.813003
20.059061,9.315564
19.661123,9.638444
19.452708,9.017254
21.340206,8.327359
20.156111,9.828854
20.788063,9.635081
20.493187,8.474722
20.082103,8.789962
20.371328,10.487094
19.708143,10.692864
6.282694,21.016267
6.661682,20.788905
5.029310,21.669566
5.534893,21.767092
5.165490,22.322989
4.093201,21.807395
5.363527,21.267815
4.590516,21.960639
4.236884,22.517466
19.969713,7.792487
19.808854,8.205327
20.759880,7.627357
20.390017,7.981923
20.130925,7.380158
21.955030,6.536535
20.898943,8.130935
21.512653,7.885475
21.123072,6.753520
20.739431,7.101559
21.167779,8.769138
20.523963,9.028940
4.399026,20.980725
4.832691,20.889147
3.965757,21.071547
2.832988,22.731765
20.545168,6.116647
20.418853,6.541515
21.319034,5.886963
20.979628,6.270815
20.671733,5.692445
22.419863,4.700935
21.498986,6.377334
22.090451,6.081967
21.608730,4.986074
21.255287,5.364729
21.819575,6.991039
21.199438,7.303182
4.526010,21.463469
4.922030,21.268001
3.223043,22.011188
3.718646,22.150174
3.304472,22.673503
2.278834,22.070565
3.588900,21.638179
2.761725,22.264666
2.363204,22.790454
20.980138,4.399180
20.889282,4.832975
21.732476,4.105981
21.426078,4.516749
21.070693,3.965891
22.731459,2.833236
21.952228,4.580223
22.517172,4.236953
21.946505,3.184212
21.625376,3.591214
22.322596,5.165171
21.730340,5.527598
2.651673,21.272676
3.091136,21.216925
2.212217,21.327187
0.946696,22.888155
21.271977,2.652019
21.216888,3.091327
21.996541,2.297582
21.725953,2.731796
21.326333,2.212494
22.887759,0.947041
22.255497,2.751861
22.789548,2.362859
22.134500,1.361863
21.848479,1.793337
22.672804,3.304345
22.112508,3.713492
2.738725,21.764258
3.149016,21.601431
1.393829,22.201404
1.876730,22.380949
1.420425,22.868973
0.000000,21.986172
0.885578,21.419215
0.535409,21.432824
1.790565,21.861198
1.328345,21.400317
0.656953,22.288984
1.060281,22.489890
0.472818,22.907802
-0.000000,22.454905
0.489092,21.872949
1.022389,21.869623
21.418293,0.885785
21.399202,1.328647
22.186284,0.000000
21.432188,0.535372
22.315311,0.687201
22.494019,1.113917
21.886022,0.911614
22.906891,0.472326
22.453374,0.000000
21.920125,0.000000
21.831639,0.453851
22.343443,1.875348
