22.627119,-0.000000
22.547921,1.868525
22.316114,3.723810
21.932337,5.554333
21.398351,7.346650
20.718574,9.088706
19.897206,10.768513
18.939905,12.374868
17.853719,13.896407
16.644472,15.324020
15.323178,16.645281
13.895267,17.854827
12.373969,18.941047
10.768461,19.897750
9.087982,20.718852
7.346152,21.398983
5.553812,21.932847
3.723887,22.316595
1.868357,22.549159
-0.000000,22.628383
0.000000,24.027496
1.985034,23.944084
3.955243,23.699206
5.898581,23.291537
7.801890,22.724653
9.651518,22.002895
11.435659,21.130759
13.141894,20.114707
14.757937,18.960421
16.272697,17.677238
17.677149,16.272524
18.960261,14.757755
20.114321,13.141698
21.130450,11.435323
22.002702,9.651565
22.724469,7.801567
23.291355,5.898058
23.698739,3.955179
23.943847,1.984133
24.026081,0.000000
11.572828,19.422081
12.289550,20.625115
11.531588,20.258075
11.172299,19.660149
12.298443,19.732742
11.775704,19.808544
11.973805,19.182298
13.951036,19.539889
12.077590,20.215851
12.716897,20.369877
13.162380,19.240533
12.634134,19.301824
12.856901,19.726008
12.516289,20.047495
11.862655,20.879190
10.544516,21.569337
13.136781,18.400103
12.757506,18.670647
13.887698,18.652732
13.370491,18.770802
13.516799,18.128633
15.516720,18.321111
13.703311,19.151427
14.356109,19.250483
14.706324,18.087786
14.183753,18.193777
13.546645,19.828570
10.703223,20.755265
9.793310,21.170333
14.611397,17.251805
14.255704,17.553600
15.381318,17.442274
14.875328,17.602226
14.968509,16.950002
16.976582,16.976916
15.237814,17.954527
15.896404,17.999409
16.150053,16.811359
15.638064,16.960152
15.137067,18.642169
14.442102,18.596812
11.247411,20.712903
10.991714,21.350507
10.984052,20.298079
10.097541,21.787431
8.727038,22.366450
9.929399,20.310822
10.349589,20.105825
10.145838,20.729655
9.510906,20.516307
10.336270,21.164379
15.986044,15.986495
15.656794,16.316178
16.767877,16.112485
16.277501,16.313595
16.316387,15.656535
18.320493,15.517110
16.668556,16.634544
17.328674,16.625037
17.482724,15.420579
16.984902,15.610987
16.624686,17.328650
15.929335,17.340004
8.963639,21.597310
9.493006,21.589453
9.191616,22.184935
8.017631,21.900953
9.245290,21.148051
8.549228,21.953483
8.263755,22.546650
17.251490,14.611866
16.950121,14.968081
18.041743,14.672783
17.569403,14.913696
17.553843,14.255420
19.539270,13.951468
17.985048,15.201444
18.642294,15.137550
18.696716,13.924278
18.216204,14.154920
17.999176,15.896486
17.305920,15.965886
8.218164,21.061724
8.653198,20.891225
8.419240,21.492953
7.784035,21.231626
8.794782,21.229950
6.849929,23.010823
18.399305,13.136974
18.128703,13.516866
19.191858,13.132912
18.740852,13.411873
18.671039,12.757390
20.624445,12.290196
19.179061,13.664401
19.828615,13.546545
19.782471,12.332574
19.322744,12.602287
19.250201,14.356229
18.565616,14.482179
7.147620,22.257232
7.678730,22.295889
7.328014,22.868472
6.180973,22.488840
7.473236,21.837255
6.708639,22.583020
6.373642,23.152169
19.421187,11.572832
19.182684,11.974014
20.210383,11.503244
19.784224,11.818356
19.660649,11.172175
21.568809,10.544859
20.241830,12.033812
20.879295,11.862639
20.733261,10.657107
20.297436,10.963597
20.369889,12.717526
19.698264,12.899413
6.450922,21.668681
6.898726,21.534322
6.004078,21.802108
4.926180,23.498157
20.310641,9.929554
20.105937,10.349199
21.091434,9.795153
20.692733,10.144359
20.515968,9.510595
22.365975,8.727762
21.166216,10.321363
21.787534,10.097928
21.542494,8.908699
21.133483,9.250110
21.350331,10.991688
20.695716,11.228887
6.611406,22.115363
7.013284,21.886044
5.285264,22.772394
5.811074,22.854343
5.414495,23.395769
4.302618,22.922672
5.643901,22.380065
4.820584,23.060077
4.440167,23.599643
21.061275,8.218444
20.891856,8.653654
21.828280,8.020070
21.459908,8.400899
21.231274,7.784081
23.010349,6.850857
21.946284,8.538379
22.546921,8.264190
22.204600,7.099390
21.825219,7.473272
22.185083,9.191169
21.552430,9.481568
4.639472,22.127565
5.096620,22.030593
4.183007,22.223306
2.968784,23.824265
21.668175,6.450913
21.535161,6.898928
22.416253,6.190112
22.080426,6.599962
21.801651,6.004079
23.497492,4.926900
22.576347,6.696869
23.152426,6.374014
22.715047,5.241358
22.368092,5.645536
22.868225,7.327576
22.261772,7.669326
4.762845,22.585882
5.181832,22.390423
3.387052,23.131272
3.904027,23.256528
3.464027,23.763265
2.395323,23.199190
3.776533,22.769865
2.900261,23.379273
2.476615,23.885907
22.126981,4.639634
22.031221,5.097008
22.850912,4.317348
22.550433,4.753772
22.222254,4.183160
23.824272,2.969306
23.052288,4.809805
23.599557,4.440294
23.070341,3.347224
22.757511,3.779304
23.395502,5.413943
22.819302,5.804694
2.796741,22.435531
3.259833,22.376256
2.333642,22.492714
0.992216,23.988144
22.434890,2.797249
22.376720,3.260071
23.128451,2.415949
22.866282,2.875103
22.491862,2.334035
23.988199,0.992860
23.370918,2.889945
23.884934,2.476065
23.267640,1.431692
22.992453,1.887332
23.762610,3.463845
23.220536,3.899523
2.882001,22.902589
3.315160,22.741388
1.464685,23.331458
1.970210,23.498876
1.489033,23.968373
0.000000,23.130552
0.933873,22.590052
0.564434,22.603919
1.884189,23.004680
1.400611,22.569792
0.689952,23.418374
1.113378,23.608112
0.495100,24.008739
-0.000000,23.576670
0.515570,23.022597
1.075979,23.017528
22.589195,0.934203
22.568575,1.401087
23.320702,0.000000
22.603544,0.564370
23.443727,0.722008
23.611722,1.169683
23.033603,0.959435
24.007892,0.494247
23.574848,0.000000
23.068041,0.000000
22.983498,0.478635
23.463225,1.969129
