20.048455,-0.000000
19.980238,1.655622
19.774757,3.299906
19.434946,4.921648
18.961815,6.509803
18.359371,8.053449
17.631613,9.542056
16.783555,10.965606
15.821222,12.313880
14.749632,13.578955
13.578805,14.749808
12.313748,15.821433
10.965501,16.783797
9.541987,17.631872
8.053381,18.359654
6.509753,18.962143
4.921608,19.435308
3.299886,19.775156
1.655606,19.980682
0.000000,20.048912
-0.000000,21.615387
1.784952,21.541198
3.557747,21.320723
5.306191,20.953937
7.018460,20.443851
8.682719,19.794474
10.287466,19.009809
11.822649,18.095870
13.276661,17.057668
14.639484,15.903239
15.903102,14.639588
17.057498,13.276738
18.095662,11.822704
19.009571,10.287498
19.794205,8.682743
20.443546,7.018459
20.953592,5.306173
21.320332,3.557732
21.540776,1.784922
21.614925,0.000000
10.253776,17.207889
11.055072,18.552886
10.298574,18.092302
9.897913,17.419886
10.976637,17.611968
10.486147,17.638677
10.609650,16.995856
12.549677,17.576815
10.813450,18.100009
11.438882,18.324378
11.755676,17.184078
11.253686,17.192899
11.511077,17.661414
11.215747,17.965756
10.671273,18.781371
9.485110,19.402191
11.639667,16.302658
11.302624,16.543230
12.395485,16.648834
11.906824,16.715045
11.976725,16.062068
13.958099,16.480498
12.269028,17.147374
12.913199,17.317250
13.134350,16.154849
12.634378,16.206315
12.186170,17.836364
9.563104,18.544893
8.747524,18.910514
12.946319,15.285654
12.630076,15.553551
13.729068,15.568541
13.247095,15.674717
13.262590,15.017759
15.271324,15.271453
13.642924,16.075658
14.298823,16.191876
14.423831,15.014580
13.929774,15.107359
13.617376,16.769107
12.930962,16.650560
10.072880,18.549199
9.886318,19.206012
9.785147,18.082135
9.083908,19.598356
7.850594,20.119216
8.797707,17.995813
9.169864,17.813871
9.038401,18.466723
8.425586,18.177763
9.254935,18.950114
14.164263,14.164418
13.871575,14.457121
14.966570,14.381390
14.495584,14.527140
14.456973,13.871711
16.480333,13.958201
14.924080,14.893900
15.587247,14.955527
15.614126,13.772418
15.129460,13.905591
14.955406,15.587374
14.262539,15.525254
8.011779,19.303457
8.503060,19.337698
8.266700,19.956853
7.161313,19.562361
8.236702,18.839803
7.654883,19.657878
7.434516,20.281554
15.285474,12.946449
15.017593,13.262708
16.103665,13.096397
15.646031,13.280500
15.553375,12.630188
17.576619,12.549756
16.102798,13.610779
16.768952,13.617474
16.698332,12.436078
16.226264,12.608664
16.191727,14.298923
15.495081,14.294888
7.281587,18.660954
7.667490,18.510322
7.500254,19.147390
6.895705,18.811575
7.825715,18.891191
6.162317,20.698950
16.302438,11.639768
16.061872,11.976830
17.130158,11.721857
16.689234,11.943148
16.543027,11.302715
18.552656,11.055135
17.171884,12.234502
17.836174,12.186232
17.667894,11.014284
17.211806,11.225590
17.317068,12.913275
16.622993,12.966420
6.388047,19.891948
6.878164,19.969572
6.590426,20.571418
5.520895,20.087651
6.657869,19.453617
6.006628,20.221472
5.734244,20.826461
17.207637,10.253852
16.995636,10.609736
18.039036,10.267038
17.618117,10.523982
17.419656,9.897982
19.401932,9.485149
18.123249,10.774428
18.781150,10.671317
18.516893,9.517799
18.079772,9.765823
18.324169,11.438947
17.636996,11.549158
5.715698,19.198780
6.112733,19.080469
5.318684,19.317070
4.431952,21.137386
17.995546,8.797771
17.813618,9.169920
18.825336,8.742424
18.426949,9.033186
18.177487,8.425637
20.118923,7.850624
18.950763,9.241137
19.598102,9.083943
19.239616,7.956262
18.824455,8.239540
19.205767,9.886352
18.529803,10.053265
5.889614,19.701589
6.240933,19.475943
4.723715,20.352448
5.205493,20.470017
4.869109,21.045682
3.843091,20.475090
5.028219,19.937436
4.316005,20.648764
3.994841,21.229072
18.660648,7.281641
18.510047,7.667550
19.483124,7.158023
19.110045,7.480667
18.811263,6.895750
20.698618,6.162336
19.649151,7.644720
20.281268,7.434535
19.831047,6.340317
19.440678,6.656912
19.956580,8.266710
19.296766,8.488830
4.110759,19.605289
4.516186,19.520303
3.705346,19.690245
2.671323,21.431012
19.198437,5.715735
19.080162,6.112775
20.007934,5.524698
19.662724,5.877009
19.316719,5.318718
21.137009,4.431958
20.213438,5.996048
20.826134,5.734248
20.287197,4.681125
19.924279,5.028821
20.571098,6.590422
19.931871,6.866289
4.242805,20.120892
4.611136,19.924787
3.027239,20.673434
3.497554,20.830261
3.114569,21.375902
2.139765,20.722287
3.364507,20.284479
2.596417,20.934641
2.228132,21.486139
19.604906,4.110788
19.519954,4.516222
20.396097,3.853406
20.081091,4.233171
19.689845,3.705371
21.430611,2.671320
20.639721,4.306285
21.228697,3.994834
20.604130,2.989486
20.271330,3.366202
21.045321,4.869091
20.431079,5.196966
2.477758,19.877972
2.888816,19.826565
2.066701,19.929333
0.892470,21.578340
19.877554,2.477786
19.826178,2.888840
20.644257,2.156167
20.361897,2.560369
19.928903,2.066724
21.577912,0.892478
20.924732,2.587115
21.485710,2.228110
20.781134,1.278450
20.480372,1.680919
21.375494,3.114554
20.790573,3.491572
2.567434,20.402536
2.950221,20.237171
1.309328,20.851587
1.765218,21.047166
1.338718,21.559815
0.000000,20.617499
0.827794,20.014819
0.500770,20.028254
1.678641,20.493291
1.241693,19.997749
0.617532,20.940241
0.996955,21.155881
0.446219,21.596878
-0.000000,21.116390
0.457396,20.497171
0.958246,20.496139
20.014372,0.827806
19.997299,1.241711
20.831551,0.000000
20.027817,0.500771
20.968448,0.645632
21.161285,1.047469
20.513583,0.854322
21.596431,0.446200
21.115915,0.000000
20.547223,0.000000
20.453481,0.424155
21.007623,1.763473
