27.600380,-0.000000
27.502378,2.279239
27.219536,4.541744
26.751082,6.775073
26.099623,8.961361
25.270549,11.086183
24.268648,13.135101
23.100860,15.094370
21.775945,16.950241
20.301209,18.691388
18.689610,20.302847
16.947606,21.778267
15.092273,23.103131
13.135173,24.269454
11.084450,25.270986
8.960145,26.100602
6.773730,26.751619
4.542079,27.219840
2.279130,27.504075
0.000000,27.601870
-0.000000,28.759427
2.377088,28.659881
4.734602,28.367089
7.060743,27.879220
9.339052,27.200784
11.552779,26.336859
13.688841,25.292931
15.731127,24.076461
17.665211,22.694761
19.478249,21.158988
21.159172,19.477430
22.694763,17.664540
24.076146,15.730339
25.292560,13.687871
26.336519,11.552894
27.200533,9.338542
27.879214,7.059839
28.366427,4.735178
28.660481,2.375489
28.758183,-0.000000
14.117899,23.693284
14.712250,24.691220
13.931511,24.473485
13.631257,23.981891
14.869547,23.857407
14.277615,24.017505
14.605275,23.400715
16.701264,23.391903
14.545023,24.345386
15.225236,24.383563
15.900897,23.243581
15.313525,23.394695
15.484198,23.755982
15.057424,24.114788
14.200000,24.995949
12.623579,25.821475
16.025538,22.446487
15.565101,22.774746
16.790551,22.550783
16.210522,22.758854
16.487867,22.115895
18.575657,21.932973
16.502909,23.063163
17.187838,23.044002
17.766401,21.850864
17.191233,22.051460
16.215871,23.738294
12.923608,25.059829
11.829287,25.569990
17.824295,21.045502
17.392810,21.412073
18.595609,21.087327
18.034963,21.341954
18.259283,20.678375
20.323301,20.323551
18.351049,21.621946
19.031791,21.546331
19.510525,20.309273
18.954091,20.556357
18.119243,22.318462
17.392531,22.396158
13.541274,24.937256
13.161071,25.558202
13.311672,24.598847
12.086308,26.083088
10.447542,26.775785
12.113015,24.776771
12.624766,24.527867
12.295752,25.121324
11.605086,25.027532
12.447213,25.486057
19.501244,19.502110
19.101577,19.902686
20.272188,19.479875
19.735094,19.779702
19.903360,19.100545
21.931864,18.576234
20.073786,20.032136
20.746221,19.901109
21.120326,18.629116
20.586452,18.921214
19.900430,20.746318
19.183605,20.882676
10.818373,26.065506
11.426579,25.987066
11.006707,26.556683
9.684911,26.453669
11.203228,25.628433
10.295003,26.434293
9.890769,26.991674
21.044909,17.825353
20.679076,18.258020
21.811980,17.739359
21.301411,18.082506
21.412926,17.391490
23.390914,16.701980
21.659154,18.306392
22.318741,18.120187
22.586885,16.821489
22.078706,17.156321
21.546103,19.032071
20.841375,19.227995
10.025671,25.693183
10.554365,25.484816
10.203261,26.045437
9.498244,25.900106
10.673024,25.763562
8.199805,27.547176
22.445033,16.026007
22.116634,16.487741
23.202430,15.877716
22.721553,16.261645
22.775985,15.564445
24.689930,14.713539
23.096877,16.455491
23.738600,16.215579
23.898512,14.898896
23.419888,15.274545
23.043760,17.188311
22.358243,17.441214
8.627522,26.864392
9.242590,26.838717
8.775719,27.375309
7.466166,27.163516
9.055995,26.463716
8.078938,27.192601
7.628245,27.716145
23.691697,14.117915
23.402201,14.605717
24.433901,13.907790
23.986694,14.329667
23.983314,13.630918
25.820602,12.624055
24.376751,14.491920
24.996326,14.199869
25.047142,12.874860
24.601359,13.288411
24.384209,15.226807
23.722316,15.535270
7.869852,26.433483
8.414495,26.268850
7.326833,26.596204
5.896556,28.130586
24.776876,12.113314
24.528303,12.623765
25.499018,11.842681
25.088366,12.300125
25.026605,11.604068
26.775007,10.448845
25.490002,12.429687
26.083498,12.087091
26.024819,10.762697
25.614622,11.211502
25.558304,13.160956
24.923668,13.523642
8.012745,26.800031
8.510357,26.558467
6.379560,27.486048
6.994130,27.510712
6.485081,28.006712
5.197379,27.687660
6.839067,27.121260
5.805363,27.766934
5.313837,28.251644
25.692645,10.025967
25.486833,10.555250
26.389760,9.696621
26.018626,10.186306
25.899373,9.498114
27.546408,8.202034
26.429448,10.282562
26.992485,9.891784
26.824567,8.576951
26.453094,9.057784
26.557729,11.005549
25.955363,11.419322
5.659973,26.993321
6.216070,26.874112
5.105165,27.110074
3.552683,28.520644
26.432876,7.869356
26.271516,8.414896
27.100871,7.484421
26.770793,8.002518
26.595460,7.326665
28.129644,5.898322
27.188089,8.064813
27.717102,7.629098
27.441065,6.332134
27.111046,6.842494
27.375678,8.774427
26.809772,9.236917
5.772512,27.370041
6.288023,27.170630
4.088264,27.918876
4.698198,27.994683
4.150329,28.447071
2.893315,28.021422
4.576423,27.593763
3.493249,28.151226
2.963956,28.594688
26.992837,5.660031
26.876434,6.216726
27.626089,5.219802
27.341181,5.763851
27.108114,5.105489
28.521573,3.554496
27.761376,5.792558
28.252171,5.313918
27.871050,4.043616
27.582840,4.580986
28.007158,6.483662
27.481337,6.991009
3.412418,27.369295
3.975167,27.295620
2.849156,27.438049
1.187804,28.716450
27.368804,3.413372
27.297823,3.975519
27.961593,2.921386
27.724749,3.485999
27.437384,2.849851
28.718303,1.189599
28.145588,3.481079
28.593519,2.962547
28.108322,1.730123
27.868035,2.288097
28.446925,4.149729
27.964141,4.696241
3.492955,27.754399
4.022678,27.596312
1.768229,28.161364
2.370605,28.286644
1.784105,28.693569
0.000000,28.011062
1.139370,27.557422
0.688488,27.573308
2.283603,27.878648
1.706780,27.532333
0.830965,28.247415
1.340829,28.398485
0.590613,28.741268
0.000000,28.380649
0.628214,27.920239
1.304093,27.908669
27.557056,1.140081
27.530979,1.707945
28.167988,0.000000
27.573936,0.688362
28.269735,0.870713
28.400616,1.408782
27.924166,1.162751
28.740786,0.588389
28.378437,0.000000
27.960234,0.000000
27.888871,0.583989
28.257234,2.370755
