20.059803,-0.000000
19.991534,1.656562
19.785941,3.301777
19.445938,4.924440
18.972542,6.513496
18.369759,8.058017
17.641589,9.547466
16.793048,10.971821
15.830169,12.320859
14.757972,13.586652
13.586482,14.758170
12.320709,15.830406
10.971702,16.793320
9.547388,17.641878
8.057938,18.370074
6.513437,18.972908
4.924393,19.446344
3.301754,19.786388
1.656543,19.992036
0.000000,20.060319
-0.000000,21.625973
1.785829,21.551740
3.559488,21.331156
5.308783,20.964188
7.021887,20.453850
8.686956,19.804153
10.292486,19.019102
11.828416,18.104713
13.283133,17.065999
14.646618,15.911004
15.910850,14.646734
17.065809,13.283219
18.104480,11.828478
19.018837,10.292523
19.803855,8.686983
20.453511,7.021886
20.963802,5.308763
21.330717,3.559470
21.551266,1.785792
21.625449,-0.000000
10.259585,17.217666
11.060469,18.561964
10.303983,18.101827
9.903525,17.429779
10.982437,17.621296
10.491812,17.648233
10.615657,17.005509
12.555802,17.585412
10.818989,18.109301
11.444469,18.333338
11.761846,17.193118
11.259748,17.202183
11.516973,17.670480
11.221442,17.974894
10.676483,18.790562
9.489743,19.411689
11.646258,16.311917
11.309028,16.552622
12.402030,16.657644
11.913252,16.724095
11.983506,16.071189
13.964908,16.488555
12.275310,17.156171
12.919505,17.325715
13.141242,16.163343
12.641180,16.215061
12.192117,17.845089
9.568105,18.554612
8.752112,18.920453
12.953649,15.294329
12.637232,15.562378
13.736314,15.576776
13.254244,15.683199
13.270099,15.026284
15.278773,15.278918
13.649908,16.083903
14.305802,16.199788
14.431398,15.022473
13.937273,15.115510
13.624017,16.777306
12.937579,16.659102
10.078026,18.558702
9.891151,19.215410
9.790412,18.091893
9.088342,19.607951
7.854427,20.129068
8.802691,18.006038
9.175061,17.823992
9.043265,18.476690
8.430366,18.188092
9.259673,18.959841
14.172282,14.172455
13.879433,14.465323
14.974469,14.388996
14.503407,14.535000
14.465158,13.879584
16.488371,13.965024
14.931718,14.901537
15.594854,14.962834
15.622317,13.779658
15.137605,13.913092
14.962698,15.594995
14.269837,15.533217
8.015954,19.313545
8.507398,19.347589
8.270745,19.966620
7.165071,19.572650
8.241133,18.849970
7.658803,19.667965
7.438143,20.291484
15.294129,12.953794
15.026100,13.270231
16.112164,13.103324
15.654475,13.287685
15.562182,12.637356
17.585192,12.555892
16.111040,13.617757
16.777134,13.624127
16.707093,12.442615
16.234999,12.615465
16.199622,14.305915
15.503009,14.302219
7.285712,18.671559
7.671833,18.520839
7.504291,19.157722
6.899618,18.822266
7.829976,18.901499
6.165325,20.709087
16.311670,11.646371
16.070971,11.983623
17.139200,11.728057
16.698243,11.949609
16.552397,11.309130
18.561708,11.060542
17.180673,12.240775
17.844877,12.192186
17.677166,11.020075
17.221074,11.231646
17.325512,12.919590
16.631499,12.973070
6.391379,19.902353
6.881673,19.979793
6.593653,20.581491
5.523792,20.098217
6.661452,19.464119
6.009705,20.231851
5.737041,20.836659
17.217384,10.259670
17.005266,10.615754
18.048561,10.272471
17.627630,10.529677
17.429525,9.903603
19.411401,9.489788
18.132528,10.779954
18.790317,10.676533
18.526613,9.522804
18.089511,9.771093
18.333106,11.444544
17.646022,11.555082
5.718937,19.209694
6.116196,19.091310
5.321703,19.328050
4.434115,21.147741
18.005741,8.802764
17.823713,9.175123
18.835278,8.747051
18.436901,9.038076
18.187786,8.430424
20.128741,7.854464
18.960467,9.245877
19.607669,9.088382
19.249715,7.960447
18.834595,8.243986
19.215137,9.891191
18.539289,10.058423
5.892785,19.712225
6.244328,19.486568
4.726179,20.363096
5.208147,20.480495
4.871495,21.055990
3.845108,20.485863
5.030925,19.948200
4.318217,20.659365
3.996790,21.239470
18.671219,7.285775
18.520535,7.671902
19.493412,7.161812
19.120365,7.484716
18.821920,6.899670
20.708717,6.165349
19.659212,7.648641
20.291167,7.438167
19.841454,6.343652
19.451148,6.660504
19.966317,8.270756
19.306646,8.493186
4.113088,19.616437
4.518743,19.531396
3.707449,19.701440
2.672625,21.441512
19.209310,5.718979
19.090971,6.116245
20.018496,5.527622
19.673340,5.880191
19.327659,5.321742
21.147318,4.434123
20.223785,5.999123
20.836296,5.737048
20.297840,4.683586
19.935007,5.031534
20.581134,6.593647
19.942074,6.869812
4.245090,20.131756
4.613645,19.935659
3.028818,20.684251
3.499336,20.840926
3.116099,21.386376
2.140887,20.733191
3.366318,20.295435
2.597750,20.945390
2.229221,21.496668
19.616007,4.113122
19.531007,4.518785
20.406860,3.855444
20.091931,4.235462
19.700990,3.707479
21.441062,2.672622
20.650283,4.308494
21.239051,3.996783
20.614938,2.991057
20.282241,3.368020
21.055586,4.871474
20.441535,5.199632
2.479163,19.889278
2.890451,19.837835
2.067876,19.940664
0.892908,21.588915
19.888807,2.479196
19.837402,2.890479
20.655145,2.157308
20.372889,2.561754
19.940179,2.067903
21.588433,0.892917
20.935438,2.588443
21.496184,2.229194
20.792028,1.279123
20.491394,1.681826
21.385917,3.116081
20.801209,3.493361
2.568816,20.413558
2.951826,20.248215
1.310009,20.862504
1.766117,21.057946
1.339376,21.570384
0.000000,20.628577
0.828260,20.026205
0.501049,20.039642
1.679544,20.504363
1.242393,20.009119
0.617850,20.951148
0.997465,21.166663
0.446434,21.607462
0.000000,21.127209
0.457652,20.508310
0.958764,20.507259
20.025701,0.828274
20.008610,1.242415
20.842455,0.000000
20.039148,0.501050
20.979285,0.645967
21.172002,1.048004
20.524639,0.854785
21.606956,0.446410
21.126671,0.000000
20.558283,0.000000
20.464587,0.424395
21.018368,1.764375
