20.035040,-0.000000
19.966883,1.654510
19.761535,3.297692
19.421949,4.918344
18.949132,6.505433
18.347088,8.048043
17.619818,9.535653
16.772329,10.958249
15.810642,12.305618
14.739770,13.569843
13.569725,14.739908
12.305515,15.810809
10.958167,16.772520
9.535598,17.620023
8.047991,18.347314
6.505394,18.949392
4.918314,19.422237
3.297677,19.761850
1.654498,19.967231
-0.000000,20.035398
-0.000000,21.602847
1.783915,21.528710
3.555688,21.308365
5.303123,20.941796
7.014404,20.432008
8.677706,19.783011
10.281526,18.998805
11.815828,18.085401
13.269005,17.047806
14.631046,15.894048
15.893939,14.631129
17.047671,13.269066
18.085236,11.815872
18.998615,10.281552
19.782797,8.677724
20.431766,7.014404
20.941522,5.303110
21.308057,3.555676
21.528378,1.783892
21.602484,-0.000000
10.246906,17.196311
11.048688,18.542136
10.292175,18.081024
9.891275,17.408171
10.969777,17.600923
10.479446,17.627360
10.602545,16.984425
12.542433,17.566637
10.806898,18.089006
11.432273,18.313768
11.748380,17.173374
11.246515,17.181906
11.504104,17.650681
11.209010,17.954937
10.665110,18.770488
9.479629,19.390944
11.631872,16.291696
11.295048,16.532110
12.387743,16.638403
11.899222,16.704329
11.968706,16.051268
13.950045,16.470959
12.261597,17.136958
12.905741,17.307227
13.126198,16.144794
12.626332,16.195960
12.179136,17.826034
9.557188,18.533383
8.742095,18.898743
12.937651,15.275382
12.621614,15.543101
13.720499,15.558791
13.238641,15.664674
13.253708,15.007665
15.262515,15.262617
13.634664,16.065896
14.290568,16.182509
14.414881,15.005235
13.920905,15.097709
13.609523,16.759399
12.923135,16.640447
10.066792,18.537946
9.880599,19.194883
9.778918,18.070579
9.078663,19.586994
7.846058,20.107548
8.791811,17.983704
9.163717,17.801884
9.032646,18.454920
8.419931,18.165530
9.249329,18.938594
14.154780,14.154902
13.862282,14.447411
14.957229,14.372385
14.486332,14.517835
14.447293,13.862390
16.470829,13.950125
14.915047,14.884860
15.578252,14.946878
15.604439,13.763848
15.119828,13.896711
14.946782,15.578353
14.253909,15.515828
8.006839,19.291510
8.497928,19.325985
8.261914,19.945286
7.156867,19.550176
8.231460,18.827762
7.650245,19.645931
7.430224,20.269794
15.275240,12.937753
15.007534,13.253803
16.093615,13.088198
15.636045,13.271996
15.542961,12.621703
17.566482,12.542495
16.093053,13.602518
16.759276,13.609599
16.687972,12.428341
16.215934,12.600614
16.182391,14.290648
15.485706,14.286210
7.276707,18.648393
7.662353,18.497866
7.495477,19.135152
6.891076,18.798912
7.820675,18.878983
6.158758,20.686943
16.291522,11.631951
16.051112,11.968789
17.119466,11.714518
16.678582,11.935500
16.531948,11.295120
18.541955,11.048736
17.161492,12.227077
17.825883,12.179184
17.656931,11.007429
17.200847,11.218423
17.307083,12.905800
16.612936,12.958549
6.384104,19.879625
6.874013,19.957466
6.586608,20.559489
5.517468,20.075135
6.653631,19.441178
6.002986,20.209178
5.730933,20.814382
17.196111,10.246966
16.984250,10.602612
18.027774,10.260608
17.606869,10.517242
17.407987,9.891330
19.390738,9.479658
18.112279,10.767888
18.770311,10.665144
18.505401,9.511875
18.068258,9.759587
18.313602,11.432324
17.626324,11.542147
5.711867,19.185854
6.108636,19.067628
5.315113,19.304064
4.429393,21.125121
17.983492,8.791861
17.801683,9.163762
18.813583,8.736948
18.415183,9.027399
18.165311,8.419972
20.107316,7.846081
18.939290,9.235527
19.586791,9.078689
19.227676,7.951309
18.812467,8.234278
19.194688,9.880626
18.518588,10.047159
5.885862,19.688991
6.236915,19.463359
4.720800,20.339836
5.202352,20.457606
4.866285,21.033473
3.840704,20.462329
5.025018,19.924686
4.313386,20.636208
3.992534,21.216756
18.648150,7.276749
18.497646,7.662400
19.470962,7.153539
19.097843,7.475874
18.798664,6.891111
20.686680,6.158771
19.637256,7.640079
20.269565,7.430238
19.818743,6.336370
19.428299,6.652661
19.945068,8.261922
19.285086,8.483674
4.108003,19.592085
4.513160,19.507163
3.702857,19.676984
2.669781,21.418575
19.185582,5.711895
19.067383,6.108668
19.995448,5.521238
19.650173,5.873244
19.303786,5.315138
21.124824,4.429397
20.201206,5.992410
20.814122,5.730936
20.274616,4.678213
19.911596,5.025610
20.559234,6.586605
19.919808,6.862119
4.240102,20.108024
4.608167,19.911910
3.025371,20.660621
3.495445,20.817627
3.112759,21.363495
2.138439,20.709370
3.362364,20.271502
2.594839,20.921908
2.226844,21.473667
19.591782,4.108026
19.506886,4.513187
20.383374,3.850994
20.068276,4.230460
19.676668,3.702876
21.418258,2.669779
20.627236,4.303672
21.216459,3.992529
20.591354,2.987627
20.258432,3.364051
21.033187,4.866272
20.418718,5.193812
2.476096,19.864580
2.886882,19.813216
2.065311,19.915910
0.891953,21.565813
19.864250,2.476116
19.812909,2.886900
20.631387,2.154817
20.348904,2.558731
19.915572,2.065327
21.565476,0.891958
20.912077,2.585544
21.473330,2.226828
20.768256,1.277654
20.467343,1.679844
21.363173,3.112748
20.778001,3.489456
2.565799,20.389480
2.948323,20.224088
1.308522,20.838655
1.764155,21.034397
1.337939,21.547294
0.000000,20.604375
0.827242,20.001331
0.500440,20.014765
1.677572,20.480175
1.240865,19.984280
0.617155,20.927320
0.996350,21.143110
0.445965,21.584341
0.000000,21.103573
0.457093,20.483975
0.957633,20.482967
20.000980,0.827251
19.983927,1.240879
20.818661,0.000000
20.014421,0.500441
20.955638,0.645235
21.148617,1.046836
20.500513,0.853774
21.583989,0.445951
21.103201,0.000000
20.534148,0.000000
20.440353,0.423871
20.994922,1.762406
