27.744190,-0.000000
27.645671,2.291122
27.361356,4.565405
26.890458,6.810381
26.235604,9.008064
25.402211,11.143954
24.395088,13.203547
23.221213,15.173022
21.889393,17.038562
20.406979,18.788774
18.786983,20.408625
17.035896,21.891732
15.170902,23.223495
13.203627,24.395883
11.142195,25.402637
9.006828,26.236573
6.809014,26.890978
4.565742,27.361641
2.291016,27.647362
-0.000000,27.745667
-0.000000,28.897433
2.388517,28.797440
4.757324,28.503246
7.094636,28.013038
9.383885,27.331347
11.608237,26.463274
13.754565,25.414334
15.806658,24.192015
17.750019,22.803685
19.571759,21.260546
21.260748,19.570914
22.803703,17.749330
24.191718,15.805850
25.413975,13.753578
26.462943,11.608357
27.331107,9.383378
28.013051,7.093730
28.502591,4.757928
28.798076,2.386910
28.896224,-0.000000
14.191511,23.816797
14.782923,24.809815
14.001224,24.595929
13.702376,24.106873
14.944210,23.977169
14.350174,24.139552
14.681372,23.522715
16.781491,23.504253
14.616799,24.465503
15.298409,24.500629
15.980454,23.359862
15.391249,23.513406
15.560632,23.873208
15.131382,24.233159
14.268171,25.116028
12.684228,25.945494
16.109089,22.563504
15.646306,22.893430
16.874849,22.663971
16.292892,22.874499
16.573786,22.231208
18.664888,22.038320
16.584348,23.176946
17.270441,23.154647
17.855294,21.960177
17.278475,22.163353
16.293723,23.852335
12.988124,25.184899
11.888434,25.697805
17.917221,21.155217
17.483545,21.523653
18.688954,21.193170
18.126604,21.450402
18.354445,20.786203
20.420928,20.421162
18.441613,21.728622
19.123251,21.649782
19.608147,20.410881
19.050284,20.660665
18.206230,22.425697
17.478370,22.506677
13.608022,25.060151
13.224352,25.680926
13.379201,24.723593
12.144315,26.208385
10.497738,26.904388
12.176173,24.905920
12.690553,24.655756
12.358122,25.248699
11.665656,25.157987
12.508623,25.611763
19.602915,19.603779
19.201209,20.006401
20.373957,19.577653
19.835374,19.880216
20.007091,19.200150
22.037209,18.665461
20.172844,20.130963
20.845910,19.996660
21.225998,18.722319
20.690927,19.017228
19.995979,20.846009
19.278281,20.985729
10.872279,26.195343
11.482846,26.115021
11.059650,26.684191
9.733349,26.585924
11.260029,25.758395
10.345788,26.564631
9.938224,27.121327
21.154626,17.918288
20.786928,18.353157
21.921469,17.828405
21.409650,18.174400
21.524528,17.482189
23.503269,16.782205
21.766034,18.396710
22.425985,18.207178
22.699896,16.905650
22.190751,17.243379
21.649564,19.123534
20.944232,19.322888
10.077956,25.827118
10.609339,25.617663
10.255014,26.177482
9.547824,26.035108
10.727469,25.894979
8.239189,27.679485
22.562048,16.109561
22.231976,16.573651
23.318900,15.957416
22.837004,16.344289
22.894698,15.645631
24.808522,14.784222
23.210847,16.536680
23.852655,16.293424
24.018083,14.973445
23.538739,15.352058
23.154417,17.270922
22.468582,17.527292
8.670532,26.998264
9.288101,26.970892
8.817949,27.506753
7.503503,27.299315
9.101911,26.597913
8.118800,27.326685
7.664840,27.849267
23.815212,14.191523
23.524240,14.681817
24.556554,13.977611
24.108577,14.402496
24.108324,13.702030
25.944630,12.684700
24.497036,14.563424
25.116420,14.268036
25.172461,12.939284
24.726208,13.355846
24.501306,15.300002
23.839389,15.611947
7.910898,26.571273
8.458321,26.405774
7.365092,26.734840
5.924870,28.265700
24.906052,12.176473
24.656208,12.689536
25.627016,11.902134
25.215851,12.362643
25.157052,11.664617
26.903620,10.499047
25.615782,12.491016
26.208811,12.145105
26.155032,10.816555
25.744612,11.268396
25.681050,13.224235
25.046671,13.590395
8.053398,26.935907
8.553752,26.693914
6.411365,27.623015
7.028560,27.646193
6.516312,28.141193
5.223373,27.826082
6.873739,27.258787
5.834008,27.903850
5.339320,28.387334
25.826599,10.078247
25.619731,10.610233
26.522229,9.745301
26.150840,10.238087
26.034376,9.547687
27.678727,8.241448
26.559864,10.333299
27.122163,9.939253
26.958780,8.619873
26.587341,9.103749
26.685280,11.058476
26.083456,11.475692
5.689495,27.134031
6.248437,27.014189
5.131840,27.251391
3.569719,28.657630
26.570683,7.910383
26.408503,8.458727
27.236916,7.522003
26.906825,8.043195
26.734103,7.364921
28.264770,5.926660
27.322247,8.104607
27.850255,7.665702
27.578361,6.363825
27.248630,6.877216
27.507163,8.816633
26.942086,9.282519
5.801802,27.508804
6.320088,27.309203
4.108643,28.057995
4.721311,28.132543
4.170356,28.583674
2.907785,28.161511
4.599629,27.733686
3.510497,28.290040
2.978169,28.732029
27.133571,5.689545
27.016572,6.249096
27.764764,5.246007
27.480123,5.793147
27.249423,5.132169
28.658595,3.571572
27.898368,5.821143
28.387892,5.339392
28.010512,4.063844
27.722814,4.604241
28.141681,6.514869
27.616969,7.025520
3.430228,27.511974
3.995846,27.437891
2.864069,27.581064
1.193507,28.854364
27.511503,3.431191
27.440155,3.996200
28.101957,2.936061
27.865648,3.503723
27.580425,2.864769
28.856282,1.195332
28.284484,3.498274
28.730874,2.976734
28.248949,1.738797
28.009460,2.299725
28.583569,4.169737
28.102146,4.719423
3.510681,27.895122
4.043188,27.737052
1.777062,28.301710
2.382257,28.425948
1.792718,28.831379
0.000000,28.152679
1.145324,27.701068
0.692091,27.717030
2.295197,28.020019
1.715622,27.675855
0.835064,28.387773
1.347447,28.537895
0.593397,28.879307
0.000000,28.520426
0.631476,28.062249
1.310704,28.050505
27.700735,1.146041
27.674518,1.716808
28.308831,0.000000
27.717700,0.691962
28.410041,0.875033
28.540011,1.415740
28.066014,1.168639
28.878853,0.591136
28.518231,0.000000
28.102142,0.000000
28.031090,0.587038
28.396704,2.382443
