25.438361,-0.000000
25.348279,2.100636
25.087604,4.186073
24.655918,6.244278
24.055518,8.259262
23.291358,10.217676
22.367947,12.106105
21.291666,13.911924
20.070544,15.622439
18.711234,17.227279
17.225860,18.712563
15.620402,20.072398
13.910302,21.293522
12.106119,22.368680
10.216378,23.291719
8.258373,24.056374
6.243315,24.656448
4.186340,25.087955
2.100490,25.349786
-0.000000,25.439770
-0.000000,26.691674
2.205825,26.598967
4.394117,26.327149
6.552939,25.874334
8.667356,25.244659
10.721933,24.442871
12.704208,23.474039
14.599596,22.345174
16.394706,21.062832
18.077394,19.637435
19.637488,18.076856
21.062759,16.394227
22.344793,14.599060
23.473690,12.703473
24.442623,10.721975
25.244466,8.666845
25.874284,6.552108
26.326628,4.394332
26.599266,2.204419
26.690252,0.000000
13.011317,21.836303
13.653500,22.914366
12.885345,22.635871
12.562124,22.102882
13.748962,22.059772
13.188034,22.184584
13.461239,21.566570
15.499387,21.708619
13.468518,22.543730
14.129042,22.629618
14.707067,21.498508
14.146498,21.612064
14.337886,21.997710
13.948426,22.339712
13.178662,23.196895
11.715003,23.963342
14.769534,20.687209
14.344359,20.990384
15.525367,20.851858
14.973658,21.022104
15.196176,20.382266
17.238885,20.354625
15.281482,21.356514
15.950366,21.386267
16.432434,20.210373
15.881300,20.371221
15.049505,22.029709
11.955542,23.183033
10.941716,23.651894
16.427357,19.396036
16.028807,19.734520
17.194676,19.498659
16.658892,19.713311
16.828627,19.057294
18.860771,18.861108
16.992786,20.021900
17.661623,19.996369
18.045594,18.784402
17.509766,18.990028
16.816065,20.711866
16.105202,20.738495
12.540307,23.094042
12.213046,23.719481
12.297777,22.725616
11.217264,24.205859
9.695597,24.848955
11.163577,22.835081
11.635688,22.605182
11.359293,23.208556
10.694546,23.066179
11.526202,23.600559
17.972865,17.973580
17.603817,18.343381
18.744843,18.012253
18.229286,18.270219
18.343910,17.603095
20.353694,17.239413
18.588127,18.549813
19.252769,18.469508
19.534586,17.230395
19.017773,17.479433
18.468976,19.252745
17.763719,19.337004
10.009594,24.117240
10.582810,24.068075
10.213533,24.646269
8.958047,24.468894
10.350391,23.676907
9.533326,24.479329
9.179806,25.049164
19.395568,16.428161
19.057766,16.827671
20.168748,16.402824
19.676091,16.702487
19.735159,16.027937
21.707742,15.500023
20.056191,16.951733
20.712140,16.816833
20.891038,15.558474
20.396370,15.849038
19.996134,17.661775
19.298808,17.804727
9.239718,23.679524
9.727862,23.487558
9.426192,24.062575
8.752905,23.870382
9.855285,23.789643
7.609836,25.564819
20.685993,14.769868
20.382726,15.196124
21.454443,14.681434
20.987932,15.020550
20.991323,14.343930
22.913324,13.654553
21.387588,15.237758
22.029953,15.049261
22.104213,13.780129
21.635356,14.110609
21.386004,15.950646
20.703474,16.150172
7.982213,24.855561
8.560133,24.856410
8.143057,25.405895
6.905884,25.125564
8.366589,24.448591
7.481089,25.181452
7.080001,25.721656
21.834940,13.011315
21.567620,13.461568
22.593118,12.859807
22.156505,13.235978
22.103996,12.561841
23.962585,11.715461
22.572754,13.419464
23.197216,13.178553
23.166604,11.908049
22.726780,12.275808
22.629980,14.130215
21.966575,14.385229
7.252855,24.361854
7.755569,24.210301
6.751690,24.511844
5.472424,26.106223
22.835025,11.163808
22.605535,11.634905
23.578023,10.950304
23.174058,11.361273
23.065559,10.693814
24.848284,9.696734
23.603605,11.509839
24.206197,11.217889
24.070840,9.954457
23.662855,10.357186
23.719458,12.212942
23.078980,12.522435
7.402347,24.759622
7.858572,24.524049
5.902371,25.430780
6.477842,25.478829
6.017209,25.991800
4.807305,25.610328
6.318481,25.056135
5.375733,25.713321
4.932064,26.218685
23.678987,9.240036
23.489019,9.728572
24.401678,8.965943
24.033301,9.408728
23.869854,8.752845
25.564177,7.611557
24.473521,9.521586
25.049807,9.180579
24.810587,7.932823
24.437410,8.367606
24.646911,10.212623
24.034339,10.573870
5.216215,24.877800
5.729425,24.768159
4.704173,24.985408
3.297485,26.468279
24.361266,7.252593
24.212228,7.755872
25.059116,6.920319
24.728143,7.391683
24.511245,6.751567
26.105393,5.473787
25.176058,7.467973
25.722369,7.080678
25.380834,5.856586
25.045254,6.321134
25.405942,8.142117
24.825448,8.552957
5.332723,25.286282
5.806419,25.089269
3.782495,25.831327
4.351613,25.927117
3.850340,26.400340
2.676178,25.919099
4.227997,25.492639
3.234548,26.069177
2.751007,26.536962
24.877247,5.216341
24.769802,5.729996
25.544868,4.826483
25.254828,5.323930
24.983844,4.704405
26.468880,3.298715
25.706854,5.363803
26.218988,4.932219
25.778290,3.740035
25.481173,4.231803
25.991902,6.016143
25.447257,6.473408
3.144700,25.224189
3.664233,25.156689
2.624978,25.287886
1.102345,26.650156
25.223652,3.145492
25.158199,3.664540
25.855052,2.701099
25.608964,3.219896
25.287120,2.625566
26.651282,1.103667
26.062487,3.223171
26.535868,2.749984
25.998108,1.599996
25.744537,2.113514
26.399914,3.849969
25.894479,4.348578
3.226815,25.641199
3.714629,25.482402
1.635765,26.055405
2.195877,26.197417
1.655115,26.628752
0.000000,25.884818
1.049932,25.397740
0.634409,25.412589
2.109570,25.755752
1.573768,25.374605
0.769480,26.141495
1.241580,26.307868
0.548900,26.673111
0.000000,26.284350
0.579194,25.787452
1.204789,25.778583
25.397151,1.050504
25.373284,1.574627
26.054684,0.000000
25.412828,0.634308
26.164976,0.805888
26.310553,1.304424
25.794229,1.074277
26.672482,0.547248
26.282208,0.000000
25.829501,0.000000
25.753030,0.538155
26.165586,2.195491
