22.122234,0.000000
22.045093,1.826847
21.818468,3.640816
21.443308,5.430457
20.921251,7.182796
20.256624,8.886000
19.453581,10.528353
18.517649,12.098898
17.455696,13.586505
16.273396,14.982291
14.981563,16.274102
13.585538,17.456658
12.098137,18.518646
10.528287,19.454086
8.885382,20.256901
7.182365,20.921843
5.430010,21.443822
3.640852,21.818989
1.826686,22.046281
0.000000,22.123465
-0.000000,23.552590
1.945657,23.470916
3.876989,23.230831
5.781931,22.831206
7.647616,22.275509
9.460727,21.568010
11.209549,20.713101
12.882084,19.717149
14.466208,18.585698
15.951038,17.327864
17.327750,15.950932
18.585521,14.466086
19.716771,12.881951
20.712793,11.209296
21.567807,9.460786
22.275305,7.647352
22.830979,5.781491
23.230343,3.876903
23.470558,1.944886
23.551214,0.000000
11.314536,18.988564
12.046444,20.217064
11.289430,19.832752
10.922750,19.221525
12.038903,19.316359
11.522715,19.382904
11.706697,18.754191
13.675061,19.153319
11.829086,19.799950
12.465209,19.967087
12.886088,18.836656
12.363275,18.888061
12.592326,19.320162
12.260538,19.638153
11.628060,20.466088
10.335890,21.142609
12.843609,17.989424
12.472591,18.254105
13.594680,18.259259
13.083327,18.367521
13.215229,17.723984
15.209762,17.958644
13.421354,18.757475
14.071949,18.869787
14.397570,17.708139
13.879732,17.803816
13.278744,19.436249
10.479266,20.321108
9.587906,20.726504
14.285329,16.866801
13.937346,17.161982
15.056867,17.074344
14.555860,17.224077
14.634471,16.571636
16.640743,16.641063
14.924272,17.585174
15.581772,17.643456
15.810997,16.458452
15.302855,16.596611
14.837788,18.273287
14.145005,18.214204
11.016481,20.287551
10.774027,20.928241
10.748796,19.863323
9.897942,21.356373
8.554424,21.923950
9.707798,19.857559
10.118614,19.657059
9.928532,20.285686
9.298381,20.058439
10.123691,20.729134
15.629295,15.629701
15.307197,15.952160
16.414155,15.772569
15.927890,15.963114
15.952293,15.307029
17.958091,15.210118
16.325606,16.292363
16.985715,16.296264
17.115707,15.096866
16.620826,15.276361
16.295942,16.985718
15.601634,16.983242
8.776630,21.146718
9.298360,21.146748
9.009468,21.746209
7.849434,21.441661
9.047386,20.695170
8.373414,21.502235
8.100463,22.100611
16.866504,14.285744
16.571683,14.634156
17.661172,14.363242
17.192045,14.593281
17.162136,13.937164
19.152755,13.675444
17.615017,14.888744
18.273358,14.838215
18.304217,13.631982
17.825746,13.851520
17.643222,15.581859
16.949902,15.637381
8.034757,20.591668
8.460203,20.425044
8.238912,21.032756
7.610078,20.757799
8.604734,20.771284
6.714504,22.555589
17.988711,12.843788
17.723979,13.215319
18.787028,12.855845
18.338346,13.123726
18.254375,12.472532
20.216462,12.047003
18.784483,13.383312
19.436238,13.278682
19.367174,12.073661
18.908563,12.332164
18.869500,14.072058
18.183698,14.184197
6.998394,21.792614
7.521313,21.838539
7.182750,22.416173
6.051320,22.017251
7.313248,21.369592
6.570635,22.118807
6.247732,22.694195
18.987768,11.314554
18.754445,11.706889
19.784048,11.260521
19.359283,11.564427
19.221883,10.922667
21.142122,10.336201
19.825377,11.786256
20.466128,11.628069
20.297995,10.433358
19.862339,10.728594
19.967034,12.465741
19.293037,12.633976
6.306945,21.185090
6.744839,21.053849
5.869853,21.315547
4.828840,23.033292
19.857354,9.707944
19.657103,10.118313
20.646511,9.588464
20.248255,9.926382
20.058123,9.298154
21.923506,8.555047
20.730739,10.109032
21.356408,9.898282
21.090238,8.721652
20.680470,9.051843
20.928034,10.774026
20.269945,10.997794
6.469767,21.641791
6.861807,21.413368
5.174934,22.297039
5.691995,22.385579
5.307081,22.933027
4.212355,22.441976
5.523093,21.900821
4.721397,22.586080
4.352482,23.132838
20.591235,8.035021
20.425503,8.460608
21.367829,7.850823
20.998936,8.220379
20.757456,7.610145
22.555132,6.715271
21.494754,8.362721
22.100785,8.100834
21.738457,6.950318
21.357379,7.313110
21.746265,9.009119
21.109029,9.286429
4.535929,21.633727
4.982973,21.539068
4.089450,21.727347
2.910206,23.353008
21.184594,6.306974
21.054464,6.745029
21.943378,6.059462
21.606137,6.458147
21.315096,5.869882
23.032647,4.829427
22.111872,6.559110
22.694337,6.248041
22.238216,5.131327
21.888611,5.524543
22.415884,7.182405
21.803768,7.511471
4.660795,22.102262
5.069905,21.906853
3.316354,22.648478
3.824097,22.779529
3.395196,23.293200
2.345109,22.712739
3.695685,22.282248
2.840535,22.898735
2.427698,23.413380
21.633135,4.536090
21.539484,4.983319
22.368892,4.226254
22.065993,4.651648
21.726375,4.089595
23.352877,2.910608
22.578023,4.710827
23.132659,4.352587
22.585960,3.276964
22.269700,3.698262
22.932697,5.306628
22.349817,5.685231
2.734271,21.934798
3.187195,21.877032
2.281349,21.990825
0.972582,23.513664
21.934124,2.734714
21.877277,3.187415
22.640616,2.364934
22.374962,2.813356
21.989960,2.281696
23.513513,0.973098
22.890031,2.830413
23.412426,2.427234
22.779244,1.401595
22.499540,1.846831
23.292514,3.395039
22.742831,3.819316
2.820262,22.412114
3.243581,22.250264
1.434133,22.844373
1.929906,23.016887
1.459438,23.494153
0.000000,22.637438
0.913068,22.085886
0.551923,22.099631
1.843844,22.511984
1.369495,22.066199
0.675729,22.931550
1.090484,23.125981
0.485494,23.533847
0.000000,23.093034
0.504164,22.527282
1.052892,22.522949
22.084986,0.913346
22.065009,1.369898
22.831742,0.000000
22.099131,0.551868
22.957294,0.707006
23.129791,1.145634
22.539139,0.938837
23.532959,0.484793
23.091311,0.000000
22.573436,0.000000
22.487240,0.467960
22.980449,1.928696
