28.529744,-0.000000
28.428419,2.356047
28.136063,4.694672
27.651820,7.003276
26.978418,9.263212
26.121436,11.459567
25.085793,13.577477
23.878667,15.602715
22.509129,17.521073
20.984775,19.320811
19.318909,20.986512
17.518210,22.511616
15.600444,23.881070
13.577581,25.086599
11.457650,26.121891
9.261853,26.979424
7.001764,27.652344
4.695013,28.136343
2.355955,28.430178
0.000000,28.531250
-0.000000,29.652350
2.451022,29.549920
4.881602,29.248054
7.280014,28.745047
9.629107,28.045548
11.911576,27.154787
14.114052,26.078422
16.219792,24.824112
18.213887,23.399511
20.083221,21.816076
21.816329,20.082274
23.399556,18.213140
24.823849,16.218896
26.078056,14.112995
27.154415,11.911741
28.045280,9.628629
28.745066,7.279114
29.247332,4.882363
29.550642,2.449384
29.651233,0.000000
14.593640,24.491569
15.169487,25.458541
14.382293,25.265307
14.090884,24.789677
15.352323,24.631840
14.746708,24.806584
15.097065,24.189234
17.220313,24.118809
15.009228,25.122285
15.698650,25.140989
16.415333,23.995541
15.816023,24.162223
15.978532,24.514190
15.535767,24.880451
14.641038,25.772880
13.015964,26.623888
16.565510,23.202791
16.089910,23.541831
17.335623,23.282708
16.743039,23.506542
17.043133,22.861192
19.152954,22.614572
17.029611,23.799095
17.722246,23.759884
18.341206,22.557765
17.755262,22.774916
16.719538,24.476158
13.340797,25.868659
12.211751,26.396554
18.424856,21.754614
17.979206,22.133235
19.199174,21.771755
18.627417,22.043111
18.874279,21.375293
20.954909,20.955095
18.936758,22.311909
19.623503,22.215663
20.141769,20.966343
19.575987,21.230761
18.682014,23.012286
17.947686,23.110984
13.972980,25.732144
13.570482,26.352241
13.748266,25.405406
12.461592,26.893781
10.772308,27.607865
12.521200,25.611489
13.049921,25.354448
12.698985,25.944882
11.996534,25.870692
12.844379,26.299111
20.158318,20.159218
19.745475,20.573013
20.930219,20.112144
20.383396,20.429560
20.573730,19.744317
22.613405,19.153537
20.714433,20.671336
21.391167,20.519327
21.803626,19.231831
21.261890,19.541994
20.518592,21.391332
19.795920,21.549208
11.166969,26.905181
11.790496,26.814701
11.349223,27.381679
9.998133,27.308947
11.570458,26.468730
10.623459,27.277316
10.197786,27.830558
21.753982,18.426010
21.376088,18.872903
22.519930,18.315161
22.001167,18.676632
22.134165,17.977695
24.117804,17.221040
22.350384,18.890546
23.012557,18.683015
23.317634,17.365731
22.803080,17.719196
22.215451,19.623844
21.506594,19.841745
10.363586,26.558841
10.909641,26.343449
10.537854,26.899194
9.818672,26.772658
11.024995,26.613193
8.454615,28.403240
23.201266,16.566030
22.862053,17.042981
23.955517,16.393087
23.467934,16.795967
23.543179,16.089162
25.457166,15.170859
23.833955,16.980603
24.476480,16.719232
24.671681,15.380980
24.188264,15.775706
23.759660,17.722807
23.071846,17.997948
8.905654,27.730158
9.536941,27.693643
9.048932,28.225772
7.707600,28.041712
9.352849,27.331389
8.336744,28.059849
7.865003,28.577472
24.489934,14.593655
24.190897,15.097557
25.226963,14.359273
24.774649,14.800527
24.791202,14.090532
26.622997,13.016430
25.154668,14.954387
25.773271,14.640903
25.857473,13.291466
25.408504,13.724413
25.141772,15.700379
24.479465,16.031201
8.135132,27.324061
8.697726,27.153834
7.574091,27.492248
6.079750,29.004799
25.611696,12.521521
25.354909,13.048842
26.326634,12.227123
25.912536,12.704326
25.869630,11.995401
27.607070,10.773647
26.303454,12.826347
26.894208,12.462433
26.866798,11.110975
26.455003,11.579353
26.352408,13.570369
25.719168,13.955389
8.275576,27.678555
8.790892,27.434159
6.585237,28.371829
7.216814,28.387028
6.687133,28.876823
5.365467,28.582826
7.063232,28.010470
5.990621,28.652503
5.478703,29.129585
26.558338,10.363860
26.345702,10.910599
27.246284,10.011395
26.873367,10.521084
26.771838,9.818512
28.402441,8.457037
27.272880,10.610714
27.831430,10.198897
27.692402,8.854509
27.320995,9.354972
27.382919,11.347984
26.783781,11.783906
5.850772,27.902768
6.425248,27.779480
5.277563,28.023450
3.662904,29.406976
27.323474,8.134527
27.156813,8.698169
27.980516,7.727435
27.650212,8.265508
27.491453,7.573917
29.003834,6.081671
28.055718,8.322190
28.578530,7.865913
28.328837,6.537065
28.000519,7.066987
28.226315,9.047498
27.665488,9.531863
5.961878,28.267235
6.495311,28.066532
4.220048,28.818583
4.847687,28.886386
4.279903,29.330914
2.986888,28.927368
4.726462,28.498462
3.604797,29.049074
3.055914,29.483306
27.902344,5.850790
27.782091,6.425924
28.522738,5.389244
28.239407,5.953263
28.021339,5.277929
29.408033,3.664980
28.647333,5.977438
29.130207,5.478727
28.772827,4.174425
28.487760,4.731341
28.877445,6.685573
28.358511,7.214217
3.527524,28.291469
4.108805,28.215168
2.945537,28.362399
1.224702,29.608791
28.291007,3.528538
28.217662,4.109175
28.869168,3.016280
28.635624,3.600592
28.361801,2.946268
29.610944,1.226687
29.043856,3.592293
29.482126,3.054330
29.017627,1.786213
28.782329,2.363284
29.330930,4.279181
28.856659,4.846184
3.607560,28.664264
4.155271,28.506233
1.825357,29.068997
2.445968,29.187692
1.839830,29.585220
0.000000,28.926762
1.177855,28.485848
0.711784,28.502240
2.358566,28.792706
1.763911,28.459968
0.857469,29.155161
1.383625,29.300240
0.608628,29.634414
-0.000000,29.284757
0.649299,28.838400
1.346830,28.825707
28.485593,1.178609
28.458621,1.765214
29.078712,0.000000
28.503029,0.711642
29.177053,0.898646
29.302177,1.453784
28.841187,1.200815
29.634004,0.606165
29.282559,0.000000
28.877654,0.000000
28.808242,0.603697
29.159227,2.446352
