21.365989,0.000000
21.292008,1.764420
21.073134,3.516511
20.710885,5.244924
20.206694,6.937387
19.564755,8.582399
18.789156,10.168661
17.885239,11.685577
16.859585,13.122359
15.717643,14.470475
14.469934,15.718177
13.121669,16.860299
11.685033,17.885986
10.168577,18.789577
8.581946,19.565017
6.937060,20.207199
5.244590,20.711379
3.516490,21.073688
1.764279,21.293073
-0.000000,21.367116
-0.000000,22.843569
1.886857,22.764549
3.760149,22.531620
5.607782,22.144004
7.417301,21.605002
9.175909,20.918784
10.871997,20.089587
12.494235,19.123643
14.030711,18.026294
15.470861,16.806306
16.806167,15.470849
18.026105,14.030676
19.123302,12.494191
20.089301,10.871872
20.918576,9.175982
21.604777,7.417135
22.143720,5.607481
22.531114,3.760051
22.764041,1.886306
22.842326,0.000000
10.927679,18.339229
11.683523,19.607879
10.927353,19.196796
10.548991,18.564544
11.650787,18.693679
11.144206,18.746054
11.306619,18.112980
13.263071,18.576206
11.457722,19.178410
12.089482,19.365756
12.472991,18.232777
11.958062,18.269046
12.196955,18.713661
11.878422,19.026539
11.277823,19.849375
10.024442,20.505536
12.404516,17.374307
12.045877,17.630204
13.156511,17.670862
12.653700,17.764137
12.763544,17.117910
14.751525,17.417519
12.999998,18.168748
13.647740,18.301443
13.935932,17.140506
13.424919,17.220424
12.878789,18.850565
10.144441,19.672010
9.280799,20.062912
13.796970,16.290161
13.460546,16.575416
14.571698,16.524151
14.077913,16.658310
14.134149,16.004936
16.139392,16.139670
14.455722,17.033209
15.112078,17.112055
15.304056,15.930798
14.801388,16.052743
14.391006,17.722607
13.701049,17.642443
10.671417,19.651928
10.449055,20.297826
10.396866,19.212904
9.599957,20.712846
8.296751,21.263333
9.375895,19.178657
9.772643,18.984908
9.603452,19.621479
8.980076,19.372637
9.806022,20.078689
15.094982,15.095308
14.783601,15.406934
15.885219,15.264260
15.404839,15.438744
15.406957,14.783559
17.417083,14.751816
15.813109,15.781004
16.473732,15.805442
16.566960,14.612859
16.076170,14.775755
15.805174,16.473778
15.111945,16.450104
8.497073,20.473082
9.007520,20.485233
8.737550,21.091225
7.597963,20.754943
8.751326,20.017649
8.110683,20.827886
7.856682,21.434730
16.289899,13.797295
16.004891,14.134000
17.092085,13.900361
16.627483,14.113896
16.575443,13.460500
18.575751,13.263370
17.062052,14.421446
17.722598,14.391336
17.717372,13.194955
17.241623,13.397630
17.111833,15.112175
16.417898,15.146474
7.760070,19.887615
8.171126,19.726808
7.969150,20.344285
7.349542,20.048094
8.320339,20.084936
6.512347,21.875967
17.373749,12.404674
17.117816,12.763658
18.181662,12.441522
17.736157,12.692623
17.630299,12.045893
19.607400,11.683938
18.194834,12.963254
18.850482,12.878787
18.746234,11.686543
18.288946,11.928057
18.301172,13.647840
17.612989,13.738902
6.775313,21.098005
7.286107,21.155128
6.965902,21.740919
5.857476,21.312151
7.073908,20.669950
6.364405,21.425087
6.059762,22.010496
18.338613,10.927723
18.113052,11.306784
19.146515,10.897554
18.723518,11.184516
18.564697,10.548973
20.505132,10.024691
19.203031,11.416305
19.849326,11.277870
19.647192,10.098813
19.211423,10.377022
19.365629,12.089866
18.687496,12.237316
6.091312,20.460766
6.514335,20.334215
5.668829,20.586779
4.683539,22.339299
19.178436,9.376030
18.984859,9.772481
19.981177,9.279380
19.583256,9.600254
19.372360,8.979973
21.262953,8.297202
20.079958,9.791721
20.712790,9.600220
20.414036,8.441985
20.002749,8.755230
20.297598,10.449090
19.633691,10.652451
6.257886,20.933304
6.635137,20.706072
5.010007,21.586381
5.514074,21.685124
5.146738,22.242185
4.077405,21.723261
5.342366,21.183860
4.573170,21.877744
4.221573,22.435958
19.887229,7.760298
19.727017,8.171444
20.679279,7.597728
20.309261,7.950297
20.047775,7.349635
21.875553,6.512862
20.819982,8.100215
21.434760,7.856951
21.041492,6.727429
20.657482,7.073502
21.091164,8.737353
20.446427,8.994815
4.380858,20.894053
4.812746,20.802885
3.949342,20.984505
2.822761,22.649478
20.460309,6.091386
20.334500,6.514503
21.236260,5.864091
20.896540,6.245969
20.586351,5.668896
22.338708,4.683917
21.417763,6.353243
22.010472,6.059970
21.525281,4.966817
21.171299,5.343534
21.740600,6.965694
21.119350,7.275577
4.508135,21.378747
4.902416,21.183260
3.210674,21.926702
3.704672,22.066765
3.292457,22.591419
2.270049,21.985425
3.574738,21.552756
2.751280,22.180627
2.354662,22.707944
20.893478,4.381009
20.802994,4.813020
21.648102,4.090034
21.341212,4.498857
20.983677,3.949474
22.649160,2.822989
21.869296,4.562914
22.435659,4.221636
21.861736,3.171915
21.539930,3.577016
22.241796,5.146437
21.648246,5.506707
2.640711,21.184793
3.078386,21.129312
2.203044,21.239104
0.943267,22.805302
21.184103,2.641043
21.129248,3.078572
21.911154,2.288653
21.639881,2.720979
21.238264,2.203309
22.804888,0.943590
22.171407,2.741450
22.707057,2.354333
22.049031,1.356595
21.762140,1.786243
22.590731,3.292334
22.028977,3.699467
2.727913,21.678332
3.136473,21.515365
1.388488,22.116163
1.869683,22.296667
1.415257,22.786162
0.000000,21.899799
0.881932,21.330726
0.533220,21.344321
1.783499,21.774883
1.322883,21.311937
0.654463,22.203801
1.056279,22.405590
0.471138,22.824877
-0.000000,22.370330
0.487093,21.786156
1.018342,21.782967
21.329817,0.882129
21.310847,1.323171
22.100723,0.000000
21.343680,0.533186
22.230223,0.684575
22.409778,1.109714
21.799409,0.908002
22.823978,0.470674
22.368842,0.000000
21.833486,0.000000
21.744686,0.451979
22.259028,1.868278
