24.982899,-0.000000
24.894527,2.063022
24.638527,4.111162
24.214595,6.132475
23.624953,8.111376
22.874465,10.034733
21.967588,11.889356
20.910585,13.662851
19.711325,15.342746
18.376330,16.918871
16.917543,18.377576
15.340851,19.713061
13.661343,20.912328
11.889361,21.968288
10.033530,22.874799
8.110554,23.625765
6.131589,24.215108
4.111406,24.638878
2.062869,24.895978
-0.000000,24.984273
-0.000000,26.257970
2.169894,26.166732
4.322688,25.899307
6.446423,25.453843
8.526470,24.834394
10.547675,24.045637
12.497695,23.092552
14.362282,21.982057
16.128242,20.720558
17.783592,19.318313
19.318348,17.783109
20.720478,16.127804
21.981678,14.361797
23.092220,12.497016
24.045417,10.547708
24.834221,8.525974
25.453793,6.445624
25.898822,4.322841
26.166972,2.168548
26.256542,-0.000000
12.778227,21.445118
13.431451,22.541686
12.665460,22.249641
12.336919,21.707068
13.513401,21.681870
12.958839,21.799003
13.220238,21.180218
15.247320,21.355563
13.242421,22.165324
13.899143,22.261743
14.456158,21.131734
13.901040,21.237109
14.097139,21.628425
13.715564,21.966993
12.964438,22.819571
11.524450,23.573612
14.504967,20.316615
14.087223,20.614504
15.259411,20.494716
14.713488,20.656759
14.924072,20.017085
16.958523,20.023580
15.024949,20.998064
15.690828,21.038573
16.152065,19.865585
15.605785,20.017812
14.804864,21.671361
11.752101,22.788625
10.755174,23.248778
16.133104,19.048583
15.741493,19.381136
16.900187,19.164696
16.369443,19.370715
16.527245,18.715823
18.554034,18.554373
16.707513,19.685840
17.374254,19.671277
17.737703,18.463911
17.205986,18.660574
16.542740,20.374912
15.834845,20.390342
12.330110,22.706940
12.014215,23.333825
12.084542,22.331615
11.034988,23.812139
9.537905,24.444816
10.963590,22.426059
11.427319,22.200180
11.162338,22.806228
10.502749,22.653010
11.332769,23.204545
17.650927,17.651596
17.288326,18.014907
18.423783,17.703731
17.912542,17.952689
18.015401,17.287669
20.022700,16.959030
18.276098,18.238478
18.939540,18.169241
19.201304,16.936419
18.687837,17.176178
18.168744,18.939496
17.465520,19.012373
9.839652,23.707835
10.405626,23.665091
10.047172,24.245576
8.805286,24.051754
10.171023,23.266449
9.373355,24.068730
9.030686,24.641752
19.048149,16.133848
18.716249,16.526359
19.823325,16.121862
19.334210,16.412193
19.381729,15.740714
21.354728,15.247927
19.719525,16.667215
20.375183,16.543461
20.534616,15.293022
20.042528,15.574074
19.671048,17.374381
18.974844,17.505805
9.074175,23.255343
9.553745,23.066843
9.262756,23.645512
8.595907,23.442811
9.683230,23.374332
7.486113,25.149038
20.315467,14.505270
20.017492,14.924034
21.087001,14.429954
20.623268,14.759482
20.615377,14.086840
22.540712,13.432443
21.028592,14.982000
21.671591,14.804633
21.727097,13.544994
21.260020,13.865799
21.038314,15.691069
20.355945,15.879023
7.846616,24.433424
8.416827,24.440120
8.010367,24.992821
6.788130,24.697249
8.221592,24.024752
7.355524,24.759053
6.965013,25.303341
21.443829,12.778218
21.181178,13.220541
22.206168,12.639501
21.771527,13.005917
21.708111,12.336652
23.572899,11.524894
22.193865,13.194219
22.819879,12.964337
22.771363,11.704851
22.332502,12.062829
22.262057,13.900225
21.597840,14.143694
7.122901,23.925460
7.616749,23.776677
6.630542,24.072766
5.383483,25.681634
22.425990,10.963805
22.200515,11.426588
23.174210,10.762709
22.771385,11.163784
22.652459,10.502078
24.444186,9.538990
23.207410,11.316645
23.812462,11.035575
23.660166,9.784588
23.252343,10.177501
23.333787,12.014116
22.691564,12.312157
7.273969,24.330450
7.721433,24.096020
5.802105,24.998883
6.369431,25.052133
5.919083,25.569184
4.725323,25.173738
6.208992,24.621784
5.285495,25.282007
4.851990,25.792301
23.254827,9.074491
23.068192,9.554415
23.983766,8.812337
23.615689,9.245167
23.442333,8.595861
25.148437,7.487716
24.062723,9.361760
24.642361,9.031404
24.387303,7.797444
24.013455,8.222447
24.246148,10.046325
23.630890,10.396305
5.122751,24.432160
5.626902,24.324551
4.619714,24.537842
3.243967,26.037827
23.924896,7.122683
23.778452,7.617032
24.629921,6.801734
24.298472,7.263196
24.072209,6.630434
25.680846,5.384752
24.753478,7.342624
25.304006,6.965645
24.947832,5.756645
24.610758,6.211480
24.992823,8.009505
24.408705,8.409312
5.240226,24.847994
5.705087,24.651365
3.718244,25.392654
4.278837,25.492927
3.787434,25.971045
2.630548,25.477262
4.154719,25.050711
3.180211,25.631898
2.706342,26.105375
24.431612,5.122886
24.326056,5.627447
25.107377,4.743800
24.815961,5.231397
24.536377,4.619928
26.038362,3.245079
25.275353,5.273750
25.792564,4.852150
25.338446,3.676229
25.039131,4.158361
25.569233,5.918095
25.020065,6.364701
3.088312,24.772321
3.598721,24.706135
2.577761,24.834955
1.084419,26.216781
24.771786,3.089065
24.707504,3.599017
25.412247,2.654789
25.163896,3.163932
24.834186,2.578322
26.217757,1.085636
25.624978,3.169003
26.104314,2.705396
25.554601,1.572653
25.297893,2.076799
25.970586,3.787102
25.459813,4.275570
3.170843,25.196715
3.649816,25.037653
1.607948,25.612858
2.159187,25.758680
1.628071,26.195663
0.000000,25.437692
1.031108,24.942795
0.623042,24.957454
2.072979,25.309238
1.545728,24.920096
0.756560,25.699017
1.220736,25.868886
0.540149,26.239347
0.000000,25.844130
0.568875,25.338784
1.183893,25.330504
24.942175,1.031646
24.918801,1.546525
25.610567,0.000000
24.957617,0.622945
25.722785,0.792263
25.871717,1.282511
25.346213,1.055654
26.238700,0.538621
25.842033,0.000000
25.381338,0.000000
25.303678,0.528504
25.726301,2.158689
