22.327439,0.000000
22.249458,1.843786
22.020727,3.674547
21.642064,5.480803
21.115159,7.249389
20.444374,8.968383
19.633883,10.625958
18.689266,12.211057
17.617463,13.712454
16.424211,15.121175
15.120404,16.424955
13.711419,17.618480
12.210241,18.690316
10.625899,19.634397
8.967723,20.444643
7.248932,21.115759
5.480326,21.642567
3.674599,22.021222
1.843622,22.250657
0.000000,22.328675
-0.000000,23.745455
1.961650,23.663071
3.908770,23.421041
5.829305,23.018149
7.710271,22.457909
9.538211,21.744620
11.301377,20.882716
12.987598,19.878602
14.584685,18.737877
16.081671,17.469749
17.469649,16.081534
18.737712,14.584536
19.878226,12.987437
20.882414,11.301089
21.744430,9.538264
22.457723,7.709981
23.017950,5.828831
23.420572,3.908693
23.662773,1.960824
23.744071,-0.000000
11.419513,19.164753
12.145174,20.382778
11.387811,20.005542
11.024173,19.399789
12.144349,19.485523
11.625511,19.555849
11.815258,18.928180
13.787140,19.310310
11.930033,19.968892
12.567424,20.130665
12.998336,19.000733
12.473330,19.056177
12.699800,19.485019
12.364424,19.804423
11.723335,20.633853
10.420618,21.315909
12.962762,18.156331
12.588387,18.423395
13.713727,18.419115
13.200009,18.531381
13.337796,17.888439
15.334424,18.105847
13.535890,18.917501
14.187353,19.024393
14.523007,17.862372
14.003262,17.962260
13.387546,19.595575
10.570250,20.497482
9.671354,20.906810
14.417852,17.023273
14.066734,17.321143
15.188685,17.223822
14.685668,17.377725
14.770235,16.725409
16.777135,16.777458
15.051639,17.735208
15.709551,17.788014
15.948745,16.601822
15.439057,16.744321
14.959333,18.423093
14.265690,18.369622
11.110286,20.460330
10.862434,21.099728
10.844384,20.039968
9.979004,21.531430
8.624525,22.103654
9.797862,20.041772
10.212490,19.839444
10.016827,20.466075
9.384757,20.244524
10.210044,20.905934
15.774288,15.774708
15.449282,16.100104
16.557866,15.910667
16.069946,16.105520
16.100272,15.449074
18.105271,15.334792
16.464919,16.431360
17.124999,16.429784
17.264815,15.228377
16.768757,15.412323
16.429453,17.124986
15.734752,17.128161
8.852602,21.329767
9.377426,21.326573
9.083441,21.924381
7.917766,21.628249
9.127797,20.879177
8.444832,21.685534
8.166780,22.281751
17.022973,14.418286
16.725491,14.769869
17.815791,14.488999
17.345376,14.723471
17.321338,14.066509
19.309728,13.787542
17.765331,15.015766
18.423192,14.959780
18.463678,13.750729
17.984397,13.974794
17.787784,15.709633
17.094522,15.770822
8.109297,20.782705
8.538642,20.614506
8.312182,21.219737
7.680778,20.950370
8.681958,20.957653
6.769502,22.740464
18.155589,12.962943
17.888471,13.337874
18.951503,12.968409
18.501896,13.240805
18.423721,12.588303
20.382155,12.145768
18.944769,13.497494
19.595593,13.387466
19.535897,12.178847
19.076854,12.441918
19.024113,14.187463
18.338840,14.305239
7.059017,21.981361
7.585256,22.024313
7.241744,22.599857
6.103993,22.208834
7.378254,21.559606
6.626694,22.307371
6.298867,22.880182
19.163923,11.419522
18.928495,11.815454
19.957261,11.359133
19.531949,11.667603
19.400213,11.024071
21.315412,10.420941
19.994550,11.886816
20.633927,11.723333
20.474832,10.524258
20.039130,10.824078
20.130645,12.567994
19.457648,12.741799
6.365460,21.381628
6.807384,21.249119
5.924405,21.513292
4.868370,23.222078
20.041585,9.798010
19.839524,10.212151
20.827277,9.672436
20.428861,10.014950
20.244207,9.384494
22.103206,8.625190
20.907640,10.195283
21.531501,9.979362
21.273977,8.797642
20.864541,9.132402
21.099541,10.862422
20.442902,11.091666
6.527316,21.834206
6.923359,21.605428
5.219755,22.490147
5.740365,22.575988
5.350703,23.120952
4.249025,22.637259
5.572179,22.095540
4.761688,22.778618
4.388093,23.322410
20.782274,8.109567
20.615044,8.539067
21.554904,7.919584
21.186244,8.293728
20.950032,7.680835
22.740009,6.770335
21.678177,8.434076
22.281974,8.167176
21.927838,7.010880
21.547474,7.378186
21.924482,9.083052
21.289148,9.365696
4.578011,21.834430
5.029163,21.738829
4.127473,21.928911
2.933995,23.544389
21.381137,6.365474
21.249835,6.807578
22.135500,6.112542
21.798856,6.515769
21.512848,5.924422
23.221434,4.869012
22.300553,6.615069
22.880381,6.299202
22.431939,5.176028
22.083436,5.573704
22.599593,7.241361
21.989820,7.575593
4.702259,22.298759
5.115385,22.103339
3.345075,22.844608
3.856564,22.973283
3.423149,23.484099
2.365508,22.910359
3.728535,22.480369
2.864797,23.093930
2.447564,23.605277
21.833850,4.578172
21.739342,5.029526
22.564730,4.263263
22.262837,4.693143
21.927916,4.127620
23.544325,2.934446
22.770681,4.751033
23.322280,4.388208
22.782751,3.305508
22.467911,3.731190
23.120656,5.350210
22.540533,5.733758
2.759660,22.138303
3.216718,22.079922
2.302601,22.194799
0.980556,23.706355
22.137652,2.760130
22.080267,3.216945
22.838815,2.385660
22.574602,2.838445
22.193949,2.302968
23.706297,0.981125
23.085380,2.854595
23.604325,2.447065
22.977665,1.413822
22.699824,1.863287
23.483434,3.422981
22.936885,3.851897
2.845346,22.611397
3.272666,22.449819
1.446543,23.042247
1.946278,23.212668
1.471457,23.686739
0.000000,22.837787
0.921522,22.290787
0.557005,22.304579
1.860236,22.712169
1.382142,22.270865
0.681507,23.129313
1.099784,23.321817
0.489396,23.726705
0.000000,23.289485
0.508799,22.728538
1.062273,22.723903
22.289913,0.921821
22.269672,1.382575
23.030390,0.000000
22.304140,0.556947
23.154906,0.713101
23.325553,1.155402
22.740054,0.947208
23.725843,0.488633
23.287729,0.000000
22.774408,0.000000
22.688892,0.472298
23.176563,1.945120
