28.932716,0.000000
28.829962,2.389359
28.533484,4.760990
28.042398,7.102233
27.359482,9.394104
26.490399,11.621476
25.440126,13.769302
24.215942,15.823147
22.827055,17.768599
21.281187,19.593743
19.591790,21.282963
17.765640,22.829612
15.820803,24.218400
13.769419,25.440932
11.619479,26.490866
9.392682,27.360503
7.100646,28.042922
4.761329,28.533761
2.389274,28.831754
-0.000000,28.934235
-0.000000,30.040208
2.483133,29.936536
4.945448,29.630725
7.375254,29.121143
9.755096,28.412494
12.067425,27.510075
14.298750,26.419619
16.432054,25.148871
18.452216,23.705636
20.346003,22.101499
22.101779,20.345003
23.705697,18.451440
25.148629,16.431114
26.419252,14.297659
27.509684,12.067616
28.412213,9.754637
29.121166,7.374363
29.629970,4.946293
29.937303,2.481485
30.039147,0.000000
14.799933,24.837718
15.368100,25.791843
14.577931,25.608963
14.290186,25.139953
15.561835,24.967921
14.950228,25.148930
15.310309,24.531157
17.445775,24.434555
15.210751,25.459558
15.904290,25.469993
16.638600,24.321898
16.034047,24.495234
16.193138,24.843352
15.743447,25.212885
14.832607,26.110361
13.186406,26.972433
16.799654,23.530739
16.317478,23.874455
17.572170,23.600344
16.974078,23.830931
17.283901,23.184372
19.403716,22.910639
17.258265,24.118584
17.954376,24.070842
18.590672,22.864568
17.999982,23.088807
16.938310,24.796669
13.521866,26.219718
12.377742,26.755299
18.685274,22.062102
18.233478,22.445944
19.461106,22.068780
18.884460,22.347314
19.140944,21.677495
21.229262,21.229420
19.191028,22.611441
19.880525,22.506400
20.415730,21.251516
19.845813,21.523369
18.926463,23.313667
18.188698,23.421312
14.160406,26.077239
13.748318,26.697150
13.937700,25.755356
12.624602,27.245928
10.913383,27.969296
12.698201,25.973440
13.234267,25.712876
12.873942,26.302204
12.166274,26.236301
13.016800,26.652082
20.443241,20.444153
20.024682,20.863679
21.215788,20.386531
20.664669,20.711507
20.864406,20.023475
22.909447,19.404302
20.992553,20.948831
21.671312,20.787862
22.100179,19.493414
21.554946,19.811335
20.787100,21.671510
20.061747,21.838570
11.318275,27.269635
11.948492,27.174024
11.497997,27.740035
10.134075,27.680151
11.729794,26.833323
10.766051,27.643299
10.331143,28.194951
22.061452,18.686469
21.678325,19.139526
22.827161,18.565044
22.304764,18.934399
22.446901,18.231888
24.433543,17.446506
22.650463,19.144144
23.313929,18.927488
23.634781,17.601936
23.117369,17.963415
22.506193,19.880895
21.795387,20.108194
10.510118,26.934209
11.063689,26.715774
10.683026,27.269621
9.957615,27.151013
11.177687,26.981784
8.565302,28.775091
23.529185,16.800197
23.185281,17.283741
24.282337,16.616743
23.791758,17.027789
23.875842,16.316693
25.790430,15.369506
24.153938,17.208570
24.796992,16.938002
25.007237,15.590209
24.521644,15.993149
24.070624,17.954979
23.381644,18.239644
9.026374,28.105934
9.664737,28.064812
9.167606,28.595187
7.812384,28.422862
9.481649,27.707860
8.448664,28.436349
7.967844,28.951613
24.836066,14.799948
24.532889,15.310825
25.571130,14.555203
25.116509,15.004815
25.141511,14.289834
26.971533,13.186866
25.492380,15.155158
26.110751,14.832473
26.209157,13.472277
25.758703,13.913586
25.470833,15.906086
24.808167,16.246500
8.250168,27.710234
8.820532,27.537586
7.681306,27.880789
6.159329,29.384534
25.973690,12.698531
25.713339,13.233160
26.685797,12.393959
26.270109,12.879694
26.235174,12.165092
27.968493,10.914732
26.656593,12.998549
27.246353,12.625467
27.232218,11.262131
26.819623,11.738958
26.697340,13.748208
26.064519,14.142823
8.389614,28.059726
8.912591,27.814060
6.674510,28.756293
7.313496,28.767486
6.774898,29.254774
5.438418,28.971343
7.160494,28.396287
6.071044,29.036958
5.550315,29.510943
26.933720,10.510381
26.718123,11.064679
27.617991,10.147995
27.244203,10.666333
27.150148,9.957443
28.774275,8.567805
27.639034,10.753174
28.195839,10.332294
28.069044,8.974970
27.697555,9.483918
27.741355,11.496729
27.143422,11.942183
5.933511,28.297124
6.515946,28.172072
5.352319,28.419508
3.710783,29.791979
27.709654,8.249515
27.540693,8.820994
28.362257,7.832895
28.031754,8.379611
27.879967,7.681133
29.383555,6.161314
28.432375,8.433926
28.952706,7.968775
28.714132,6.626009
28.386437,7.164392
28.595805,9.166113
28.036979,9.659909
6.044040,28.656509
6.585236,28.455201
4.277246,29.209094
4.912590,29.273523
4.336189,29.714828
3.027500,29.320564
4.791564,28.890997
3.653222,29.438862
3.095858,29.869298
28.296722,5.933511
28.174801,6.516628
28.911858,5.462775
28.629107,6.035444
28.417327,5.352704
29.793082,3.712976
29.031948,6.057699
29.511596,5.550312
29.164198,4.231196
28.880380,4.796578
29.255468,6.773278
28.739318,7.311119
3.577438,28.691345
4.166747,28.613910
2.987330,28.763219
1.240729,29.996404
28.690890,3.578478
28.616521,4.167125
29.263032,3.057459
29.030808,3.650315
28.762645,2.988074
29.998676,1.242793
29.433814,3.640574
29.868109,3.094196
29.412266,1.810560
29.179012,2.395909
29.714914,4.335411
29.244128,4.911283
3.657286,29.059034
4.212793,28.900986
1.850159,29.462946
2.478687,29.578886
1.864039,29.972525
0.000000,29.324100
1.194548,28.888432
0.721894,28.905053
2.391097,29.189298
1.788675,28.862216
0.868973,29.549180
1.402203,29.691760
0.616455,30.022376
-0.000000,29.677284
0.658444,29.236748
1.365370,29.223573
28.888220,1.195319
28.860869,1.790040
29.473982,0.000000
28.905903,0.721743
29.570891,0.910769
29.693612,1.473320
29.239046,1.217326
30.021991,0.613888
29.675089,0.000000
29.275696,0.000000
29.207088,0.612243
29.550808,2.479175
