25.374645,-0.000000
25.284801,2.095374
25.024780,4.175593
24.594179,6.228637
23.995283,8.238573
23.233036,10.192083
22.311938,12.075782
21.238354,13.877079
20.020291,15.583310
18.664382,17.184133
17.182727,18.665699
15.581294,20.022127
13.875473,21.240193
12.075795,22.312665
10.190798,23.233392
8.237693,23.996132
6.227685,24.594704
4.175857,25.025129
2.095227,25.286298
0.000000,25.376047
-0.000000,26.630957
2.200795,26.538454
4.384118,26.267252
6.538027,25.815466
8.647632,25.187223
10.697538,24.387259
12.675297,23.420632
14.566373,22.294338
16.357402,21.014914
18.036263,19.592759
19.592810,18.035732
21.014841,16.356928
22.293959,14.565844
23.420286,12.674570
24.387017,10.697578
25.187034,8.647124
25.815418,6.537200
26.266738,4.384323
26.538747,2.199397
26.629535,0.000000
12.978708,21.781577
13.622414,22.862192
12.854573,22.581818
12.530619,22.047508
13.715997,22.006886
13.155963,22.130629
13.427524,21.512519
15.464099,21.659193
13.436872,22.490766
14.096857,22.578116
14.671952,21.447178
14.112151,21.559595
14.304190,21.946022
13.915832,22.287541
13.148672,23.144070
11.688327,23.908781
14.732521,20.635363
14.308387,20.937799
15.488148,20.801878
14.937253,20.970981
15.158110,20.331177
17.199636,20.308279
15.245577,21.306343
15.914032,21.337591
16.393197,20.162120
15.842747,20.321768
15.015257,21.979541
11.927070,23.127834
10.915609,23.595478
16.386192,19.347428
15.988613,19.685082
17.153464,19.451922
16.618390,19.665372
16.786466,19.009522
18.817830,18.818166
16.952858,19.974864
17.621393,19.950857
18.002505,18.739550
17.467258,18.943927
16.777801,20.664693
16.067362,20.689765
12.510887,23.039860
12.185210,23.665490
12.267939,22.670482
11.191746,24.150739
9.673521,24.792376
11.135599,22.777859
11.606538,22.548522
11.331733,23.152257
10.667715,23.008377
11.499128,23.545131
17.927827,17.928535
17.559680,18.297428
18.699913,17.969077
18.184964,18.225787
18.297953,17.558967
20.307356,17.200160
18.544454,18.506237
19.208918,18.427472
19.487944,17.189253
18.971604,17.436998
18.426945,19.208891
17.721982,19.291567
9.985810,24.059942
10.558010,24.011670
10.190243,24.590173
8.936668,24.410515
10.325291,23.619470
9.510936,24.421859
9.158930,24.992127
19.346965,16.386987
19.009989,16.785518
20.120409,16.363504
19.628252,16.661866
19.685716,15.987755
21.658322,15.464731
20.009070,16.911910
20.664968,16.778562
20.841158,15.521324
20.346856,15.810561
19.950624,17.621541
19.253464,17.762888
9.216558,23.620181
9.703504,23.428700
9.403323,24.004213
8.730941,23.810565
9.831210,23.731530
7.592515,25.506611
20.634158,14.732851
20.331631,15.158059
21.403022,14.646240
20.936905,14.984018
20.938730,14.307964
22.861160,13.623458
21.337342,15.201961
21.979784,15.015014
22.051436,13.747222
21.582835,14.076352
21.337329,15.914306
20.654833,16.112221
7.963236,24.796481
8.540075,24.798142
8.124481,25.348066
6.889404,25.065620
8.346299,24.389281
7.463514,25.122331
7.063903,25.663093
21.780225,12.978705
21.513558,13.427849
22.538967,12.828976
22.102636,13.203785
22.048614,12.530337
23.908032,11.688782
22.519724,13.387937
23.144391,13.148564
23.111291,11.879611
22.671609,12.246005
22.578473,14.098017
21.914965,14.351422
7.234674,24.300802
7.736149,24.149637
6.734741,24.450417
5.459972,26.046781
22.777803,11.135828
22.548874,11.605762
23.521512,10.924051
23.117712,11.333638
23.007768,10.666990
24.791713,9.674651
23.548153,11.482798
24.151077,11.192366
24.013368,9.930684
23.605412,10.332042
23.665467,12.185107
23.024756,12.493003
7.384383,24.699566
7.839383,24.464156
5.888338,25.370334
6.462668,25.419105
6.003471,25.932635
4.795832,25.549227
6.303160,24.995355
5.363103,25.652951
4.920854,26.158992
23.619649,9.216877
23.430147,9.704208
24.343195,8.944447
23.974866,9.385841
23.810046,8.730883
25.505976,7.594220
24.416025,9.499216
24.992767,9.159695
24.751350,7.913877
24.378086,8.347294
24.590807,10.189342
23.977871,10.549017
5.203140,24.815455
5.715083,24.706098
4.692357,24.922793
3.289993,26.408016
24.300220,7.234419
24.151544,7.736449
24.999054,6.903724
24.668021,7.373704
24.449826,6.734620
26.045959,5.461322
25.116913,7.450429
25.663801,7.064574
25.320237,5.842599
24.984455,6.305790
25.348108,8.123552
24.767119,8.532852
5.319780,25.224950
5.792240,25.027994
3.773503,25.769933
4.341427,25.866343
3.841533,26.340240
2.669792,25.857263
4.217743,25.430799
3.226943,26.007972
2.744755,26.476540
24.814904,5.203267
24.707723,5.715650
25.483645,4.814912
25.193418,5.310982
24.921245,4.692586
26.408610,3.291206
25.646460,5.351199
26.159291,4.921010
25.716735,3.731106
25.419318,4.221526
25.932731,6.002416
25.387466,6.458193
3.136811,25.160973
3.655069,25.093656
2.618372,25.224521
1.099836,26.589484
25.160438,3.137598
25.095149,3.655374
25.793085,2.694618
25.546687,3.212065
25.223756,2.618956
26.590592,1.101143
26.001252,3.215589
26.475454,2.743742
25.936041,1.596169
25.682039,2.108376
26.339811,3.841168
25.833641,4.338359
3.218982,25.579001
3.705560,25.420170
1.631872,25.993468
2.190742,26.136007
1.651329,26.568121
-0.000000,25.822248
1.047298,25.334094
0.632818,25.348915
2.104450,25.693270
1.569846,25.311019
0.767672,26.079567
1.238662,26.246423
0.547675,26.612385
-0.000000,26.222732
0.577750,25.724670
1.201865,25.715883
25.333502,1.047866
25.309703,1.570696
25.992531,0.000000
25.349146,0.632718
26.103089,0.803981
26.249130,1.301357
25.731539,1.071672
26.611756,0.546041
26.220598,0.000000
25.766790,0.000000
25.690156,0.536805
26.104102,2.190340
