20.059393,0.000000
19.991127,1.656528
19.785537,3.301710
19.445542,4.924340
18.972155,6.513363
18.369384,8.057852
17.641229,9.547271
16.792706,10.971597
15.829846,12.320608
14.757671,13.586375
13.586206,14.757869
12.320458,15.830083
10.971478,16.792977
9.547193,17.641518
8.057774,18.369699
6.513304,18.972521
4.924293,19.445947
3.301687,19.785984
1.656509,19.991628
-0.000000,20.059909
-0.000000,21.625592
1.785798,21.551361
3.559425,21.330780
5.308690,20.963819
7.021764,20.453490
8.686804,19.803805
10.292305,19.018768
11.828208,18.104395
13.282900,17.065699
14.646361,15.910725
15.910571,14.646477
17.065509,13.282986
18.104162,11.828270
19.018503,10.292342
19.803507,8.686831
20.453152,7.021762
20.963434,5.308669
21.330343,3.559407
21.550887,1.785761
21.625069,0.000000
10.259375,17.217314
11.060275,18.561638
10.303788,18.101484
9.903322,17.429423
10.982228,17.620961
10.491607,17.647889
10.615441,17.005162
12.555581,17.585103
10.818789,18.108967
11.444267,18.333016
11.761623,17.192792
11.259530,17.201849
11.516761,17.670153
11.221237,17.974565
10.676295,18.790231
9.489576,19.411348
11.646020,16.311584
11.308798,16.552284
12.401794,16.657327
11.913021,16.723769
11.983261,16.070861
13.964663,16.488265
12.275084,17.155855
12.919277,17.325410
13.140994,16.163037
12.640935,16.214746
12.191903,17.844775
9.567925,18.554263
8.751947,18.920096
12.953384,15.294017
12.636974,15.562060
13.736053,15.576479
13.253986,15.682894
13.269829,15.025977
15.278504,15.278650
13.649657,16.083606
14.305550,16.199504
14.431125,15.022189
13.937002,15.115217
13.623777,16.777011
12.937341,16.658794
10.077840,18.558360
9.890977,19.215072
9.790223,18.091542
9.088182,19.607606
7.854289,20.128713
8.802512,18.005670
9.174873,17.823628
9.043090,18.476332
8.430194,18.187721
9.259503,18.959491
14.171993,14.172166
13.879150,14.465028
14.974184,14.388723
14.503125,14.534717
14.464863,13.879300
16.488081,13.964778
14.931443,14.901263
15.594580,14.962571
15.622022,13.779397
15.137311,13.912822
14.962435,15.594720
14.269574,15.532930
8.015803,19.313182
8.507242,19.347233
8.270600,19.966269
7.164935,19.572280
8.240973,18.849604
7.658662,19.667602
7.438013,20.291127
15.293817,12.953530
15.025793,13.269960
16.111857,13.103074
15.654171,13.287427
15.561865,12.637098
17.584883,12.555671
16.110742,13.617506
16.776839,13.623888
16.706777,12.442379
16.234684,12.615220
16.199337,14.305663
15.502723,14.301955
7.285564,18.671178
7.671676,18.520461
7.504145,19.157351
6.899477,18.821882
7.829822,18.901129
6.165217,20.708722
16.311337,11.646133
16.070642,11.983379
17.138874,11.727834
16.697918,11.949377
16.552059,11.308899
18.561382,11.060347
17.180356,12.240549
17.844563,12.191972
17.676832,11.019866
17.220740,11.231428
17.325207,12.919362
16.631192,12.972830
6.391259,19.901979
6.881547,19.979425
6.593536,20.581128
5.523688,20.097837
6.661323,19.463741
6.009595,20.231478
5.736941,20.836292
17.217032,10.259460
17.004919,10.615537
18.048218,10.272275
17.627287,10.529472
17.429169,9.903400
19.411059,9.489621
18.132193,10.779755
18.789986,10.676345
18.526262,9.522624
18.089160,9.770903
18.332784,11.444342
17.645696,11.554869
5.718820,19.209301
6.116071,19.090920
5.321594,19.327655
4.434037,21.147368
18.005374,8.802584
17.823349,9.174936
18.834919,8.746884
18.436542,9.037900
18.187414,8.430252
20.128387,7.854326
18.960117,9.245707
19.607324,9.088222
19.249351,7.960296
18.834230,8.243826
19.214799,9.891016
18.538947,10.058238
5.892671,19.711842
6.244206,19.486186
4.726090,20.362713
5.208051,20.480119
4.871409,21.055619
3.845035,20.485476
5.030827,19.947813
4.318138,20.658983
3.996720,21.239096
18.670837,7.285626
18.520156,7.671746
19.493041,7.161676
19.119993,7.484570
18.821535,6.899529
20.708353,6.165240
19.658849,7.648500
20.290810,7.438036
19.841079,6.343531
19.450770,6.660375
19.965966,8.270610
19.306289,8.493029
4.113004,19.616036
4.518651,19.530997
3.707373,19.701037
2.672578,21.441134
19.208918,5.718862
19.090581,6.116120
20.018115,5.527517
19.672957,5.880076
19.327264,5.321633
21.146946,4.434045
20.223412,5.999012
20.835930,5.736947
20.297456,4.683497
19.934619,5.031437
20.580772,6.593531
19.941706,6.869685
4.245008,20.131365
4.613555,19.935268
3.028761,20.683862
3.499271,20.840543
3.116043,21.385999
2.140846,20.732799
3.366252,20.295041
2.597702,20.945004
2.229182,21.496290
19.615606,4.113038
19.530608,4.518693
20.406472,3.855371
20.091540,4.235379
19.700588,3.707403
21.440685,2.672575
20.649902,4.308414
21.238677,3.996713
20.614548,2.991001
20.281848,3.367954
21.055215,4.871388
20.441158,5.199536
2.479113,19.888871
2.890392,19.837430
2.067834,19.940257
0.892892,21.588534
19.888401,2.479145
19.836997,2.890420
20.654752,2.157267
20.372493,2.561704
19.939772,2.067861
21.588054,0.892901
20.935051,2.588395
21.495806,2.229155
20.791635,1.279099
20.490996,1.681794
21.385541,3.116026
20.800826,3.493296
2.568766,20.413161
2.951768,20.247818
1.309985,20.862112
1.766085,21.057558
1.339353,21.570004
0.000000,20.628178
0.828243,20.025796
0.501039,20.039232
1.679511,20.503965
1.242368,20.008711
0.617838,20.950756
0.997447,21.166275
0.446426,21.607081
0.000000,21.126820
0.457643,20.507910
0.958745,20.506859
20.025292,0.828257
20.008202,1.242390
20.842061,0.000000
20.038740,0.501040
20.978894,0.645955
21.171615,1.047985
20.524240,0.854768
21.606577,0.446402
21.126283,0.000000
20.557884,0.000000
20.464186,0.424386
21.017981,1.764342
