20.039282,-0.000000
19.971105,1.654861
19.765716,3.298391
19.426059,4.919388
18.953142,6.506813
18.350971,8.049751
17.623547,9.537675
16.775878,10.960572
15.813986,12.308227
14.742887,13.572720
13.572595,14.743034
12.308117,15.814163
10.960485,16.776080
9.537617,17.623764
8.049694,18.351210
6.506771,18.953417
4.919355,19.426363
3.298375,19.766050
1.654848,19.971477
0.000000,20.039664
-0.000000,21.606805
1.784242,21.532652
3.556338,21.312266
5.304092,20.945628
7.015686,20.435747
8.679290,19.786629
10.283403,19.002278
11.817984,18.088706
13.271424,17.050920
14.633713,15.896950
15.896835,14.633800
17.050777,13.271489
18.088531,11.818030
19.002079,10.283430
19.786404,8.679310
20.435491,7.015685
20.945338,5.304078
21.311938,3.556325
21.532298,1.784218
21.606418,-0.000000
10.249077,17.199966
11.050705,18.545530
10.294197,18.084585
9.893372,17.411870
10.971944,17.604410
10.481563,17.630933
10.604790,16.988034
12.544722,17.569850
10.808968,18.092480
11.434361,18.317117
11.750685,17.176753
11.248781,17.185376
11.506307,17.654070
11.211138,17.958353
10.667057,18.773923
9.481361,19.394495
11.634335,16.295157
11.297442,16.535621
12.390189,16.641696
11.901624,16.707712
11.971241,16.054678
13.952590,16.473970
12.263945,17.140246
12.908097,17.310392
13.128774,16.147969
12.628875,16.199230
12.181358,17.829295
9.559057,18.537016
8.743810,18.902459
12.940390,15.278625
12.624288,15.546401
13.723207,15.561870
13.241312,15.667845
13.256515,15.010852
15.265299,15.265407
13.637274,16.068978
14.293177,16.185466
14.417710,15.008186
13.923708,15.100756
13.612004,16.762464
12.925608,16.643640
10.068716,18.541499
9.882406,19.198396
9.780886,18.074227
9.080320,19.590581
7.847491,20.111231
8.793674,17.987527
9.165659,17.805668
9.034464,18.458646
8.421718,18.169392
9.251100,18.942231
14.157777,14.157907
13.865219,14.450477
14.960181,14.375228
14.489256,14.520773
14.450352,13.865333
16.473833,13.952676
14.917902,14.887715
15.581095,14.949609
15.607501,13.766555
15.122873,13.899515
14.949507,15.581201
14.256636,15.518804
8.008400,19.295281
8.499549,19.329682
8.263426,19.948937
7.158272,19.554022
8.233116,18.831563
7.651710,19.649702
7.431579,20.273506
15.278475,12.940499
15.010713,13.256615
16.096791,13.090788
15.639201,13.274681
15.546253,12.624382
17.569686,12.544788
16.096133,13.605127
16.762334,13.612086
16.691247,12.430784
16.219199,12.603156
16.185342,14.293261
15.488669,14.288951
7.278249,18.652358
7.663976,18.501798
7.496986,19.139015
6.892538,18.802909
7.822268,18.882837
6.159882,20.690733
16.294972,11.634419
16.054513,11.971329
17.122846,11.716836
16.681949,11.937916
16.535450,11.297519
18.545338,11.050757
17.164777,12.229422
17.829135,12.181410
17.660396,11.009594
17.204311,11.220686
17.310239,12.908161
16.616115,12.961035
6.385349,19.883515
6.875325,19.961287
6.587814,20.563254
5.518550,20.079086
6.654970,19.445105
6.004136,20.213059
5.731979,20.818194
17.199755,10.249141
16.987849,10.604862
18.031334,10.262639
17.610425,10.519370
17.411676,9.893431
19.394277,9.481393
18.115747,10.769954
18.773738,10.667094
18.509034,9.513746
18.071898,9.761556
18.316942,11.434416
17.629697,11.544361
5.713077,19.189934
6.109930,19.071682
5.316241,19.308169
4.430202,21.128993
17.987303,8.793727
17.805456,9.165707
18.817299,8.738678
18.418903,9.029227
18.169160,8.421761
20.110986,7.847516
18.942917,9.237299
19.590367,9.080349
19.231451,7.952874
18.816257,8.235940
19.198190,9.882435
18.522133,10.049088
5.887047,19.692968
6.238184,19.467332
4.721721,20.343817
5.203344,20.461524
4.867177,21.037327
3.841458,20.466357
5.026029,19.928711
4.314213,20.640171
3.993263,21.220644
18.652101,7.278294
18.501567,7.664027
19.474808,7.154955
19.101701,7.477388
18.802648,6.892576
20.690454,6.159897
19.641016,7.641545
20.273265,7.431595
19.822633,6.337617
19.432213,6.654004
19.948708,8.263434
19.288778,8.485303
4.108874,19.596253
4.514116,19.511311
3.703643,19.681170
2.670268,21.422501
19.189646,5.713108
19.071423,6.109966
19.999396,5.522331
19.654141,5.874433
19.307875,5.316269
21.128677,4.430206
20.205073,5.993559
20.817920,5.731983
20.278594,4.679133
19.915606,5.026624
20.562985,6.587811
19.923622,6.863437
4.240956,20.112086
4.609105,19.915975
3.025961,20.664665
3.496111,20.821615
3.113331,21.367411
2.138858,20.713447
3.363041,20.275599
2.595338,20.925927
2.227251,21.477604
19.595932,4.108898
19.511018,4.514146
20.387397,3.851756
20.072328,4.231317
19.680835,3.703664
21.422164,2.670266
20.631184,4.304497
21.220329,3.993257
20.595394,2.988215
20.262510,3.364731
21.037024,4.867162
20.422626,5.194808
2.476621,19.868807
2.887493,19.817430
2.065750,19.920147
0.892117,21.569767
19.868457,2.476644
19.817104,2.887513
20.635456,2.155244
20.353012,2.559249
19.919787,2.065768
21.569408,0.892122
20.916078,2.586040
21.477244,2.227233
20.772328,1.277906
20.471463,1.680184
21.367069,3.113318
20.781976,3.490124
2.566315,20.393602
2.948923,20.228218
1.308777,20.842737
1.764491,21.038428
1.338185,21.551246
0.000000,20.608518
0.827416,20.005589
0.500544,20.019023
1.677910,20.484315
1.241127,19.988532
0.617274,20.931398
0.996541,21.147141
0.446045,21.588298
-0.000000,21.107618
0.457189,20.488140
0.957827,20.487125
20.005215,0.827426
19.988155,1.241142
20.822737,0.000000
20.018657,0.500545
20.959689,0.645361
21.152623,1.047036
20.504646,0.853947
21.587923,0.446029
21.107221,0.000000
20.538282,0.000000
20.444504,0.423961
20.998938,1.762743
