21.216970,-0.000000
21.143624,1.752120
20.926275,3.492020
20.566570,5.208369
20.065899,6.889036
19.428431,8.522583
18.658241,10.097796
17.760634,11.604148
16.742135,13.030917
15.608146,14.369642
14.369131,15.608654
13.030277,16.742810
11.603643,17.761343
10.097704,18.658661
8.522162,19.428711
6.888729,20.066407
5.208058,20.567082
3.491989,20.926858
1.751985,21.144683
0.000000,21.218092
-0.000000,22.704226
1.875297,22.625737
3.737183,22.394215
5.573555,22.008958
7.372036,21.473236
9.119932,20.791199
10.805655,19.967053
12.418008,19.007005
13.945121,17.916360
15.376490,16.703809
16.703657,15.376502
17.916158,13.945108
19.006661,12.417986
19.966756,10.805557
20.790970,9.120009
21.472985,7.371891
22.008640,5.573283
22.393682,3.737086
22.625180,1.874795
22.702996,-0.000000
10.851457,18.211298
11.612196,19.488158
10.856105,19.071667
10.475349,18.435107
11.574409,18.571148
11.069690,18.620686
11.227789,17.986652
13.182099,18.462788
11.384677,19.056167
12.015639,19.247578
12.391706,18.113961
11.878293,18.147197
12.119190,18.594377
11.803274,18.906265
11.208986,19.728177
9.963230,20.380334
12.318003,17.253118
11.961804,17.507284
13.070284,17.555080
12.569121,17.645359
12.674547,16.998506
14.661465,17.311173
12.917121,18.052960
13.564367,18.189749
13.845095,17.028823
13.335387,17.105590
12.800180,18.735465
10.078563,19.544305
9.220371,19.932351
13.700749,16.176555
13.366605,16.459852
14.476222,16.415888
13.983823,16.546939
14.035568,15.893290
16.040857,16.041133
14.363562,16.924651
15.019765,17.007621
15.204305,15.826980
14.702672,15.945688
14.303195,17.614387
13.613730,17.529992
10.603551,19.526920
10.385186,20.173932
10.327589,19.084875
9.541390,20.586378
8.246111,21.133506
9.310500,19.044903
9.704472,18.852485
9.539461,19.490736
8.917361,19.237523
9.743541,19.950761
14.989706,14.990026
14.680437,15.299515
15.781129,15.164237
15.301868,15.335521
15.299506,14.680429
17.310753,14.661746
15.712305,15.680431
16.373106,15.708981
16.458982,14.517628
15.968951,14.677216
15.708717,16.373172
15.015630,16.345250
8.442073,20.340556
8.950320,20.355140
8.684109,20.962504
7.548483,20.619833
8.693047,19.884289
8.059007,20.695260
7.808770,21.303871
16.176289,13.701064
15.893215,14.035461
16.980092,13.809277
16.516339,14.019528
16.459843,13.366591
18.462345,13.182385
16.953286,14.329538
17.614350,14.303511
17.601896,13.108967
17.126633,13.308287
17.007393,15.019872
16.313259,15.049924
7.705951,19.748907
8.114167,19.589248
7.916048,20.208769
7.298210,19.908272
8.264343,19.949813
6.472619,21.742406
17.252580,12.318163
16.998382,12.674672
18.062528,12.359992
17.617604,12.607759
17.507331,11.961840
19.487690,11.612582
18.078852,12.880637
18.735354,12.800194
18.624047,11.610375
18.166967,11.848512
18.189470,13.564471
17.500736,13.651323
6.731424,20.961353
7.239850,21.020729
6.923285,21.608215
5.819336,21.173425
7.026793,20.532236
6.323842,21.288652
6.022819,21.876137
18.210704,10.851511
17.986674,11.227955
19.021048,10.826129
18.598352,11.109728
18.435203,10.475350
20.379931,9.963467
19.080614,11.343542
19.728094,11.209042
19.519125,10.032988
19.083280,10.307817
19.247424,12.015997
18.568390,12.159302
6.048828,20.318065
6.468916,20.192441
5.629224,20.443203
4.654984,22.202916
19.044661,9.310636
18.852399,9.704342
19.850237,9.218556
19.452333,9.536053
19.237233,8.917285
21.133119,8.246526
19.951946,9.729310
20.586285,9.541638
20.280971,8.386956
19.869327,8.696842
20.173685,10.385231
19.508541,10.584528
6.216178,20.793849
6.590508,20.566828
4.977560,21.446573
5.479083,21.547375
5.115228,22.106419
4.050853,21.581857
5.306790,21.042739
4.544015,21.738437
4.195844,22.299009
19.748511,7.706171
19.589386,8.114468
20.543770,7.547922
20.173479,7.897128
19.907936,7.298309
21.741980,6.473081
20.687250,8.048583
21.303851,7.809017
20.904341,6.683573
20.519695,7.026335
20.962401,8.683943
20.316092,8.937458
4.350306,20.748328
4.779205,20.657852
3.921740,20.838157
2.805576,22.511221
20.317594,6.048910
20.192638,6.469081
21.097098,5.825646
20.756835,6.204199
20.442758,5.629298
22.202314,4.655320
21.281228,6.312752
21.876057,6.023006
21.384989,4.934448
21.030084,5.307902
21.607871,6.923104
20.984725,7.229181
4.478086,21.236334
4.869439,21.040809
3.189884,21.784707
3.681187,21.926596
3.272267,22.453501
2.255283,21.842330
3.550930,21.409167
2.733724,22.039398
2.340306,22.569311
20.747736,4.350454
20.657877,4.779464
21.506249,4.063228
21.198520,4.468778
20.837336,3.921870
22.510845,2.805771
21.729888,4.533821
22.298664,4.195898
21.719223,3.151246
21.396262,3.553148
22.105998,5.114956
21.510247,5.471594
2.622278,21.037032
3.056946,20.982005
2.187618,21.091007
0.937504,22.666092
21.036319,2.622586
20.981857,3.057124
21.767600,2.273643
21.495160,2.702794
21.090154,2.187865
22.665608,0.937789
22.030052,2.723953
22.568419,2.340006
21.905342,1.347741
21.616972,1.774317
22.452794,3.272151
21.888562,3.675896
2.709736,21.533896
3.115386,21.370688
1.379512,21.972898
1.857839,22.155030
1.406574,22.647023
0.000000,21.754618
0.875802,21.181947
0.529541,21.195517
1.771623,21.629794
1.313699,21.163341
0.650279,22.060638
1.049553,22.263925
0.468315,22.685549
0.000000,22.228201
0.483732,21.640258
1.011539,21.637301
21.181020,0.875981
21.162255,1.313962
21.956881,0.000000
21.194831,0.529511
22.087183,0.680162
22.268176,1.102653
21.653781,0.901929
22.684631,0.467898
22.226748,0.000000
21.687812,0.000000
21.598481,0.448831
22.117127,1.856395
