25.913851,-0.000000
25.822000,2.139908
25.556446,4.264284
25.116669,6.361003
24.505038,8.413658
23.726602,10.408669
22.785930,12.332392
21.689525,14.171956
20.445577,15.914438
19.060883,17.549256
17.547751,19.062288
15.912262,20.447543
14.170223,21.691483
12.332417,22.786686
10.407275,23.726981
8.412698,24.505926
6.359959,25.117202
4.264572,25.556784
2.139769,25.823550
0.000000,25.915279
-0.000000,27.145187
2.243395,27.050957
4.468804,26.774544
6.664318,26.314041
8.814678,25.673673
10.904157,24.858258
12.920160,23.872959
14.847760,22.724882
16.673352,21.420747
18.384627,19.971141
19.971221,18.384029
21.420689,16.672828
22.724511,14.847169
23.872603,12.919369
24.857991,10.904208
25.673469,8.814158
26.314003,6.663460
26.773996,4.469089
27.051328,2.241933
27.143791,0.000000
13.254666,22.244689
13.885702,23.304071
13.115096,23.039428
12.797240,22.516103
13.995079,22.454599
13.427440,22.587330
13.712839,21.969919
15.762980,22.077805
13.704825,22.939218
14.369454,23.014299
14.969239,21.881738
14.402903,22.003729
14.589509,22.383668
14.191827,22.729296
13.402672,23.591461
11.914269,24.370875
15.045744,21.074103
14.612814,21.382795
15.803242,21.225000
15.245422,21.403715
15.480248,20.763513
17.532065,20.700793
15.549601,21.731146
16.221769,21.749846
16.725386,20.570634
16.169102,20.740386
15.305324,22.404433
12.168123,23.595158
11.136632,24.073107
16.734560,19.758775
16.328768,20.103444
17.502365,19.847582
16.961242,20.071165
17.143263,19.413788
19.181532,19.181856
17.290942,20.373132
17.962129,20.336313
18.367305,19.119276
17.827095,19.334168
17.101883,21.064220
16.387777,21.102367
12.760011,23.498630
12.420966,24.122755
12.520528,23.137181
11.407869,24.617571
9.860504,25.271555
11.372366,23.262091
11.853216,23.028002
11.565036,23.628815
10.894785,23.497516
11.728372,24.014450
18.308973,18.309727
17.933193,18.686301
19.080295,18.334594
18.560144,18.601890
18.686869,17.932400
20.699818,17.532607
18.914248,18.875202
19.580316,18.783493
19.882828,17.537564
19.362424,17.796207
18.782929,19.580312
18.075392,19.676294
10.187180,24.545044
10.768007,24.489276
10.387497,25.065267
9.117668,24.904755
10.537761,24.105666
9.700522,24.908464
9.335740,25.475193
19.758278,16.735422
19.414313,17.142233
20.529654,16.696372
20.033208,17.005711
20.104136,16.327798
22.076895,15.763639
20.408062,17.249097
21.064502,17.102693
21.263460,15.835840
20.765993,16.136260
20.336078,17.962305
19.637410,18.117147
9.412550,24.122360
9.909634,23.926779
9.596919,24.498228
8.916814,24.316755
10.034988,24.223415
7.739219,25.999595
21.072827,15.046108
20.764035,15.480178
21.838355,14.944179
21.368846,15.293246
21.383808,14.612334
23.302970,13.886812
21.762799,15.505065
22.404696,15.305065
22.498257,14.025817
22.027433,14.366335
21.749587,16.222087
21.066706,16.433567
8.123908,25.296668
8.709922,25.291514
8.281813,25.837837
7.028924,25.573102
8.518054,24.891326
7.612324,25.622921
7.200243,26.159086
22.243265,13.254668
21.971070,13.713191
22.997413,13.089981
22.558639,13.476286
22.517297,12.796940
24.370087,11.914735
22.968755,13.654880
23.591801,13.402555
23.579587,12.120366
23.138643,12.498284
23.014722,14.370717
22.351971,14.637673
7.388532,24.817439
7.900489,24.663000
6.878170,24.970230
5.565435,26.550209
23.262064,11.372613
23.028379,11.852380
23.999936,11.146302
23.594674,11.567559
23.496833,10.893987
25.270855,9.861688
24.017694,11.711755
24.617931,11.408530
24.499951,10.131951
24.091677,10.544885
24.122759,12.420856
23.483902,12.742209
7.536453,25.207922
8.001807,24.971110
6.007149,25.882084
6.591158,25.924811
6.119821,26.433721
4.892967,26.066514
6.432855,25.509853
5.470045,26.164109
5.015796,26.664552
24.121816,9.412868
23.928367,9.910383
24.838324,9.126428
24.469523,9.579576
24.316185,8.916737
25.998923,7.741060
24.902873,9.688628
25.475880,9.336568
25.252874,8.074278
24.880274,8.519240
25.065995,10.386524
24.456018,10.759454
5.313796,25.343037
5.836455,25.231281
4.792352,25.452656
3.353451,26.918400
24.816842,7.388221
24.665094,7.900813
25.507551,7.044217
25.176962,7.525895
24.969600,6.878033
26.549352,5.566893
25.617725,7.598984
26.159858,7.200964
25.833276,5.961015
25.499129,6.435679
25.837947,8.280793
25.261021,8.703091
5.429347,25.744104
5.912255,25.546644
3.849635,26.289715
4.427682,26.380932
3.916125,26.849242
2.723859,26.380770
4.304545,25.954270
3.291338,26.526202
2.797713,26.988266
25.342494,5.313910
25.233078,5.837049
26.001971,4.912871
25.713251,5.420587
25.451004,4.792603
26.919080,3.354807
26.157847,5.457922
26.664908,5.015942
26.237879,3.806705
25.942930,4.308521
26.433893,6.118675
25.893752,6.587025
3.203571,25.695931
3.732622,25.627063
2.674274,25.760738
1.121090,27.103334
25.695405,3.204402
25.628731,3.732939
26.317710,2.749483
26.073861,3.278357
25.759991,2.674889
27.104627,1.122520
26.519757,3.279785
26.987154,2.796607
26.461528,1.628568
26.211099,2.151867
26.848868,3.915711
26.348785,4.424886
3.285284,26.105492
3.782323,25.946927
1.664840,26.517838
2.234228,26.655985
1.683399,27.081621
0.000000,26.351912
1.069590,25.872691
0.646286,25.887749
2.147798,26.222171
1.603034,25.849111
0.782981,26.603880
1.263366,26.766710
0.558050,27.126697
0.000000,26.744468
0.589970,26.256091
1.226613,26.246616
25.872150,1.070197
25.847779,1.603959
26.518757,0.000000
25.888080,0.646180
26.627088,0.820124
26.769263,1.327330
26.262217,1.093725
27.126101,0.556270
26.742300,0.000000
26.297650,0.000000
26.222377,0.548232
26.624719,2.233958
