20.437305,-0.000000
20.367352,1.687750
20.157953,3.363865
19.811546,5.017098
19.329273,6.636044
18.715182,8.209607
17.973295,9.727023
17.108722,11.178114
16.127672,12.552501
15.035300,13.842086
13.841774,15.035629
12.552159,16.128084
11.177838,17.109167
9.726910,17.973650
8.209378,18.715507
6.635866,19.329730
5.016929,19.812064
3.363808,20.158566
1.687672,20.368208
0.000000,20.438213
-0.000000,21.977042
1.814963,21.901389
3.617336,21.677224
5.394962,21.304286
7.135849,20.785675
8.827869,20.125444
10.459499,19.327657
12.020290,18.398387
13.498554,17.342748
14.884119,16.169012
16.168830,14.884231
17.342526,13.498637
18.398087,12.020356
19.327358,10.459524
20.125151,8.827941
20.785335,7.135811
21.303859,5.394853
21.676646,3.617269
21.900724,1.814749
21.976088,-0.000000
10.452664,17.541887
11.240027,18.863434
10.483873,18.417873
10.090064,17.757820
11.175325,17.930855
10.680177,17.965284
10.815347,17.325645
12.759618,17.870971
11.003225,18.417734
11.630350,18.630912
11.967050,17.493174
11.461354,17.510256
11.713099,17.971418
11.410907,18.278230
10.849792,19.095750
9.643843,19.726995
11.865382,16.619009
11.521961,16.864112
12.619760,16.950091
12.127026,17.024433
12.208927,16.373742
14.191575,16.756277
12.484328,17.448267
13.129359,17.606927
13.370544,16.445335
12.867434,16.505346
12.390008,18.134879
9.734409,18.877111
8.904676,19.250206
13.197350,15.582155
12.875145,15.855188
13.977383,15.850200
13.492032,15.964760
13.519801,15.309140
15.526759,15.526979
13.882312,16.357729
14.538131,16.462696
14.683193,15.284591
14.186725,15.386111
13.845034,17.049729
13.157767,16.942750
10.249172,18.874084
10.051936,19.527418
9.965497,18.415620
9.235794,19.926441
7.981899,20.456034
8.968353,18.345027
9.347778,18.159590
9.204995,18.807290
8.589237,18.530532
9.417263,19.282639
14.438929,14.439177
14.140720,14.737475
15.237289,14.641606
14.763651,14.795945
14.737335,14.140847
16.755985,14.191777
15.185917,15.155215
15.848102,15.205667
15.894890,14.020099
15.408559,14.162159
15.205459,15.848242
14.512699,15.797684
8.154773,19.648201
8.651643,19.675781
8.405276,20.290801
7.289990,19.913911
8.388432,19.187178
7.789148,20.002616
7.558770,20.621033
15.581908,13.197579
15.308964,13.519881
16.394959,13.333360
15.935396,13.526244
15.855029,12.875258
17.870647,12.759805
16.385327,13.849579
17.049578,13.845243
16.998625,12.659730
16.525619,12.841295
16.462480,14.538267
15.766864,14.545735
7.422804,19.023114
7.816142,18.869470
7.638500,19.500388
7.029648,19.176649
7.971588,19.243336
6.265336,21.045462
16.618637,11.865536
16.373525,12.209077
17.440070,11.933987
16.997926,12.164155
16.863952,11.522073
18.863082,11.240238
17.473196,12.449186
18.134675,12.390089
17.985693,11.212425
17.529405,11.432730
17.606669,13.129476
16.914578,13.193975
6.502160,20.247442
6.998318,20.318872
6.700933,20.915722
5.620083,20.448619
6.780535,19.812357
6.112020,20.576122
5.830056,21.175036
17.541476,10.452764
17.325463,10.815494
18.365478,10.452908
17.944084,10.718779
17.757660,10.090145
19.726648,9.643986
18.441335,10.963538
19.095537,10.849878
18.850034,9.689063
18.413475,9.946068
18.630677,11.630549
17.946429,11.751889
5.826555,19.571380
6.231271,19.450624
5.422020,19.691950
4.506002,21.491242
18.344728,8.968478
18.159356,9.347806
19.166053,8.900726
18.767951,9.200435
18.530214,8.589285
20.455663,7.982089
19.283430,9.403363
19.926202,9.235934
19.585767,8.099443
19.171925,8.391630
19.527130,10.052009
18.854995,10.229802
5.998191,20.064870
6.357187,19.838823
4.808073,20.716172
5.296383,20.828032
4.950822,21.397949
3.912142,20.843054
5.120843,20.305059
4.391764,21.010902
4.061585,21.584392
19.022723,7.422958
18.869287,7.816326
19.835720,7.287658
19.463702,7.619184
19.176273,7.029754
21.045027,6.265512
19.994087,7.778930
20.620790,7.558888
20.187803,6.454429
19.799491,6.779779
20.290539,8.405254
19.635459,8.637915
4.190470,19.985813
4.603714,19.898984
3.777347,20.072391
2.715904,21.789762
19.570911,5.826650
19.450415,6.231394
20.369987,5.624754
20.026567,5.985837
19.691478,5.422108
21.490672,4.506111
20.568222,6.101289
21.174715,5.830126
20.652067,4.765335
20.291976,5.121641
20.915323,6.700881
20.281696,6.986879
4.321032,20.491897
4.697037,20.296040
3.081290,21.042877
3.558560,21.194602
3.166930,21.733791
2.178154,21.094684
3.426492,20.658572
2.642041,21.301813
2.265387,21.845881
19.985231,4.190575
19.898648,4.603863
20.765098,3.923162
20.452658,4.311536
20.071711,3.777440
21.789200,2.715946
21.001907,4.381890
21.583898,4.061589
20.974718,3.043256
20.645358,3.428379
21.397457,4.950712
20.789623,5.288222
2.525847,20.263850
2.944767,20.211223
2.106930,20.316079
0.907429,21.939623
20.263154,2.525998
20.210754,2.944874
21.017601,2.195218
20.738703,2.607738
20.315312,2.107054
21.938956,0.907521
21.291923,2.632579
21.845108,2.265253
21.154723,1.301483
20.858249,1.711979
21.733118,3.166863
21.155341,3.552813
2.614743,20.778861
3.005146,20.614265
1.332644,21.224399
1.795992,21.415360
1.361256,21.920918
0.000000,20.995733
0.843756,20.403407
0.510328,20.416876
1.709554,20.871337
1.265651,20.385804
0.628417,21.312727
1.014430,21.524131
0.453564,21.958467
0.000000,21.485921
0.466155,20.877462
0.975971,20.875767
20.402574,0.843835
20.384922,1.265768
21.205495,0.000000
20.416131,0.510322
21.340136,0.657108
21.528914,1.065794
20.892652,0.870164
21.957635,0.453406
21.484873,0.000000
20.926430,0.000000
20.834204,0.432367
21.376182,1.794345
