23.792131,0.000000
23.708320,1.964702
23.464548,3.915347
23.060902,5.840215
22.499390,7.724795
21.784647,9.556507
20.920995,11.322756
19.914387,13.011759
18.772284,14.611607
17.500854,16.112661
16.111571,17.501887
14.610083,18.773713
13.010551,19.915840
11.322734,20.921621
9.555545,21.784944
7.724141,22.500113
5.839519,23.061409
3.915514,23.464952
1.964536,23.709662
0.000000,23.793452
-0.000000,25.127719
2.076234,25.040386
4.136511,24.784394
6.168821,24.358085
8.159304,23.765277
10.093552,23.010475
11.959516,22.098417
13.743848,21.035786
15.433840,19.828610
17.017947,18.486698
18.486670,17.017619
19.828492,15.433526
21.035398,13.743507
22.098100,11.959000
23.010283,10.093583
23.765113,8.158875
24.357984,6.168140
24.783941,4.136532
25.040406,2.075084
25.126272,-0.000000
12.168895,20.422490
12.852794,21.570484
12.091563,21.241618
11.748199,20.672357
12.898519,20.695438
12.360287,20.792039
12.590188,20.170259
14.590432,20.435492
12.652613,21.178216
13.300035,21.303060
13.801309,20.174501
13.260069,20.257987
13.469135,20.665129
13.108225,20.994913
12.406139,21.836286
11.027871,22.557971
13.813346,19.347824
13.415037,19.631894
14.565191,19.562492
14.034052,19.702654
14.212716,19.062464
16.227895,19.160874
14.355743,20.063020
15.014466,20.132478
15.420311,18.965741
14.886327,19.094962
14.167292,20.737528
11.221178,21.759366
10.268321,22.196739
15.363878,18.140302
14.990413,18.457329
16.131491,18.292979
15.613550,18.476026
15.739335,17.823188
17.754669,17.755016
15.963336,18.809194
16.625362,18.824079
16.934119,17.627467
16.412715,17.800271
15.830434,19.496838
15.129609,19.482176
11.781842,21.697216
11.496065,22.328804
11.527743,21.302772
10.559956,22.786125
9.126984,23.391628
10.440800,21.356814
10.882561,21.141470
10.648040,21.755624
10.001366,21.572919
10.828185,22.171511
16.809326,16.809885
16.463580,17.156212
17.585730,16.898410
17.085361,17.123462
17.156577,16.463118
19.160119,16.228351
17.462125,17.426331
18.123249,17.386735
18.331450,16.169173
17.826261,16.384290
17.386315,18.123194
16.687655,18.165559
9.396195,22.639480
9.943478,22.613999
9.613625,23.201370
8.406604,22.963103
9.702650,22.194655
8.956057,22.997667
8.642060,23.580062
18.139936,15.364479
17.823466,15.738666
18.921672,15.388486
18.441379,15.654092
18.457760,14.989886
20.434758,14.590960
18.841280,15.925023
19.497055,15.831039
19.604368,14.600225
19.118526,14.856068
18.823849,16.625452
18.129766,16.726056
8.641443,22.146474
9.098542,21.967057
8.835981,22.556449
8.185496,22.325070
9.233824,22.289600
7.163713,24.065516
19.346846,13.813585
19.062705,14.212729
20.127874,13.773526
19.670939,14.077712
19.632543,13.414788
21.569663,12.853622
20.092090,14.314834
20.737680,14.167117
20.742834,12.931322
20.279885,13.226536
20.132208,15.014632
19.449394,15.171720
7.492774,23.331835
8.043051,23.354307
7.664581,23.916340
6.480810,23.579435
7.842966,22.918006
7.027975,23.657209
6.665345,24.213237
20.421387,12.168884
20.170941,12.590440
21.196111,12.064447
20.766140,12.405119
20.673151,11.747994
22.557350,11.028273
21.205466,12.606647
21.836512,12.406073
21.739791,11.174531
21.302898,11.506683
21.303224,13.300889
20.635972,13.513641
6.783200,22.784664
7.253815,22.643150
6.313853,22.924953
5.151728,24.575170
21.356687,10.440980
21.141711,10.881989
22.120131,10.273035
21.719786,10.648048
21.572495,10.000871
23.391079,9.127907
22.173867,10.812685
22.786356,10.560445
22.588317,9.341252
22.180345,9.708296
22.328698,11.495995
21.680954,11.763637
6.938743,23.209758
7.363227,22.978090
5.540466,23.871832
6.086673,23.939189
5.663375,24.467837
4.511365,24.034331
5.923087,23.487598
5.050092,24.156916
4.643308,24.681173
22.145989,8.641748
21.968061,9.099108
22.892886,8.411379
22.525072,8.818039
22.324672,8.185495
24.064988,7.164989
22.991081,8.944842
23.580523,8.642637
23.282539,7.444122
22.906355,7.843406
23.201730,9.612967
22.578452,9.933121
4.878440,23.267194
5.358863,23.164934
4.398941,23.367845
3.104511,24.916105
22.784131,6.783094
22.644473,7.254053
23.509592,6.492194
23.176357,6.927659
22.924460,6.313795
24.574450,5.152733
23.651102,7.015642
24.213720,6.665853
23.817713,5.495822
23.476124,5.925145
23.916207,7.663930
23.321592,8.034611
4.998694,23.703506
5.440407,23.507649
3.550585,24.247931
4.089026,24.360433
3.623529,24.852290
2.511473,24.324174
3.963376,23.896734
3.038462,24.491257
2.589936,24.980673
23.266629,4.878594
23.166017,5.359335
23.965390,4.527973
23.669826,4.989758
23.366597,4.399119
24.916398,3.105321
24.149712,5.038833
24.681276,4.643465
24.190458,3.509702
23.884791,3.966583
24.467722,5.662603
23.905695,6.081137
2.940916,23.591077
3.427434,23.528360
2.454345,23.650945
1.037699,25.087430
23.590500,2.941554
23.529295,3.427703
24.256410,2.533910
24.001545,3.017800
23.650134,2.454828
25.087954,1.038632
24.483652,3.027701
24.979660,2.589191
24.397059,1.501300
24.131512,1.980935
24.851723,3.623282
24.325944,4.085143
3.024696,24.036039
3.480531,23.876066
1.535397,24.458014
2.063489,24.614330
1.557606,25.067021
0.000000,24.270295
0.981930,23.753497
0.593375,23.767714
1.977447,24.143273
1.472393,23.731989
0.722845,24.544466
1.166368,24.723984
0.517332,25.108990
0.000000,24.695911
0.541916,24.167051
1.129309,24.160355
23.752757,0.982368
23.730728,1.473029
24.451504,0.000000
23.767619,0.593292
24.568995,0.756703
24.727185,1.225364
24.176223,1.006996
25.108247,0.516138
24.693926,0.000000
24.210989,0.000000
24.130011,0.503286
24.580380,2.062698
