21.479185,-0.000000
21.404724,1.773765
21.184691,3.535117
20.820510,5.272694
20.313645,6.974119
19.668311,8.627841
18.888604,10.222498
17.979894,11.747440
16.948807,13.191829
15.800824,14.547081
14.546510,15.801385
13.191097,16.949560
11.746863,17.980681
10.222416,18.889040
8.627363,19.668576
6.973776,20.314165
5.272343,20.821009
3.535104,21.185243
1.773619,21.405813
0.000000,21.480333
-0.000000,22.949512
1.895644,22.870090
3.777608,22.636093
5.633803,22.246681
7.451714,21.705185
9.218465,21.015789
10.922433,20.182750
12.552184,19.212322
14.095780,18.109877
15.542605,16.884234
16.884097,15.542579
18.109688,14.095732
19.211974,12.552128
20.182460,10.922288
21.015581,9.218536
21.704964,7.451532
22.246405,5.633480
22.635588,3.777510
22.869602,1.895058
22.948242,0.000000
10.985583,18.436422
11.737749,19.698902
10.981498,19.291898
10.604933,18.662881
11.708830,18.786803
11.200827,18.841323
11.366502,18.208955
13.324628,18.662436
11.513240,19.271330
12.145621,19.455605
12.534764,18.323081
12.018675,18.361642
12.256061,18.804332
11.935541,19.117965
11.330155,19.941523
10.070977,20.600727
12.470238,17.466377
12.109744,17.723589
13.222039,17.758857
12.717967,17.854399
12.831151,17.208626
14.819992,17.498372
13.062990,18.256762
13.711123,18.386364
14.004964,17.225388
13.492951,17.307690
12.938550,18.938075
10.194508,19.769072
9.326722,20.162144
13.870065,16.376470
13.531910,16.663213
14.644254,16.606432
14.149407,16.742943
14.209037,16.089758
16.214300,16.214586
14.525768,17.115726
15.182256,17.191456
15.379862,16.009702
14.876398,16.134097
14.457762,17.804885
13.767417,17.727919
10.723000,19.746950
10.497610,20.392022
10.449508,19.310197
9.644481,20.809000
8.335250,21.362041
9.425573,19.280275
9.824429,19.085514
9.652078,19.720835
9.027718,19.475288
9.853512,20.175930
15.174955,15.175294
14.861969,15.488543
15.964320,15.340277
15.483081,15.517184
15.488582,14.861910
17.497917,14.820293
15.889725,15.857451
16.550229,15.878778
16.649018,14.685236
16.157640,14.850637
15.878502,16.550269
15.185150,16.529806
8.538873,20.573811
9.050997,20.584123
8.778178,21.189092
7.635567,20.857634
8.795611,20.118996
8.149960,20.928700
7.893107,21.534223
16.376203,13.870404
16.089725,14.208863
17.177190,13.969585
16.711934,14.185607
16.663258,13.531845
18.661963,13.324941
17.144717,14.491305
17.804889,14.458108
17.805127,13.260307
17.328997,13.465524
17.191231,15.182352
16.497428,15.219862
7.801184,19.992997
8.214396,19.831319
8.009501,20.447270
7.388538,20.154322
8.362886,20.187617
6.542552,21.977514
17.465794,12.470398
17.208543,12.831262
18.272193,12.503484
17.826237,12.757111
17.723710,12.109750
19.698403,11.738186
18.282984,13.026051
18.938002,12.938539
18.839089,11.744432
18.381630,11.988505
18.386088,13.711224
17.698306,13.805471
6.808669,21.201869
7.321267,21.257292
6.998301,21.841815
5.886463,21.417590
7.109709,20.774606
6.395236,21.528796
6.087848,22.112652
18.435777,10.985622
18.209053,11.366672
19.241858,10.951836
18.818622,11.241347
18.663065,10.604906
20.600309,10.071236
19.296070,11.471612
19.941486,11.330197
19.744513,10.148841
19.308790,10.429612
19.455488,12.146027
18.778021,12.296615
6.123587,20.569182
6.548838,20.441928
5.698917,20.695860
4.705248,22.442994
19.280055,9.425710
19.085479,9.824245
20.080678,9.325604
19.682734,9.649040
19.475005,9.027597
21.361651,8.335729
20.177249,9.839159
20.808958,9.644756
20.515155,8.483806
20.104126,8.799599
20.391795,10.497640
19.728808,10.704079
6.289579,21.039283
6.669048,20.811885
5.034667,21.692645
5.540670,21.789834
5.170695,22.345410
4.097584,21.830736
5.369399,21.291106
4.595330,21.983638
4.241133,22.540083
19.992603,7.801418
19.831565,8.214727
20.782252,7.635579
20.412430,7.990698
20.153999,7.388627
21.977093,6.543105
20.920859,8.139460
21.534275,7.893392
21.145715,6.760760
20.762176,7.109344
21.189047,8.777959
20.545484,9.038410
4.404067,21.004767
4.838226,20.913075
3.970312,21.095692
2.835826,22.754597
20.568718,6.123655
20.442262,6.549009
21.342009,5.893309
21.002688,6.277709
20.695428,5.698978
22.442392,4.705658
21.521531,6.384020
22.112653,6.088072
21.631892,4.991417
21.278597,5.370610
21.841498,6.998073
21.221668,7.310842
4.530970,21.486973
4.927473,21.291510
3.226475,22.034628
3.722524,22.173316
3.307807,22.696279
2.281272,22.094186
3.592829,21.661877
2.764623,22.287982
2.365575,22.813348
21.004187,4.404221
20.913228,4.838511
21.755895,4.110406
21.449632,4.521713
21.094841,3.970446
22.754305,2.836080
21.975248,4.585026
22.539801,4.241204
21.970034,3.187624
21.649091,3.595153
22.345027,5.170371
21.753127,5.533396
2.654714,21.297054
3.094673,21.241229
2.214763,21.351621
0.947648,22.911145
21.296363,2.655064
21.241209,3.094866
22.020241,2.300060
21.749842,2.734797
21.350773,2.215042
22.910765,0.947999
22.278838,2.754750
22.812448,2.365226
22.158223,1.363324
21.872442,1.795306
22.695587,3.307678
22.135694,3.717383
2.741725,21.788096
3.152496,21.625307
1.395311,22.225053
1.878685,22.404333
1.421859,22.891950
-0.000000,22.010133
0.886590,21.443760
0.536017,21.457374
1.792525,21.885143
1.329860,21.424833
0.657643,22.312617
1.061392,22.513279
0.473284,22.930811
-0.000000,22.478370
0.489647,21.897027
1.023511,21.893663
21.442847,0.886799
21.423722,1.330166
22.210033,0.000000
21.456750,0.535979
22.338929,0.687929
22.517403,1.115083
21.910060,0.912617
22.929908,0.472784
22.476838,0.000000
21.944171,0.000000
21.855772,0.454370
22.366875,1.877310
