27.467307,-0.000000
27.369784,2.268243
27.088305,4.519848
26.622112,6.742396
25.973796,8.918139
25.148717,11.032718
24.151647,13.071756
22.989491,15.021578
21.670965,16.868502
20.203334,18.601259
18.599504,20.204950
16.865905,21.673255
15.019512,22.991733
13.071826,24.152442
11.031013,25.149141
8.916945,25.974758
6.741079,26.622639
4.520180,27.088601
2.268131,27.371459
0.000000,27.468782
-0.000000,28.631747
2.366516,28.532617
4.713582,28.241122
7.029391,27.755417
9.297579,27.079993
11.501478,26.219905
13.628044,25.180616
15.661258,23.969555
17.586762,22.593990
19.391751,21.065034
21.065214,19.390946
22.593994,17.586098
23.969242,15.660483
25.180253,13.627085
26.219580,11.501585
27.079755,9.297065
27.755419,7.028486
28.240480,4.714133
28.533211,2.364924
28.630499,0.000000
14.049780,23.578972
14.646875,24.581502
13.867012,24.360183
13.565445,23.866221
14.800467,23.746586
14.210478,23.904563
14.534856,23.287804
16.627051,23.287964
14.478619,24.234247
15.157548,24.275260
15.827292,23.135985
15.241610,23.284843
15.413486,23.647517
14.989004,24.005266
14.136939,24.884858
12.567477,25.706739
15.948222,22.338188
15.489955,22.664903
16.712557,22.446047
16.134309,22.651838
16.408359,22.009173
18.493116,21.835513
16.427566,22.957884
17.111429,22.941640
17.684157,21.749715
17.110512,21.947916
16.143856,23.632789
12.863918,24.944100
11.774564,25.451720
17.738304,20.943962
17.308847,21.308806
18.509247,20.989387
17.950172,21.241598
18.171222,20.578581
20.232996,20.233248
18.267266,21.523244
18.947189,21.450624
19.420207,20.215254
18.865090,20.459834
18.038778,22.219255
17.313120,22.293899
13.479523,24.823545
13.102533,25.444664
13.249191,24.483409
12.032650,25.967169
10.401108,26.656806
12.054569,24.657243
12.563887,24.409506
12.238044,25.003452
11.549036,24.906794
12.390400,25.369744
19.407162,19.408016
19.009380,19.806699
20.178033,19.389399
19.642310,19.686689
19.807371,19.008361
21.834419,18.493687
19.982144,19.940695
20.654007,19.812711
21.022560,18.542875
20.489788,18.832366
19.812046,20.654090
19.096017,20.787326
10.768499,25.945365
11.374525,25.868674
10.957733,26.438717
9.640095,26.331289
11.150673,25.508167
10.248018,26.313694
9.846871,26.871724
20.943381,17.739343
20.579275,18.169972
21.710682,17.656964
21.201263,17.997470
21.309654,17.307550
23.286985,16.627761
21.560277,18.222827
22.219541,18.039709
22.482331,16.743616
21.975038,17.075761
21.450401,18.947456
20.746220,19.140196
9.977287,25.569223
10.503492,25.361864
10.155376,25.923243
9.452363,25.775159
10.622645,25.641946
8.163373,27.424767
22.336753,15.948680
22.009902,16.408233
23.094674,15.803968
22.614733,16.185169
22.666133,15.489310
24.580233,14.648148
22.991442,16.380372
23.633100,16.143563
23.787888,14.829916
23.309923,15.202818
22.941402,17.111886
22.256167,17.361572
8.587730,26.740517
9.200487,26.716421
8.736655,27.253701
7.431622,27.037857
9.013512,26.339532
8.042060,27.068536
7.594393,27.592985
23.577402,14.049793
23.289273,14.535287
24.320425,13.843185
23.873924,14.262275
23.867636,13.565105
25.705879,12.567951
24.265474,14.425764
24.885241,14.136806
24.931202,12.815249
24.485846,13.226010
24.275895,15.159094
23.614012,15.464326
7.831868,26.305955
8.373938,26.142125
7.291429,26.467893
5.870364,28.005582
24.657344,12.054862
24.409946,12.562895
25.380598,11.787668
24.970414,12.242273
24.905896,11.548033
26.656042,10.402404
25.373643,12.372944
25.967585,12.033422
25.904351,10.712864
25.494354,11.158855
25.444766,13.102417
24.809878,13.461880
7.975130,26.674292
8.470203,26.433121
6.350134,27.359310
6.962278,27.385355
6.456191,27.882295
5.173329,27.559572
6.806986,26.993994
5.778862,27.640248
5.290264,28.126109
25.568693,9.977585
25.363857,10.504365
26.267205,9.651578
25.896298,10.138391
25.774449,9.452236
27.424017,8.165573
26.308800,10.235620
26.872536,9.847871
26.700400,8.537237
26.328886,9.015251
26.439746,10.956587
25.836865,11.367168
5.632654,26.863091
6.186117,26.744468
5.080480,26.979281
3.536924,28.393909
26.305357,7.831387
26.144756,8.374332
26.975007,7.449646
26.644934,7.964878
26.467168,7.291262
28.004657,5.872107
27.063981,8.027995
27.593938,7.595237
27.314046,6.302812
26.983751,6.810365
27.254058,8.735382
26.687369,9.194724
5.745411,27.241629
6.258353,27.042392
4.069409,27.790145
4.676816,27.867125
4.131803,28.320689
2.879926,27.891793
4.554950,27.464279
3.477292,28.022785
2.950807,28.467625
26.862611,5.632716
26.746760,6.186768
27.497792,5.195556
27.212630,5.736742
26.977355,5.080797
28.394831,3.538700
27.634647,5.766110
28.126633,5.290351
27.742027,4.024899
27.453335,4.559468
27.882728,6.454793
27.355865,6.959079
3.395937,27.237243
3.956030,27.163945
2.835356,27.305685
1.182528,28.588855
27.236760,3.396882
27.166118,3.956379
27.831734,2.907806
27.594386,3.469600
27.305024,2.836044
28.590677,1.184295
28.017097,3.465169
28.466471,2.949423
27.978222,1.722099
27.737188,2.277337
28.320534,4.131219
27.836475,4.674792
3.476554,27.624174
4.003700,27.466067
1.760058,28.031499
2.359826,28.157750
1.776138,28.566071
0.000000,27.880012
1.133862,27.424474
0.685154,27.440290
2.272876,27.747824
1.698597,27.399501
0.827174,28.117540
1.334707,28.269495
0.588038,28.613559
0.000000,28.251317
0.625195,27.788820
1.297975,27.777413
27.424105,1.134565
27.398158,1.699742
28.037689,0.000000
27.440906,0.685030
28.139936,0.866716
28.271668,1.402344
27.792926,1.157302
28.613078,0.585848
28.249117,0.000000
27.828940,0.000000
27.757286,0.581167
28.128211,2.359942
