24.468311,0.000000
24.381893,2.020531
24.131177,4.026537
23.716009,6.006171
23.138523,7.944310
22.403483,9.828064
21.515286,11.644495
20.480061,13.381476
19.305503,15.026779
17.997979,16.570462
16.569229,17.999142
15.025036,19.307118
13.380092,20.481694
11.644485,21.515967
9.826962,22.403813
7.943560,23.139311
6.005368,23.716534
4.026749,24.131564
2.020372,24.383312
0.000000,24.469678
-0.000000,25.768890
2.129368,25.679327
4.242129,25.416852
6.326299,24.979677
8.367588,24.371756
10.351161,23.597693
12.264807,22.662363
14.094662,21.572581
15.827748,20.334587
17.452269,18.958449
18.958449,17.451858
20.334482,15.827367
21.572186,14.094242
22.662026,12.264199
23.597474,10.351192
24.371576,8.367117
24.979593,6.325546
25.416369,4.242220
25.679461,2.128101
25.767431,0.000000
12.514897,21.003192
13.181045,22.121424
12.417276,21.813723
12.082497,21.259918
13.247506,21.255315
12.700058,21.363660
12.947961,20.743760
14.963061,20.957427
12.987300,21.738359
13.639886,21.846898
14.172962,20.717778
13.623910,20.813786
13.825492,21.211756
13.452839,21.546492
12.722849,22.394076
11.309562,23.134121
14.206075,19.897952
13.796728,20.189870
14.959207,20.091597
14.419735,20.244266
14.616658,19.604542
16.642354,19.650266
14.735484,20.593617
15.398143,20.646483
15.835613,19.476444
15.294719,19.618815
14.528970,21.267264
11.522491,22.343504
10.544629,22.793816
15.800674,18.656066
15.416904,18.981914
16.567775,18.787741
16.042632,18.983906
16.186749,18.330066
18.208120,18.208472
16.385619,19.306653
17.050182,19.304674
17.390186,18.102188
16.863006,18.288620
16.234503,19.994942
15.529789,19.997518
12.092945,22.270181
11.789993,22.898929
11.843800,21.886792
10.829429,23.368155
9.360081,23.989078
10.737660,21.963986
11.191905,21.742654
10.939973,22.352000
10.286070,22.186251
11.114509,22.757715
17.287219,17.287848
16.931902,17.643823
18.061378,17.355489
17.554912,17.594182
17.644258,16.931334
19.649431,16.642846
17.924014,17.887190
18.586303,17.830631
18.825128,16.604621
18.315324,16.833802
17.830163,18.586257
17.129049,18.646086
9.647861,23.245798
10.205713,23.210428
9.859563,23.793724
8.632870,23.580962
9.968515,22.803053
9.192852,23.605448
8.862517,24.182330
18.655654,15.801362
18.330422,16.185959
19.433417,15.804730
18.948195,16.084436
18.982432,15.416239
20.956624,14.963640
19.339639,16.346183
19.995186,16.235180
20.132322,14.993418
19.643025,15.263641
19.304438,17.050295
18.609298,17.168526
8.887161,22.776146
9.357031,22.591567
9.078234,23.174653
8.418542,22.959782
9.488947,22.905391
7.346595,24.680173
19.896865,14.206354
19.604869,14.616646
20.672239,14.146096
20.211529,14.464724
20.190641,13.796407
22.120504,13.181972
20.623506,14.693420
21.267455,14.528764
21.301444,13.279608
20.836247,13.589410
20.646211,15.398352
19.963809,15.573080
7.693584,23.957016
8.255140,23.970441
7.860733,24.527006
6.655226,24.213845
8.057888,23.546246
7.213843,24.282457
6.835338,24.831624
21.001969,12.514890
20.744592,12.948245
21.769383,12.390832
21.336849,12.746167
21.260847,12.082257
23.133435,11.309992
21.766332,12.940067
22.394343,12.722763
22.325251,11.475511
21.887341,11.822375
21.847137,13.640872
21.181776,13.871165
6.976092,23.432467
7.459911,23.286819
6.493680,23.576740
5.283190,25.202841
21.963878,10.737862
21.742941,11.191243
22.718388,10.550961
22.316728,10.940809
22.185746,10.285476
23.988469,9.361102
22.760350,11.098659
23.368430,10.829976
23.196634,9.592864
22.788852,9.974636
22.898851,11.789907
22.254417,12.074895
7.129028,23.845919
7.566576,23.612724
5.688948,24.511464
6.247116,24.570717
5.808428,25.092608
4.632794,24.680995
6.085377,24.131413
5.183673,24.795355
4.761688,25.311486
22.775629,8.887477
22.592757,9.357659
23.512029,8.638953
23.144162,9.060500
22.959328,8.418517
24.679590,7.348061
23.599183,9.181423
24.182866,8.863176
23.909536,7.644648
23.534786,8.058565
23.794191,9.858795
23.175650,10.195955
5.017167,23.928722
5.511071,23.823418
4.524301,24.032229
3.183618,25.552428
23.431901,6.975926
23.288389,7.460175
24.145448,6.667879
23.813327,7.118128
23.576199,6.493593
25.202067,5.284349
24.276643,7.201188
24.832200,6.835919
24.459099,5.643848
24.120185,6.087681
24.526932,7.859962
23.938465,8.247234
5.135796,24.353174
5.590663,24.156920
3.645733,24.897591
4.196729,25.003054
3.716502,25.486938
2.579050,24.978601
4.071989,24.551786
3.118898,25.138518
2.655971,25.618689
23.928151,5.017312
23.824730,5.511588
24.613539,4.650470
24.320431,5.126925
24.030843,4.524499
25.552848,3.184598
24.788453,5.172138
25.311668,4.761850
24.841987,3.604214
24.540038,4.075445
25.092570,5.807532
24.538035,6.242045
3.024612,24.261847
3.524703,24.197155
2.524423,24.323284
1.064203,25.728082
24.261280,3.025317
24.198325,3.524988
24.912416,2.602517
24.661359,3.100750
24.322481,2.524952
25.728851,1.065298
25.131295,3.107883
25.617634,2.655112
25.054008,1.541794
24.793597,2.035350
25.486414,3.716210
24.969349,4.193198
3.107653,24.694898
3.576631,24.535482
1.576564,25.113420
2.117791,25.263678
1.597576,25.707278
0.000000,24.932936
1.009850,24.428843
0.610212,24.443301
2.031671,24.805131
1.514042,24.406650
0.741979,25.199685
1.197218,25.373630
0.530278,25.750211
-0.000000,25.347456
0.557222,24.832210
1.160297,24.824606
24.428155,1.010346
24.405352,1.514769
25.109303,0.000000
24.443340,0.610121
25.223756,0.776885
25.376600,1.257789
24.840362,1.034622
25.749508,0.528893
25.345385,0.000000
24.875328,0.000000
24.796272,0.517604
25.230623,2.117166
