28.503276,-0.000000
28.402045,2.353861
28.109960,4.690318
27.626167,6.996780
26.953390,9.254619
26.097203,11.448937
25.062521,13.564883
23.856516,15.588244
22.488249,17.504823
20.965309,19.302894
19.300988,20.967050
17.501960,22.490741
15.585973,23.858926
13.564983,25.063339
11.447023,26.097670
9.253262,26.954408
6.995271,27.626706
4.690658,28.110256
2.353767,28.403818
-0.000000,28.504797
0.000000,29.626904
2.448915,29.524556
4.877411,29.222949
7.273763,28.720373
9.620838,28.021474
11.901347,27.131477
14.101930,26.056036
16.205860,24.802804
18.198244,23.379426
20.065972,21.797349
21.797592,20.065036
23.379461,18.197504
24.802529,16.204971
26.055659,14.100878
27.131094,11.901512
28.021193,9.620360
28.720376,7.272864
29.222213,4.878168
29.525260,2.447278
29.625768,-0.000000
14.580092,24.468846
15.156451,25.436673
14.369449,25.242754
14.077795,24.766684
15.338568,24.609783
14.733345,24.784115
15.083061,24.166788
17.205514,24.098093
14.995999,25.100152
15.685153,25.119403
16.400674,23.974123
15.801708,24.140366
15.964444,24.492590
15.522134,24.858637
14.628464,25.750738
13.004777,26.601021
16.550133,23.181262
16.074965,23.519995
17.320093,23.261861
16.727869,23.485251
17.027321,22.839977
19.136495,22.595146
17.014600,23.778130
17.707009,23.739481
18.324827,22.537630
17.739194,22.754313
16.705178,24.455129
13.328910,25.845621
12.200853,26.373012
18.407754,21.734428
17.962507,22.112706
19.181977,21.752261
18.610539,22.023144
18.856766,21.355454
20.936901,20.937096
18.920065,22.292252
19.606633,22.196587
20.123782,20.947627
19.558269,21.211555
18.665969,22.992512
17.931864,23.090619
13.960677,25.709499
13.558810,26.329612
13.735828,25.382438
12.450893,26.870677
10.763049,27.584152
12.509576,25.587729
13.037814,25.330919
12.687498,25.921430
11.985387,25.846692
12.833060,26.275949
20.139606,20.140513
19.727139,20.553931
20.911469,20.094135
20.364927,20.411054
20.554639,19.725991
22.593973,19.137083
20.696174,20.653125
21.372779,20.501708
21.784155,19.214663
21.242647,19.524315
20.500968,21.372948
19.778469,21.530219
11.157036,26.881264
11.780124,26.791123
11.339458,27.358168
9.989209,27.284587
11.559996,26.444801
10.614098,27.253300
10.189033,27.806651
21.733789,18.408911
21.356238,18.855399
22.499757,18.298760
21.981232,18.659712
22.113626,17.961007
24.097078,17.206246
22.330683,18.873904
22.992775,18.666973
23.296811,17.350228
22.782443,17.703166
22.196366,19.606977
21.487634,19.824260
10.353964,26.534201
10.899524,26.319008
10.528322,26.874882
9.809547,26.747822
11.014969,26.589001
8.447350,28.378844
23.179729,16.550657
22.840825,17.027175
23.934058,16.378408
23.446670,16.780751
23.521331,16.074224
25.435290,15.157824
23.812947,16.965642
24.455442,16.704877
24.649649,15.367248
24.166373,15.761433
23.739248,17.707573
23.051508,17.982086
8.897728,27.705498
9.528552,27.669288
9.041143,28.201535
7.700721,28.016699
9.344392,27.306681
8.329397,28.035144
7.858253,28.552926
24.467201,14.580111
24.168436,15.083556
25.204365,14.346413
24.752200,14.787118
24.768195,14.077448
26.600118,13.005246
25.132496,14.941211
25.751118,14.628333
25.834381,13.279599
25.385507,13.711996
25.120172,15.686881
24.457885,16.017071
8.127577,27.298711
8.689661,27.128643
7.567051,27.466743
6.074527,28.979886
25.587920,12.509900
25.331367,13.036741
26.303051,12.216173
25.889055,12.692815
25.845621,11.984260
27.583345,10.764389
26.280269,12.815046
26.871091,12.451735
26.842804,11.101054
26.431060,11.568877
26.329765,13.558699
25.696495,13.943088
8.268089,27.653538
8.782901,27.409225
6.579376,28.346600
7.210468,28.362064
6.681373,28.852027
5.360678,28.557331
7.056846,27.985149
5.985341,28.627276
5.474003,29.104566
26.533683,10.354241
26.321242,10.900483
27.221876,10.002429
26.849015,10.511550
26.746991,9.809390
28.378032,8.449769
27.248840,10.601364
27.807508,10.190143
27.667671,8.846602
27.296267,9.346508
27.359389,11.338223
26.760169,11.773518
5.845339,27.876882
6.419292,27.753709
5.272654,27.997451
3.659762,29.381717
27.298110,8.126977
27.131600,8.690104
27.955449,7.720513
27.625157,8.258018
27.465935,7.566878
28.978907,6.076444
28.030988,8.314857
28.553967,7.859163
28.303537,6.531227
27.975176,7.060593
28.202060,9.039714
27.641097,9.523459
5.956484,28.241687
6.489407,28.041022
4.216293,28.792957
4.843427,28.860983
4.276209,29.305727
2.984222,28.901565
4.722188,28.472700
3.601618,29.023497
3.053292,29.457983
27.876441,5.845359
27.756298,6.419969
28.497187,5.384417
28.213816,5.947868
27.995330,5.273020
29.382756,3.661831
28.622080,5.972171
29.105170,5.474030
28.747128,4.170699
28.461977,4.727059
28.852629,6.679818
28.333508,7.207857
3.524246,28.265221
4.105000,28.188994
2.942793,28.336088
1.223651,29.583361
28.264743,3.525260
28.191464,4.105370
28.843305,3.013577
28.609672,3.597329
28.335473,2.943523
29.585490,1.225630
29.018252,3.589124
29.456788,3.051714
28.991714,1.784615
28.756279,2.361142
29.305723,4.275491
28.831219,4.841912
3.604295,28.638355
4.151495,28.480325
1.823729,29.043145
2.443820,29.162023
1.838242,29.559811
-0.000000,28.900685
1.176759,28.459421
0.711121,28.475798
2.356431,28.766678
1.762285,28.433563
0.856713,29.129305
1.382406,29.274550
0.608114,29.608962
0.000000,29.259001
0.648699,28.812256
1.345613,28.799595
28.459148,1.177512
28.432202,1.763584
29.052757,0.000000
28.476567,0.710979
29.151193,0.897850
29.276477,1.452502
28.815060,1.199731
29.608534,0.605658
29.256787,0.000000
28.851515,0.000000
28.782049,0.603136
29.133517,2.444198
