20.032847,0.000000
19.964699,1.654328
19.759374,3.297331
19.419825,4.917805
18.947059,6.504720
18.345081,8.047162
17.617890,9.534608
16.770495,10.957049
15.808914,12.304271
14.738159,13.568358
13.568242,14.738295
12.304171,15.809077
10.956970,16.770682
9.534555,17.618093
8.047111,18.345303
6.504683,18.947315
4.917776,19.420107
3.297316,19.759683
1.654317,19.965040
0.000000,20.033197
-0.000000,21.600804
1.783745,21.526676
3.555352,21.306353
5.302622,20.939819
7.013743,20.430079
8.676888,19.781143
10.280557,18.997012
11.814715,18.083695
13.267755,17.046199
14.629669,15.892550
15.892442,14.629750
17.046066,13.267816
18.083532,11.814757
18.996825,10.280582
19.780933,8.676906
20.429841,7.013742
20.939549,5.302610
21.306050,3.555340
21.526351,1.783724
21.600451,-0.000000
10.245784,17.194424
11.047646,18.540385
10.291130,18.079186
9.890191,17.406262
10.968657,17.599123
10.478352,17.625516
10.601385,16.982562
12.541251,17.564978
10.805828,18.087214
11.431195,18.312039
11.747188,17.171630
11.245345,17.180114
11.502965,17.648932
11.207910,17.953174
10.664104,18.768714
9.478734,19.389112
11.630599,16.289909
11.293811,16.530298
12.386479,16.636703
11.897981,16.702582
11.967397,16.049508
13.948730,16.469404
12.260383,17.135260
12.904523,17.305594
13.124867,16.143155
12.625019,16.194273
12.177987,17.824351
9.556222,18.531507
8.741209,18.896825
12.936235,15.273708
12.620232,15.541398
13.719099,15.557202
13.237260,15.663037
13.252258,15.006020
15.261077,15.261177
13.633315,16.064306
14.289221,16.180982
14.413420,15.003712
13.919457,15.096136
13.608240,16.757817
12.921857,16.638798
10.065799,18.536113
9.879666,19.193070
9.777901,18.068696
9.077807,19.585143
7.845318,20.105648
8.790849,17.981731
9.162713,17.799931
9.031707,18.452997
8.419008,18.163537
9.248414,18.936717
14.153231,14.153351
13.860765,14.445828
14.955704,14.370917
14.484821,14.516318
14.445712,13.860871
16.469277,13.948809
14.913572,14.883386
15.576783,14.945468
15.602857,13.762451
15.118255,13.895264
14.945374,15.576882
14.252499,15.514291
8.006033,19.289563
8.497090,19.324076
8.261133,19.943402
7.156142,19.548190
8.230604,18.825800
7.649488,19.643985
7.429523,20.267878
15.273568,12.936336
15.005890,13.252351
16.091973,13.086862
15.634414,13.270609
15.541259,12.620319
17.564826,12.541310
16.091461,13.601172
16.757696,13.608315
16.686280,12.427079
16.214246,12.599302
16.180866,14.289299
15.484175,14.284796
7.275910,18.646346
7.661515,18.495837
7.494698,19.133158
6.890320,18.796849
7.819853,18.876994
6.158177,20.684987
16.289738,11.630677
16.049354,11.967478
17.117719,11.713321
16.676842,11.934253
16.530138,11.293882
18.540206,11.047692
17.159794,12.225866
17.824201,12.178035
17.655139,11.006312
17.199056,11.217254
17.305452,12.904581
16.611293,12.957266
6.383460,19.877617
6.873336,19.955494
6.585985,20.557545
5.516908,20.073096
6.652939,19.439152
6.002392,20.207176
5.730393,20.812414
17.194228,10.245843
16.982389,10.601451
18.025934,10.259559
17.605031,10.516142
17.406080,9.890245
19.388909,9.478763
18.110486,10.766821
18.768541,10.664138
18.503523,9.510908
18.066376,9.758570
18.311875,11.431244
17.624580,11.541003
5.711241,19.183748
6.107967,19.065537
5.314530,19.301945
4.428976,21.123124
17.981522,8.790897
17.799732,9.162757
18.811662,8.736055
18.413260,9.026455
18.163321,8.419048
20.105419,7.845340
18.937415,9.234612
19.584943,9.077832
19.225725,7.950501
18.810507,8.233419
19.192878,9.879692
18.516755,10.046164
5.885249,19.686939
6.236259,19.461309
4.720324,20.337782
5.201839,20.455584
4.865825,21.031485
3.840315,20.460250
5.024496,19.922609
4.312959,20.634163
3.992158,21.214750
18.646107,7.275951
18.495619,7.661560
19.468974,7.152807
19.095849,7.475092
18.796605,6.890354
20.684728,6.158190
19.635312,7.639322
20.267653,7.429537
19.816732,6.335726
19.426276,6.651968
19.943187,8.261141
19.283177,8.482833
4.107554,19.589934
4.512666,19.505023
3.702451,19.674824
2.669530,21.416550
19.183480,5.711269
19.065294,6.107999
19.993407,5.520673
19.648121,5.872630
19.301672,5.314555
21.122832,4.428979
20.199206,5.991816
20.812158,5.730396
20.272560,4.677738
19.909523,5.025086
20.557295,6.585982
19.917837,6.861439
4.239660,20.105928
4.607682,19.909812
3.025066,20.658534
3.495101,20.815570
3.112464,21.361474
2.138222,20.707266
3.362014,20.269389
2.594582,20.919834
2.226634,21.471636
19.589637,4.107575
19.504750,4.512692
20.381294,3.850600
20.066181,4.230018
19.674514,3.702469
21.416239,2.669527
20.625196,4.303245
21.214459,3.992152
20.589266,2.987324
20.256323,3.363701
21.031204,4.865812
20.416698,5.193297
2.475825,19.862398
2.886566,19.811041
2.065084,19.913724
0.891869,21.563773
19.862076,2.475844
19.810740,2.886583
20.629282,2.154597
20.346780,2.558464
19.913392,2.065100
21.563443,0.891873
20.910008,2.585288
21.471306,2.226619
20.766151,1.277524
20.465213,1.679669
21.361159,3.112453
20.775945,3.489110
2.565532,20.387354
2.948013,20.221957
1.308391,20.836549
1.763981,21.032317
1.337811,21.545255
0.000000,20.602238
0.827152,19.999134
0.500386,20.012568
1.677398,20.478038
1.240730,19.982086
0.617094,20.925215
0.996252,21.141030
0.445923,21.582299
0.000000,21.101485
0.457044,20.481826
0.957533,20.480821
19.998791,0.827160
19.981741,1.240743
20.816554,0.000000
20.012231,0.500387
20.953544,0.645171
21.146546,1.046733
20.498376,0.853684
21.581955,0.445910
21.101123,0.000000
20.532011,0.000000
20.438207,0.423824
20.992846,1.762232
