21.390726,-0.000000
21.316640,1.766464
21.097513,3.520579
20.734842,5.250996
20.230067,6.945419
19.587386,8.592335
18.810891,10.180433
17.905926,11.699104
16.879086,13.137550
15.735824,14.487227
14.486672,15.736374
13.136845,16.879821
11.698549,17.906696
10.180346,18.811331
8.591875,19.587667
6.945086,20.230595
5.250657,20.735358
3.520560,21.098089
1.766321,21.317733
-0.000000,21.391880
-0.000000,22.866737
1.888777,22.787629
3.763965,22.554467
5.613470,22.166457
7.424823,21.626909
9.185210,20.939996
10.883020,20.109958
12.506899,19.143033
14.044931,18.044569
15.486540,16.823344
16.823197,15.486531
18.044369,14.044898
19.142677,12.506856
20.109656,10.882893
20.939771,9.185284
21.626666,7.424654
22.166154,5.613163
22.553939,3.763867
22.787103,1.888219
22.865466,-0.000000
10.940337,18.360486
11.695374,19.627782
10.939187,19.217593
10.561220,18.586052
11.663474,18.714043
11.156582,18.766888
11.319709,18.133970
13.276524,18.595060
11.469856,19.198730
12.101752,19.385401
12.486492,18.252524
11.971311,18.289295
12.209873,18.733488
11.890906,19.046531
11.289261,19.869524
10.034612,20.526351
12.418882,17.394443
12.059837,17.650627
13.170833,17.690104
12.667747,17.783876
12.778322,17.137750
14.766488,17.435196
13.013766,18.187994
13.661592,18.320011
13.951019,17.159067
13.439788,17.239507
12.891850,18.869699
10.155385,19.693236
9.290837,20.084613
13.812947,16.309036
13.476145,16.594617
14.587556,16.542143
14.093539,16.676818
14.150518,16.023486
16.155761,16.156049
14.471030,17.051252
15.127414,17.129415
15.320624,15.948051
14.817782,16.070532
14.405594,17.740596
13.715554,17.661133
10.682691,19.672707
10.459667,20.318423
10.408372,19.234181
9.609688,20.733872
8.305166,21.284917
9.386755,19.200882
9.783963,19.006912
9.614081,19.643208
8.990491,19.395089
9.816402,20.099954
15.112462,15.112800
14.800730,15.424781
15.902506,15.280882
15.421940,15.455897
15.424798,14.800693
17.434747,14.766786
15.829853,15.797719
16.490448,15.821475
16.584893,14.628684
16.093975,14.792129
15.821198,16.490502
15.127944,16.467531
8.506210,20.495111
9.017023,20.506858
8.746430,21.112625
7.606183,20.777401
8.761006,20.039814
8.119268,20.849933
7.864644,21.456486
16.308762,13.813282
16.023433,14.150372
17.110684,13.915497
16.645940,14.129576
16.594637,13.476102
18.594589,13.276830
17.080117,14.436720
17.740579,14.405934
17.736549,13.209244
17.260718,13.412476
17.129183,15.127517
16.435278,15.162519
7.769058,19.910664
8.180585,19.749667
7.977971,20.366808
7.358067,20.071328
8.329640,20.107393
6.518949,21.898173
17.393866,12.419046
17.137645,12.778442
18.201446,12.455070
17.755844,12.706723
17.650715,12.059857
19.627284,11.695796
18.214097,12.976983
18.869605,12.891849
18.766525,11.699200
18.309201,11.941274
18.319727,13.661697
17.631633,13.753457
6.782605,21.120720
7.293792,21.177470
6.972984,21.762983
5.863812,21.335210
7.081734,20.692839
6.371144,21.447767
6.065901,22.032835
18.359849,10.940384
18.134034,11.319880
19.167350,10.909422
18.744302,11.196941
18.586196,10.561204
20.525928,10.034866
19.223362,11.428397
19.869463,11.289309
19.668458,10.109751
19.232701,10.388521
19.385263,12.102143
18.707278,12.250281
6.098368,20.484479
6.521878,20.357774
5.675407,20.610638
4.688284,22.361975
19.200645,9.386893
19.006849,9.783800
20.002920,9.289486
19.604995,9.610921
19.394793,8.990386
21.284517,8.305624
20.101217,9.802092
20.733802,9.609955
20.436132,8.451128
20.024902,8.764931
20.318180,10.459703
19.654476,10.663738
6.264814,20.956483
6.642550,20.729214
5.015397,21.609621
5.519888,21.708023
5.151975,22.264759
4.081816,21.746766
5.348275,21.207316
4.578014,21.900903
4.225848,22.458728
19.910258,7.769289
19.749865,8.180908
20.701780,7.606003
20.331806,7.959130
20.070989,7.358161
21.897738,6.519472
20.842024,8.108794
21.456503,7.864916
21.064265,6.734716
20.680360,7.081338
21.112550,8.746229
20.468072,9.004345
4.385932,20.918270
4.818316,20.826987
3.953926,21.008825
2.825617,22.672466
20.484000,6.098442
20.358051,6.522048
21.259367,5.870479
20.919735,6.252908
20.610189,5.675474
22.361360,4.688669
21.440436,6.359971
22.032797,6.066113
21.548576,4.972195
21.194745,5.349453
21.762644,6.972772
21.141707,7.283286
4.513127,21.402417
4.907893,21.206936
3.214128,21.950306
3.708575,22.090067
3.295812,22.614350
2.272503,22.009212
3.578693,21.576622
2.754196,22.204105
2.357047,22.730994
20.917672,4.386084
20.827084,4.818594
21.671655,4.094488
21.364904,4.503854
21.007970,3.954060
22.672132,2.825851
21.892446,4.567747
22.458411,4.225913
21.885399,3.175350
21.563783,3.580982
22.264349,5.151668
21.671162,5.512541
2.643772,21.209348
3.081947,21.153791
2.205606,21.263715
0.944224,22.828448
21.208636,2.644109
21.153715,3.082135
21.934990,2.291147
21.663909,2.724000
21.262851,2.205875
22.828019,0.944554
22.194880,2.744358
22.730082,2.356714
22.072889,1.358066
21.786242,1.788224
22.613639,3.295688
22.052294,3.703384
2.730932,21.702339
3.139976,21.539411
1.389980,22.139978
1.871651,22.320213
1.416700,22.809296
0.000000,21.923931
0.882950,21.355450
0.533832,21.369049
1.785472,21.798999
1.324409,21.336631
0.655159,22.227600
1.057397,22.429141
0.471607,22.848044
0.000000,22.393959
0.487651,21.810405
1.019472,21.807178
21.354518,0.883150
21.335514,1.324700
22.124607,0.000000
21.368389,0.533796
22.253975,0.685309
22.433293,1.110888
21.823588,0.909011
22.847121,0.471135
22.392438,0.000000
21.857672,0.000000
21.768960,0.452501
22.282591,1.870252
