20.146106,-0.000000
20.077450,1.663697
19.870992,3.315980
19.529531,4.945636
19.054110,6.541528
18.448743,8.092689
17.717435,9.588532
16.865225,11.018999
15.898186,12.373832
14.821373,13.645066
13.644843,14.821623
12.373619,15.898488
11.018827,16.865564
9.588431,17.717771
8.092562,18.449097
6.541429,19.054543
4.945551,19.530020
3.315942,19.871547
1.663660,20.078114
0.000000,20.146797
-0.000000,21.706237
1.792488,21.631675
3.572708,21.410267
5.328474,21.041928
7.047924,20.529693
8.719148,19.877583
10.330639,19.089615
11.872244,18.171818
13.332336,17.129231
14.700861,15.969951
15.969770,14.700995
17.129010,13.332438
18.171544,11.872321
19.089313,10.330684
19.877252,8.719194
20.529312,7.047917
21.041479,5.328432
21.409729,3.572673
21.631078,1.792406
21.705529,0.000000
10.303726,17.291829
11.101486,18.630855
10.345092,18.174084
9.946171,17.504818
11.026516,17.692070
10.534863,17.720733
10.661310,17.078736
12.602356,17.650661
10.861085,18.179805
11.486929,18.401337
11.808736,17.261712
11.305824,17.272624
11.561784,17.739266
11.264730,18.044226
10.716073,18.860304
9.524947,19.483749
11.696351,16.382156
11.357707,16.623869
12.451783,16.724498
11.962108,16.792766
12.035039,16.140388
14.016678,16.549723
12.323065,17.222934
12.967437,17.389969
13.193636,16.227802
12.692886,16.281428
12.237319,17.911305
9.606109,18.628346
8.786978,18.995849
13.009360,15.360156
12.691619,15.629346
13.791398,15.639277
13.308586,15.747571
13.327183,15.090973
15.335410,15.335593
13.703003,16.146484
14.358864,16.259856
14.488931,15.082386
13.994279,15.177374
13.674497,16.839549
12.987884,16.723930
10.117130,18.630796
9.927881,19.286714
9.830429,18.165920
9.122027,19.680740
7.883549,20.203798
8.840567,18.083585
9.214549,17.900762
9.080230,18.552292
8.466689,18.266431
9.295683,19.033635
14.233240,14.233452
13.939165,14.527563
15.034524,14.446738
14.562881,14.594656
14.527382,13.939332
16.549492,14.016832
14.989791,14.959512
15.652693,15.018315
15.684599,13.834616
15.199526,13.970031
15.018142,15.652854
14.325320,15.593658
8.047678,19.390063
8.540358,19.422616
8.301480,20.040713
7.193620,19.650683
8.274800,18.927086
7.688589,19.744474
7.465703,20.366806
15.359921,13.009545
15.090767,13.327323
16.176786,13.155906
15.718678,13.342223
15.629134,12.691761
17.650392,12.602484
16.173704,13.670737
16.839359,13.674647
16.773711,12.492242
16.301419,12.667092
16.259657,14.359000
15.563288,14.357871
7.317056,18.751987
7.704827,18.600596
7.534967,19.236089
6.929347,18.903342
7.862346,18.979680
6.188175,20.785974
16.381854,11.696491
16.140144,12.035182
17.207957,11.775131
16.766738,11.998659
16.623632,11.357828
18.630549,11.101603
17.247508,12.288407
17.911070,12.237406
17.747673,11.064044
17.291547,11.277618
17.389729,12.967545
16.696173,13.023556
6.416697,19.981262
6.908328,20.057316
6.618163,20.657887
5.545800,20.178346
6.688671,19.543763
6.033087,20.310565
5.758294,20.914005
17.291488,10.303831
17.078479,10.661435
18.120991,10.313720
17.699964,10.572912
17.504555,9.946266
19.483415,9.525024
18.203089,10.821915
18.860038,10.716144
18.600528,9.560812
18.163562,9.811099
18.401077,11.487046
17.714660,11.600063
5.743543,19.292445
6.142507,19.173516
5.344639,19.411309
4.450541,21.226263
18.083254,8.840665
17.900461,9.214619
18.910878,8.782184
18.512575,9.075199
18.266087,8.466759
20.203424,7.883627
19.034267,9.281875
19.680435,9.122100
19.326518,7.992223
18.911703,8.277745
19.286408,9.927939
18.611428,10.097595
5.916878,19.792879
6.270127,19.567137
4.744896,20.443837
5.228311,20.559957
4.889621,21.134158
3.860429,20.567551
5.051479,20.029821
4.335026,20.739746
4.011597,21.318318
18.751594,7.317153
18.600281,7.704937
19.571647,7.190584
19.198848,7.515463
18.902946,6.929425
20.785542,6.188235
19.735735,7.678422
20.366467,7.465752
19.920608,6.368977
19.530772,6.687777
20.040383,8.301490
19.381783,8.526268
4.130780,19.700953
4.538171,19.615500
3.723430,19.786317
2.682515,21.521125
19.291990,5.743609
19.173159,6.142585
20.098825,5.549828
19.754080,5.904348
19.410845,5.344700
21.225746,4.450569
20.302489,6.022475
20.913601,5.758315
20.378789,4.702274
20.016597,5.052138
20.657475,6.618149
20.019679,6.896571
4.262449,20.214131
4.632708,20.018092
3.040811,20.766267
3.512871,20.921798
3.127714,21.465798
2.149405,20.815868
3.380073,20.378498
2.607873,21.026895
2.237486,21.576503
19.700424,4.130840
19.615064,4.538248
20.488725,3.870925
20.174379,4.252857
19.785748,3.723483
21.520576,2.682518
20.730623,4.325269
21.317817,4.011589
20.697149,3.002990
20.365231,3.381821
21.133676,4.889577
20.521070,5.219880
2.489837,19.974988
2.902870,19.923272
2.076805,20.026568
0.896227,21.669095
19.974390,2.489903
19.922758,2.902923
20.737967,2.165974
20.456494,2.572268
20.025940,2.076859
21.668487,0.896253
21.016882,2.598530
21.575876,2.237431
20.874900,1.284234
20.575232,1.688720
21.465219,3.127681
20.882119,3.506948
2.579314,20.497119
2.964015,20.331951
1.315182,20.945274
1.772945,21.139678
1.344377,21.650524
0.000000,20.712564
0.831802,20.112522
0.503169,20.125965
1.686404,20.588309
1.247711,20.095315
0.620265,21.033844
1.001343,21.248408
0.448064,21.687711
-0.000000,21.209242
0.459596,20.592760
0.962698,20.591559
20.111858,0.831833
20.094638,1.247758
20.925403,0.000000
20.125329,0.503169
21.061728,0.648514
21.253534,1.052069
20.608741,0.858302
21.687046,0.448008
21.208499,0.000000
20.642416,0.000000
20.549060,0.426218
21.100113,1.771224
