21.526998,-0.000000
21.452336,1.777711
21.231813,3.542975
20.866815,5.284422
20.358821,6.989633
19.712052,8.647033
18.930610,10.245236
18.019875,11.773568
16.986493,13.221169
15.835958,14.579434
14.578855,15.836527
13.220422,16.987258
11.772979,18.020673
10.245156,18.931045
8.646545,19.712311
6.989283,20.359339
5.284064,20.867308
3.542966,21.232355
1.777564,21.453424
0.000000,21.528145
-0.000000,22.994273
1.899357,22.914682
3.784985,22.680233
5.644798,22.290064
7.466255,21.747514
9.236447,21.056774
10.943744,20.222113
12.576672,19.249791
14.123276,18.145193
15.572922,16.917161
16.917029,15.572888
18.145008,14.123220
19.249444,12.576608
20.221826,10.943591
21.056574,9.236517
21.747301,7.466067
22.289799,5.644466
22.679737,3.784888
22.914211,1.898756
22.993002,-0.000000
11.010039,18.477469
11.760662,19.737361
11.004372,19.332071
10.628562,18.704411
11.733351,18.826140
11.224746,18.881563
11.391795,18.249488
13.350640,18.698870
11.536696,19.310585
12.169343,19.493568
12.560862,18.361228
12.044281,18.400754
12.281033,18.842636
11.959674,19.156590
11.352269,19.980456
10.090640,20.640946
12.497997,17.505261
12.136720,17.763028
13.249722,17.796028
12.745116,17.892525
12.859707,17.246938
14.848924,17.532534
13.089604,18.293944
13.737906,18.422244
14.034128,17.261245
13.521690,17.344551
12.963802,18.975050
10.215660,19.810073
9.346124,20.204062
13.900939,16.412921
13.562053,16.700292
14.674907,16.641190
14.179609,16.778692
14.240667,16.125581
16.245954,16.246240
14.555363,17.150587
15.211911,17.225004
15.411889,16.043034
14.908086,16.168461
14.485970,17.839650
13.795458,17.764029
10.744794,19.787093
10.518128,20.431820
10.471745,19.351293
9.663295,20.849626
8.351518,21.403746
9.446555,19.323190
9.846301,19.128003
9.672619,19.762802
9.047841,19.518640
9.873576,20.217010
15.208735,15.209075
14.895071,15.523009
15.997738,15.372389
15.516134,15.550317
15.523059,14.895000
17.532075,14.849227
15.922096,15.889747
16.582554,15.909765
16.683686,14.715811
16.192058,14.882268
15.909488,16.582588
15.216080,16.563477
8.556533,20.616361
9.069366,20.625899
8.795346,21.230441
7.651453,20.901012
8.814319,20.161803
8.166554,20.971288
7.908499,21.576260
16.412656,13.901281
16.125557,14.240480
17.213145,13.998827
16.747610,14.215897
16.700350,13.561977
18.698394,13.350957
17.179645,14.520819
17.839663,14.486321
17.842202,13.287914
17.365909,13.494203
17.224781,15.212004
16.531031,15.250866
7.818549,20.037502
8.232671,19.875456
8.026547,20.490769
7.405008,20.199185
8.380859,20.230986
6.555315,22.020418
17.504672,12.498157
17.246865,12.859814
18.310441,12.529659
17.864292,12.784351
17.763165,12.136720
19.736859,11.761108
18.320229,13.052581
18.974986,12.963786
18.878318,11.768887
18.420785,12.014038
18.421972,13.738005
17.734354,13.833595
6.822761,21.245745
7.336122,21.300451
7.011992,21.884444
5.898708,21.462129
7.124832,20.818811
6.408261,21.572608
6.099716,22.155813
18.476818,11.010075
18.249603,11.391965
19.282138,10.974767
18.858799,11.265352
18.704614,10.628529
20.640529,10.090904
19.335381,11.494978
19.980431,11.352307
19.785630,10.169975
19.349923,10.451826
19.493460,12.169758
18.816269,12.321667
6.137219,20.614968
6.563410,20.487417
5.711625,20.741927
4.714421,22.486805
19.322978,9.446692
19.127979,9.846108
20.122715,9.345131
19.724758,9.669648
19.518361,9.047711
21.403358,8.352008
20.218356,9.859200
20.849596,9.663575
20.557877,8.501473
20.146953,8.818341
20.431601,10.518155
19.768997,10.725890
6.302967,21.084047
6.683372,20.856578
5.045085,21.737534
5.551907,21.834070
5.180818,22.389023
4.106109,21.876135
5.380819,21.336405
4.604692,22.028373
4.249398,22.584076
20.037112,7.818784
19.875725,8.233007
20.825756,7.651569
20.456014,8.007764
20.198867,7.405095
22.020002,6.555884
20.963482,8.156039
21.576328,7.908790
21.189749,6.774841
20.806404,7.124484
21.230410,8.795116
20.587337,9.056828
4.413870,21.051524
4.848987,20.959610
3.979168,21.142649
2.841347,22.799010
20.614509,6.137284
20.487780,6.563583
21.386686,5.905652
21.047532,6.291116
20.741501,5.711684
22.486208,4.714845
21.565375,6.397022
22.155832,6.099946
21.676934,5.001810
21.323926,5.382048
21.884136,7.011755
21.264899,7.325741
4.540616,21.532687
4.938057,21.337232
3.233151,22.080219
3.730066,22.218329
3.314293,22.740582
2.286014,22.140128
3.600472,21.707967
2.770261,22.333333
2.370186,22.857882
21.050950,4.414025
20.959791,4.849278
21.801436,4.119012
21.495434,4.531368
21.141796,3.979303
22.798738,2.841611
22.020015,4.594368
22.583809,4.249472
22.015790,3.194260
21.695208,3.602815
22.388651,5.180484
21.797442,5.544671
2.660629,21.344463
3.101552,21.288493
2.219713,21.399138
0.949498,22.955863
21.343782,2.660986
21.288501,3.101747
22.066330,2.304879
21.796296,2.740634
21.398296,2.219997
22.955508,0.949863
22.324231,2.760369
22.856985,2.369828
22.204357,1.366167
21.919041,1.799134
22.739898,3.314162
22.180785,3.724953
2.747560,21.834458
3.159265,21.671744
1.398194,22.271051
1.882489,22.449816
1.424648,22.936646
0.000000,22.056737
0.888558,21.491496
0.537198,21.505119
1.796338,21.931715
1.332807,21.472511
0.658987,22.358584
1.063552,22.558772
0.474191,22.975568
0.000000,22.524011
0.490726,21.943856
1.025695,21.940419
21.490590,0.888772
21.471401,1.333120
22.256217,0.000000
21.504511,0.537159
22.384860,0.689346
22.562879,1.117351
21.956807,0.914565
22.974673,0.473676
22.522471,0.000000
21.990931,0.000000
21.902700,0.455380
22.412443,1.881126
