21.945513,-0.000000
21.869102,1.812260
21.644290,3.611768
21.272146,5.387101
20.754265,7.125448
20.094941,8.815053
19.298311,10.444298
18.369860,12.002310
17.316389,13.478040
16.143520,14.862687
14.861998,16.144191
13.477134,17.317299
12.001598,18.370806
10.444226,19.298803
8.814472,20.095220
7.125040,20.754844
5.386680,21.272663
3.611790,21.644827
1.812101,21.870273
0.000000,21.946733
-0.000000,23.386655
1.931897,23.305595
3.849645,23.067185
5.741173,22.670370
7.593712,22.118580
9.394066,21.416063
11.130546,20.567172
12.791308,19.578243
14.364279,18.454772
15.838651,17.205795
17.205672,15.838570
18.454587,14.364179
19.577867,12.791196
20.566864,11.130323
21.415854,9.394128
22.118367,7.593470
22.670123,5.740764
23.066686,3.849554
23.305193,1.931174
23.385295,-0.000000
11.224133,18.836829
11.961503,20.074490
11.204749,19.684022
10.835407,19.068003
11.948138,19.170744
11.434217,19.234010
11.613205,18.604353
13.578635,19.018250
11.742211,19.654555
12.377270,19.826351
12.789473,18.695426
12.268530,18.743331
12.499834,19.178283
12.171139,19.495066
11.546090,20.321751
10.262997,20.993510
12.740998,17.845684
12.372871,18.108313
13.492208,18.121658
12.982876,18.226450
13.109677,17.582355
15.102511,17.831997
13.322784,18.619754
13.972663,18.736771
14.289603,17.575384
13.773389,17.667412
13.185137,19.299173
10.400955,20.169297
9.516080,20.571307
14.171205,16.732050
13.825921,17.024914
14.943403,16.945677
14.444111,17.091799
14.517554,16.439207
16.523401,16.523715
14.814661,17.456052
15.471839,17.519086
15.692434,16.335047
15.185603,16.469449
14.733220,18.144402
14.041145,18.080450
10.935754,20.138857
10.697968,20.780699
10.666508,19.711250
9.828201,21.205761
8.494115,21.769340
9.630236,19.698915
10.037768,19.499990
9.852522,20.130390
9.223997,19.898182
10.049376,20.576977
15.504432,15.504822
15.184837,15.824752
16.290455,15.653696
15.805595,15.840515
15.824856,15.184702
17.831467,15.102855
16.205713,16.172740
16.865885,16.181391
16.987366,14.983669
16.493475,15.159314
16.181078,16.865899
15.487076,16.858523
8.711242,20.989164
9.230319,20.991993
8.945825,21.592918
7.790620,21.281056
8.978162,20.536759
8.311952,21.344485
8.043408,21.944767
16.731757,14.171601
16.439229,14.517279
17.528082,14.254993
17.060045,14.481199
17.025034,13.825775
19.017707,13.579001
17.485657,14.779428
18.144452,14.733627
18.166965,13.529772
17.689167,13.745394
17.518850,15.471930
16.825444,15.522541
7.970565,20.427146
8.392651,20.261880
8.175837,20.871786
7.549194,20.591957
8.538247,20.610828
6.667189,22.396530
17.845001,12.741173
17.582325,13.109774
18.645454,12.758951
18.197548,13.022932
18.108538,12.372832
20.073911,11.962030
18.646542,13.285047
19.299142,13.185090
19.221949,11.983124
18.763685,12.237678
18.736483,13.972770
18.050185,14.080027
6.946216,21.630155
7.466287,21.678662
7.131996,22.258138
6.005984,21.852346
7.257287,21.206010
6.522391,21.956525
6.203739,22.534180
18.836069,11.224157
18.604559,11.613392
19.634952,11.175638
19.210635,11.475603
19.068309,10.835340
20.993036,10.263294
19.679788,11.699713
20.321767,11.546109
20.145787,10.355117
19.710145,10.646392
19.826275,12.377769
19.151376,12.541184
6.256554,21.015831
6.690976,20.885684
5.822875,21.145249
4.794831,22.870870
19.698700,9.630381
19.500008,10.037500
20.490914,9.516182
20.092773,9.850132
19.897871,9.223800
21.768904,8.494700
20.578498,10.034803
21.205770,9.828524
20.932089,8.656245
20.522008,8.982492
20.780481,10.697975
20.121100,10.917007
6.420225,21.476141
6.808815,21.248013
5.136358,22.130826
5.650370,22.221714
5.269552,22.771344
4.180792,22.273888
5.480836,21.733188
4.686722,22.420379
4.321844,22.969738
20.426717,7.970822
20.262275,8.393038
21.206802,7.791635
20.837684,8.157233
20.591614,7.549267
22.396077,6.667898
21.336901,8.301313
21.944902,8.043755
21.575451,6.898190
21.193731,7.257086
21.592939,8.945513
20.954021,9.218211
4.499690,21.460881
4.943194,21.367035
4.056706,21.553760
2.889739,23.188353
21.015337,6.256595
20.886216,6.691161
21.778007,6.013773
21.440227,6.408539
21.144797,5.822914
22.870230,4.795370
21.949494,6.510951
22.534279,6.204025
22.071474,5.092852
21.720891,5.482221
22.257834,7.131684
21.643656,7.456287
4.625099,21.933098
5.030748,21.737687
3.291635,22.479665
3.796157,22.612785
3.371149,23.128957
2.327553,22.542639
3.667405,22.111686
2.819656,22.730748
2.410605,23.248280
21.460285,4.499850
21.367373,4.943525
22.200324,4.194397
21.896532,4.615925
21.552813,4.056849
23.188171,2.890100
22.412224,4.676225
22.969525,4.321940
22.416577,3.252396
22.099067,3.669914
22.770991,5.269134
22.185691,5.643468
2.712407,21.759538
3.161769,21.702304
2.263049,21.815163
0.965722,23.347880
21.758852,2.712825
21.702469,3.161983
22.470017,2.347095
22.203094,2.791757
21.814294,2.263378
23.347657,0.966193
22.721917,2.809601
23.247331,2.410172
22.608459,1.391070
22.327122,1.832664
23.128261,3.370999
22.575831,3.791278
2.798668,22.240551
3.218540,22.078456
1.423454,22.674058
1.915817,22.848399
1.449098,23.328458
0.000000,22.464963
0.905789,21.909424
0.547548,21.923130
1.829733,22.339645
1.358603,21.889942
0.670756,22.761334
1.082482,22.957449
0.482135,23.367921
0.000000,22.923968
0.500173,22.354014
1.044815,22.349943
21.908510,0.906049
21.888763,1.358981
22.660764,0.000000
21.922587,0.547498
22.787221,0.701760
22.961333,1.137229
22.366178,0.931630
23.367018,0.481490
22.922284,0.000000
22.400424,0.000000
22.313634,0.464225
22.811677,1.914562
