20.887469,-0.000000
20.815541,1.724918
20.601559,3.437860
20.247479,5.127534
19.754587,6.782116
19.127000,8.390310
18.368769,9.941091
17.485117,11.424083
16.482439,12.828710
15.366035,14.146665
14.146243,15.366461
12.828199,16.482995
11.423677,17.485704
9.940992,18.369145
8.389967,19.127276
6.781858,19.755053
5.127278,20.247975
3.437812,20.602144
1.724801,20.816515
0.000000,20.888506
-0.000000,22.396483
1.849768,22.319181
3.686466,22.090769
5.497973,21.710723
7.272079,21.182244
8.996327,20.509439
10.659160,19.696449
12.249689,18.749426
13.756127,17.673591
15.168109,16.477467
16.477308,15.168158
17.673389,13.756151
18.749109,12.249704
19.696167,10.659115
20.509205,8.996406
21.181981,7.271980
21.710381,5.497768
22.090231,3.686376
22.318580,1.849379
22.395361,0.000000
10.682912,17.928380
11.454691,19.223766
10.698675,18.795149
10.312514,18.148860
11.405631,18.300356
10.904994,18.343564
11.053478,17.707283
13.003301,18.212319
11.223312,18.786087
11.852580,18.986596
12.212100,17.851399
11.701995,17.877868
11.947399,18.330840
11.637277,18.640562
11.056976,19.460523
9.828063,20.103834
12.126706,16.985117
11.775906,17.235453
12.879748,17.299212
12.382189,17.382809
12.477758,16.734451
14.462600,17.076328
12.734036,17.797148
13.380267,17.943087
13.644385,16.782031
13.137514,16.851773
12.626594,18.481284
9.933001,19.262108
9.086849,19.643836
13.487990,15.925330
13.158890,16.204293
14.265251,16.176638
13.775874,16.300768
13.817586,15.646397
15.823282,15.823531
14.159975,16.684815
14.815929,16.776996
14.983902,15.597571
14.484504,15.709066
14.109296,17.375406
13.420838,17.281559
10.453632,19.250740
10.244151,19.900321
10.174480,18.801883
9.412061,20.307083
8.134291,20.846790
9.165897,18.749108
9.553726,18.559639
9.398033,19.201744
8.778684,18.938721
9.605514,19.668122
14.756925,14.757207
14.452329,15.061969
15.551127,14.943199
15.074291,15.107364
15.061914,14.452372
17.075968,14.462846
15.489623,15.458239
16.150917,15.495967
16.220403,14.307194
15.731992,14.459419
15.495731,16.151005
14.802868,16.113601
8.320553,20.047710
8.823964,20.067732
8.566103,20.678231
7.439154,20.321261
8.564242,19.589515
7.944847,20.402243
7.702968,21.014881
15.925083,13.488263
15.646288,13.817551
16.732629,13.607996
16.270698,13.810945
16.204231,13.158926
18.211935,13.003544
16.713021,14.126493
17.375332,14.109565
17.346750,12.918960
16.872501,13.110816
16.776779,14.816043
16.082111,14.836626
7.586282,19.442156
7.988214,19.285038
7.798687,19.909229
7.184705,19.599058
8.140569,19.651109
6.384892,21.447447
16.984658,12.126858
16.734297,12.477889
17.799285,12.179824
17.355590,12.420185
17.235426,11.775971
19.223360,11.455007
17.822644,12.698116
18.481145,12.626635
18.354070,11.442063
17.897387,11.672698
17.942824,13.380372
17.252770,13.457843
6.634452,20.659388
7.137667,20.723804
6.829181,21.315143
5.735061,20.866864
6.922664,20.227834
6.234234,20.987220
5.941240,21.579417
17.927877,10.682982
17.707232,11.053632
18.743809,10.668288
18.321720,10.944422
18.148866,10.312545
20.103472,9.828265
18.810190,11.182789
19.460402,11.057046
19.236155,9.887530
18.800074,10.154855
18.986418,11.852872
18.305283,11.986951
5.954886,20.002484
6.368482,19.878913
5.541649,20.125690
4.591932,21.901723
18.748862,9.166028
18.559510,9.553660
19.560902,9.084144
19.162974,9.394146
18.938442,8.778661
20.846433,8.134618
19.669160,9.591428
20.306950,9.412268
19.986960,8.265358
19.574455,8.567789
19.900072,10.244211
19.232081,10.434469
6.124001,20.485599
6.491860,20.259018
4.905870,21.137633
5.401789,21.243050
5.045647,21.806585
3.992184,21.269377
5.228163,20.730808
4.479608,21.430657
4.139026,21.996569
19.441784,7.586478
19.285064,7.988470
20.244342,7.437856
19.873383,7.779609
19.598728,7.184810
21.447040,6.385237
20.394040,7.934515
21.014792,7.703165
20.601304,6.586661
20.215180,6.922085
20.678081,8.566001
20.028179,8.810745
4.282751,20.426058
4.705037,20.337118
3.860710,20.514511
2.767626,22.205889
20.002034,5.954979
19.878963,6.368633
20.789604,5.740687
20.448073,6.111873
20.125254,5.541734
21.901151,4.592172
20.979620,6.223298
21.579258,5.941379
21.075017,4.862924
20.717995,5.229146
21.314795,6.829057
20.687336,7.126681
4.411674,20.921548
4.796547,20.725910
3.143950,21.470935
3.629307,21.616920
3.227686,22.148914
2.222658,21.526112
3.498311,21.091778
2.694940,21.727369
2.308603,22.263147
20.425484,4.282887
20.337009,4.705255
21.192813,4.003993
20.883158,4.402294
20.513763,3.860829
22.205443,2.767753
21.421938,4.469550
21.996177,4.139058
21.404347,3.105573
21.078758,3.500394
21.806149,5.045443
21.205410,5.394023
2.581521,20.710257
3.009536,20.656239
2.153512,20.763491
0.924778,22.358647
20.709557,2.581769
20.655966,3.009690
21.450411,2.240475
21.175315,2.662602
20.762677,2.153714
22.358083,0.924980
21.717804,2.685298
22.262309,2.308368
21.587873,1.328177
21.296154,1.747958
22.148228,3.227588
21.578392,3.623826
2.669566,21.214634
3.068775,21.050865
1.359683,21.656313
1.831675,21.842112
1.387397,22.339734
0.000000,21.433717
0.862252,20.852914
0.521414,20.866435
1.745375,21.309087
1.293391,20.834723
0.641033,21.744290
1.034694,21.950950
0.462076,22.377844
0.000000,21.914187
0.476301,21.317739
0.996502,21.315306
20.852021,0.862391
20.833718,1.293597
21.639081,0.000000
20.865720,0.521393
21.771188,0.670411
21.955415,1.087056
21.331947,0.888502
22.376958,0.461766
21.912892,0.000000
21.365875,0.000000
21.275342,0.441872
21.803681,1.830145
