21.162286,0.000000
21.089173,1.747606
20.872384,3.483032
20.513613,5.194954
20.014233,6.871292
19.378405,8.500631
18.610200,10.071789
17.714908,11.574264
16.699035,12.997358
15.567964,14.332636
14.332139,15.568459
12.996739,16.699691
11.573775,17.715598
10.071696,18.610613
8.500223,19.378685
6.870992,20.014735
5.194652,20.514123
3.482997,20.872969
1.747473,21.090221
0.000000,21.163397
-0.000000,22.653114
1.871058,22.574820
3.728760,22.343815
5.561001,21.959423
7.355434,21.424904
9.099402,20.744401
10.781323,19.922108
12.390051,18.964223
13.913729,17.876038
15.341878,16.666215
16.666061,15.341897
17.875835,13.913723
18.963882,12.390035
19.921813,10.781234
20.744171,9.099480
21.424651,7.355296
21.959101,5.560740
22.343279,3.728664
22.574254,1.870573
22.651899,0.000000
10.823485,18.164346
11.586035,19.444245
10.829967,19.025757
10.448325,18.387602
11.546387,18.526190
11.042349,18.574683
11.198860,17.940288
13.152402,18.421187
11.357882,19.011320
11.988556,19.204231
12.361885,18.070368
11.849026,18.102487
12.090663,18.550617
11.775708,18.862143
11.183738,19.683722
9.940780,20.334410
12.286254,17.208641
11.930951,17.462172
13.038650,17.512600
12.538089,17.601775
12.641887,16.954683
14.628434,17.272167
12.886719,18.010482
13.533789,18.148780
13.811770,16.987848
13.302538,17.063455
12.771349,18.693247
10.054394,19.497452
9.198202,19.884449
13.665439,16.134862
13.332132,16.417440
14.441194,16.376166
13.949302,16.506073
13.999391,15.852315
16.004718,16.004990
14.329755,16.884826
14.985909,16.969316
15.167710,15.788891
14.666453,15.906407
14.270989,17.574694
13.581699,17.488740
10.578655,19.481060
10.361761,20.128488
10.302171,19.037897
9.519910,20.539990
8.227538,21.085885
9.286502,18.995813
9.679454,18.803885
9.515983,19.442762
8.894346,19.187935
9.720621,19.903829
14.951073,14.951387
14.642579,15.260092
15.742942,15.127539
15.264089,15.297646
15.260075,14.642580
17.271756,14.628710
15.675327,15.643536
16.336202,15.673601
16.419370,14.482690
15.929613,14.641060
15.673341,16.336271
14.980299,16.306784
8.421896,20.291934
8.929337,20.307415
8.664509,20.915289
7.530331,20.570261
8.671664,19.835355
8.040050,20.646605
7.791197,21.255872
16.134598,13.665747
15.852234,13.999296
16.939006,13.775859
16.475560,13.984902
16.417421,13.332127
18.420752,13.152681
16.913389,14.295822
17.574650,14.271298
17.559533,13.077420
17.084445,13.275505
16.969089,14.986017
16.274875,15.014505
7.686090,19.697999
8.093264,19.538762
7.896565,20.159044
7.279373,19.856955
8.243797,19.900229
6.458048,21.693416
17.208115,12.286414
16.954553,12.642014
18.018823,12.330080
17.574108,12.576621
17.462205,11.930993
19.443786,11.586410
18.036307,12.850329
18.693131,12.771367
18.579222,11.582430
18.122214,11.819326
18.148504,13.533893
17.459560,13.619195
6.715323,20.911216
7.222881,20.971424
6.907655,21.559538
5.805343,21.122526
7.009507,20.481703
6.308963,21.238599
6.009269,21.826854
18.163766,10.823542
17.940297,11.199024
18.975019,10.799923
18.552430,11.082286
18.387683,10.448331
20.334013,9.941012
19.035709,11.316849
19.683632,11.183797
19.472143,10.008837
19.036265,10.282424
19.204072,11.988903
18.524700,12.130682
6.033237,20.265692
6.452248,20.140408
5.614690,20.390509
4.644512,22.152891
18.995570,9.286637
18.803791,9.679335
19.802200,9.196241
19.404298,9.512496
19.187646,8.894279
21.085502,8.227939
19.904989,9.706415
20.539890,9.520151
20.232156,8.366767
19.820376,8.675419
20.128239,10.361808
19.462634,10.559610
6.200876,20.742678
6.574132,20.515732
4.965656,21.395278
5.466248,21.496840
5.103671,22.056619
4.041112,21.529976
5.293737,20.990956
4.533320,21.687330
4.186407,22.248776
19.697607,7.686307
19.538881,8.093558
20.494057,7.529648
20.123661,7.877620
19.856620,7.279473
21.692992,6.458491
20.638562,8.029642
21.255840,7.791436
20.854027,6.667483
20.469143,7.009029
20.915178,8.664354
20.268284,8.916418
4.339094,20.694845
4.766896,20.604623
3.911611,20.784445
2.799273,22.460508
20.265223,6.033321
20.140580,6.452411
21.046046,5.811540
20.705579,6.188873
20.390064,5.614766
22.152292,4.644831
21.231146,6.297898
21.826760,6.009449
21.333523,4.922573
20.978274,5.294828
21.559193,6.907484
20.935342,7.212160
4.467060,21.184078
4.857339,20.988536
3.182257,21.732610
3.672572,21.875173
3.264863,22.402913
2.249866,21.789829
3.542195,21.356478
2.727284,21.987585
2.335040,22.518460
20.694254,4.339241
20.604625,4.767148
21.454210,4.053394
21.146167,4.457741
20.783635,3.911739
22.460118,2.799456
21.678751,4.523149
22.248422,4.186457
21.666943,3.143663
21.343553,3.544391
22.056194,5.103410
21.459627,5.458713
2.615514,20.982801
3.049078,20.927941
2.181957,21.036654
0.935391,22.615028
20.982089,2.615812
20.927771,3.049253
21.714936,2.268136
21.442063,2.696122
21.035804,2.182198
22.614529,0.935662
21.978201,2.717534
22.517575,2.334751
21.852631,1.344493
21.563712,1.769941
22.402207,3.264749
21.837056,3.667250
2.703067,21.480897
3.107648,21.317598
1.376219,21.920335
1.853494,22.103069
1.403389,22.595986
-0.000000,21.701345
0.873552,21.127342
0.528192,21.140903
1.767265,21.576555
1.310329,21.108804
0.648744,22.008113
1.047085,22.211954
0.467279,22.634443
0.000000,22.176059
0.482498,21.586720
1.009043,21.583850
21.126418,0.873725
21.107729,1.310583
21.904114,0.000000
21.140210,0.528163
22.034713,0.678543
22.216237,1.100062
21.600353,0.899701
22.633527,0.466880
22.174628,0.000000
21.634367,0.000000
21.544839,0.447676
22.065077,1.852036
