22.032259,-0.000000
21.955489,1.819419
21.729787,3.626025
21.356162,5.408380
20.836232,7.153593
20.174304,8.849873
19.374525,10.485551
18.442402,12.049713
17.384767,13.531271
16.207268,14.921385
14.920685,16.207947
13.530342,17.385691
12.048982,18.443359
10.485485,19.375008
8.849276,20.174565
7.153176,20.836798
5.407947,21.356658
3.626054,21.730295
1.819259,21.956647
-0.000000,22.033463
-0.000000,23.468067
1.938649,23.386705
3.863062,23.147474
5.761172,22.749281
7.620163,22.195574
9.426776,21.490613
11.169312,20.638770
12.835852,19.646396
14.414297,18.519010
15.893801,17.265689
17.265578,15.893701
18.518840,14.414181
19.646032,12.835727
20.638476,11.169073
21.490424,9.426835
22.195383,7.619908
22.749063,5.760748
23.147001,3.862974
23.386346,1.937902
23.466720,-0.000000
11.268505,18.911294
12.003184,20.144443
11.246307,19.757003
10.878277,19.143344
11.992683,19.242197
11.477650,19.307075
11.659093,18.677887
13.625952,19.084521
11.784844,19.725897
12.420422,19.895402
12.836889,18.764727
12.315029,18.814353
12.545223,19.247900
12.215011,19.565275
11.586313,20.392569
10.298765,21.066663
12.791362,17.916225
12.421816,18.179862
13.542498,18.189179
13.032176,18.295677
13.161485,17.651861
15.155141,17.894137
13.371157,18.687331
14.021383,18.802035
14.342590,17.640527
13.825581,17.734348
13.231071,19.366429
10.439386,20.243788
9.551329,20.647460
14.227221,16.798181
13.880612,17.092182
14.999088,17.008815
14.498956,17.156711
14.574941,16.504198
16.580983,16.581293
14.868452,17.519410
15.525785,17.580108
15.750621,16.395602
15.243149,16.531850
14.784533,18.207639
14.092114,18.146081
10.975370,20.211817
10.735290,20.853088
10.706893,19.785874
9.862422,21.279656
8.523708,21.845196
9.668305,19.776770
10.077449,19.577072
9.889826,20.206596
9.260506,19.976829
10.085845,20.651637
15.565719,15.566108
15.244896,15.887279
16.351165,15.712029
15.865617,15.900678
15.887407,15.244736
17.893604,15.155485
16.264551,16.231438
16.924688,16.237754
17.050353,15.039216
16.555978,15.216752
16.237444,16.924689
15.543296,16.919721
8.743331,21.066473
9.263709,21.067926
8.977054,21.668128
7.819483,21.359863
9.012135,20.614492
8.342114,21.421887
8.071404,22.021229
16.797897,14.227619
16.504242,14.574639
17.593401,14.308113
17.124831,14.536201
17.092330,13.880442
19.083979,13.626322
17.549142,14.833069
18.207709,14.784945
18.234326,13.579928
17.756201,13.797474
17.579882,15.525868
16.886522,15.578892
8.002071,20.507884
8.425807,20.341952
8.206793,20.950775
7.579077,20.673343
8.570877,20.689566
6.690406,22.474568
17.915540,12.791534
17.651855,13.161573
18.714937,12.806499
18.266653,13.072395
18.180122,12.421762
20.143866,12.003724
18.714238,13.333266
19.366419,13.231013
19.293224,12.027552
18.834792,12.284046
18.801758,14.021487
18.115708,14.131143
6.971822,21.709870
7.493290,21.757108
7.156901,22.335675
6.028233,21.933262
7.284751,21.286280
6.546066,22.036151
6.225326,22.612688
18.910530,11.268522
18.678130,11.659278
19.708127,11.217293
19.283593,11.519193
19.143691,10.878198
21.066199,10.299068
19.751239,11.742180
20.392610,11.586325
20.220490,10.393512
19.784844,10.686732
19.895351,12.420934
19.220899,12.586717
6.281287,21.098894
6.717413,20.968210
5.845933,21.228821
4.811519,22.950558
19.776576,9.668448
19.577119,10.077162
20.567281,9.551653
20.169086,9.887551
19.976531,9.260291
21.844774,8.524312
20.653214,10.071228
21.279695,9.862753
21.009708,8.688342
20.599784,9.016526
20.852891,10.735291
20.194149,10.956649
6.444539,21.557426
6.834823,21.329155
5.155289,22.212383
5.670796,22.302116
5.287967,22.850670
4.196281,22.356365
5.501575,21.815446
4.703738,22.501682
4.336878,23.049759
20.507472,8.002330
20.342396,8.426200
21.285834,7.820681
20.916830,8.188222
20.673019,7.579145
22.474133,6.691143
21.414372,8.331447
22.021401,8.071763
21.655454,6.923771
21.274052,7.284580
21.668183,8.976723
21.030096,9.251686
4.517477,21.545704
4.962718,21.451459
4.072777,21.638947
2.899782,23.269137
21.098418,6.281320
20.968802,6.717599
21.859172,6.036194
21.521659,6.432884
21.228390,5.845965
22.949936,4.812082
22.029187,6.534583
22.612827,6.225623
22.153311,5.111733
21.803211,5.502991
22.335396,7.156572
21.722236,7.483366
4.642617,22.016107
5.049965,21.820698
3.303766,22.562497
3.809867,22.694599
3.382948,23.209539
2.336168,22.626103
3.681284,22.195381
2.829902,22.813173
2.418992,23.329282
21.545130,4.517636
21.451855,4.963056
22.283059,4.210031
21.979707,4.633456
21.638008,4.072920
23.269001,2.900162
22.493596,4.693205
23.049583,4.336979
22.499711,3.264452
22.182818,3.683826
22.850348,5.287532
22.266241,5.663961
2.723138,21.845545
3.174248,21.788050
2.272031,21.901368
0.969088,23.429218
21.844886,2.723568
21.788275,3.174465
22.553748,2.355849
22.287452,2.802357
21.900522,2.272369
23.429051,0.969581
22.804425,2.819814
23.328352,2.418544
22.692281,1.396235
22.411749,1.839617
23.208868,3.382795
22.657792,3.805037
2.809265,22.324737
3.230829,22.162763
1.428695,22.757627
1.922730,22.931069
1.454172,23.409751
-0.000000,22.549595
0.909361,21.996022
0.549695,22.009746
1.836658,22.424212
1.363949,21.976438
0.673196,22.844854
1.086409,23.040140
0.483783,23.449328
0.000000,23.006921
0.502132,22.439038
1.048779,22.434838
21.995136,0.909630
21.975275,1.364339
22.744680,0.000000
22.009246,0.549643
22.870692,0.704334
23.044009,1.141354
22.451071,0.935167
23.448454,0.483111
23.005239,0.000000
22.485342,0.000000
22.398846,0.466058
22.894508,1.921498
