20.439984,0.000000
20.370019,1.687972
20.160592,3.364306
19.814141,5.017756
19.331804,6.636914
18.717633,8.210683
17.975648,9.728298
17.110963,11.179579
16.129784,12.554147
15.037269,13.843900
13.843586,15.037600
12.553802,16.130198
11.179302,17.111411
9.728184,17.976007
8.210453,18.717961
6.636735,19.332265
5.017586,19.814662
3.364248,20.161210
1.687893,20.370880
-0.000000,20.440897
-0.000000,21.979539
1.815170,21.903876
3.617747,21.679685
5.395575,21.306705
7.136660,20.788035
8.828871,20.127730
10.460686,19.329851
12.021654,18.400476
13.500085,17.344716
14.885807,16.170847
16.170664,14.885919
17.344493,13.500169
18.400174,12.021720
19.329550,10.460711
20.127434,8.828943
20.787692,7.136621
21.306275,5.395465
21.679103,3.617680
21.903207,1.814955
21.978579,0.000000
10.454034,17.544190
11.241303,18.865578
10.485151,18.420120
10.091388,17.760150
11.176695,17.933055
10.681515,17.967537
10.816765,17.327919
12.761067,17.873002
11.004534,18.419927
11.631671,18.633028
11.968508,17.495307
11.462786,17.512445
11.714492,17.973557
11.412253,18.280387
10.851024,19.097921
9.644939,19.729238
11.866937,16.621191
11.523473,16.866325
12.621306,16.952170
12.128545,17.026567
12.210527,16.375892
14.193186,16.758181
12.485814,17.450344
13.130851,17.608927
13.372173,16.447340
12.869041,16.507409
12.391415,18.136940
9.735590,18.879403
8.905760,19.252550
13.199080,15.584199
12.876834,15.857268
13.979095,15.852144
13.493721,15.966761
13.521573,15.311150
15.528521,15.528743
13.883963,16.359676
14.539782,16.464566
14.684981,15.286454
14.188497,15.388034
13.846605,17.051666
13.159332,16.944766
10.250388,18.876326
10.053079,19.529637
9.966741,18.417920
9.236842,19.928706
7.982806,20.458359
8.969529,18.347435
9.349004,18.161974
9.206144,18.809639
8.590365,18.532965
9.418382,19.284934
14.440822,14.441072
14.142574,14.739408
15.239155,14.643402
14.765499,14.797800
14.739267,14.142703
16.757887,14.193390
15.187723,15.157018
15.849902,15.207394
15.896826,14.021808
15.410483,14.163929
15.207184,15.850043
14.514424,15.799564
8.155759,19.650580
8.652668,19.678114
8.406232,20.293107
7.290878,19.916337
8.389479,19.189575
7.790074,20.004995
7.559628,20.623377
15.583950,13.199311
15.310971,13.521654
16.396967,13.334994
15.937391,13.527940
15.857107,12.876947
17.872675,12.761254
16.387276,13.851227
17.051514,13.846816
17.000695,12.661273
16.527683,12.842900
16.464348,14.539920
15.768739,14.547466
7.423778,19.025611
7.817166,18.871947
7.639453,19.502823
7.030572,19.179166
7.972594,19.245765
6.266047,21.047854
16.620815,11.867093
16.375672,12.210678
17.442206,11.935450
17.000054,12.165679
16.866163,11.523585
18.865223,11.241516
17.475274,12.450668
18.136734,12.391496
17.987884,11.213792
17.531594,11.434159
17.608666,13.130968
16.916589,13.195545
6.502947,20.249896
6.999147,20.321283
6.701696,20.918100
5.620767,20.451110
6.781381,19.814832
6.112747,20.578570
5.830717,21.177443
17.543775,10.454136
17.327736,10.816913
18.367728,10.454190
17.946331,10.720122
17.759989,10.091470
19.728887,9.645082
18.443528,10.964843
19.097706,10.851110
18.852330,9.690244
18.415774,9.947311
18.632791,11.631872
17.948563,11.753288
5.827319,19.573950
6.232088,19.453176
5.422733,19.694535
4.506513,21.493685
18.347133,8.969655
18.161737,9.349032
19.168401,8.901817
18.770301,9.201588
18.532644,8.590413
20.457985,7.982996
19.285724,9.404482
19.928465,9.236983
19.588153,8.100430
19.174319,8.392679
19.529346,10.053152
18.857237,10.231020
5.998940,20.067377
6.357989,19.841326
4.808655,20.718682
5.297010,20.830503
4.951386,21.400381
3.912618,20.845593
5.121482,20.307595
4.392286,21.013401
4.062046,21.586845
19.025217,7.423932
18.871761,7.817352
19.838150,7.288552
19.466139,7.620139
19.178787,7.030677
21.047416,6.266224
19.996465,7.779856
20.623131,7.559746
20.190261,6.455216
19.801963,6.780626
20.292842,8.406210
19.637794,8.638943
4.191019,19.988437
4.604318,19.901595
3.777844,20.075026
2.716211,21.792239
19.573476,5.827414
19.452966,6.232211
20.372482,5.625444
20.029074,5.986587
19.694059,5.422820
21.493111,4.506622
20.570668,6.102015
21.177119,5.830787
20.654581,4.765916
20.294510,5.122281
20.917697,6.701644
20.284107,6.987711
4.321571,20.494457
4.697629,20.298601
3.081662,21.045427
3.558981,21.197116
3.167291,21.736262
2.178419,21.097253
3.426920,20.661152
2.642356,21.304347
2.265644,21.848365
19.987851,4.191125
19.901257,4.604467
20.767641,3.923643
20.455218,4.312076
20.074341,3.777937
21.791673,2.716254
21.004404,4.382412
21.586348,4.062049
20.977273,3.043627
20.647936,3.428808
21.399885,4.951276
20.792095,5.288852
2.526178,20.266511
2.945153,20.213876
2.107207,20.318745
0.907532,21.942118
20.265810,2.526330
20.213403,2.945260
21.020175,2.195487
20.741300,2.608064
20.317974,2.107332
21.941446,0.907624
21.294454,2.632893
21.847587,2.265509
21.157298,1.301642
20.860853,1.712193
21.735585,3.167224
21.157856,3.553235
2.615070,20.781458
3.005525,20.616867
1.332805,21.226971
1.796204,21.417902
1.361412,21.923411
0.000000,20.998342
0.843866,20.406086
0.510394,20.419555
1.709767,20.873945
1.265816,20.388480
0.628492,21.315297
1.014551,21.526673
0.453615,21.960963
-0.000000,21.488472
0.466216,20.880086
0.976093,20.878386
20.405249,0.843945
20.387592,1.265934
21.208073,0.000000
20.418806,0.510388
21.342698,0.657187
21.531449,1.065920
20.895265,0.870273
21.960127,0.453455
21.487417,0.000000
20.929044,0.000000
20.836828,0.432423
21.378723,1.794558
