23.909798,-0.000000
23.825530,1.974417
23.580549,3.934695
23.174898,5.869094
22.610606,7.762993
21.892331,9.603761
21.024408,11.378743
20.012820,13.076095
18.865070,14.683852
17.587359,16.192325
16.191208,17.588416
14.682289,18.866534
13.074855,20.014308
11.378722,21.025046
9.602775,21.892636
7.762322,22.611344
5.868379,23.175411
3.934871,23.580953
1.974251,23.826888
-0.000000,23.911130
0.000000,25.239167
2.085471,25.151444
4.154870,24.894325
6.196194,24.466128
8.195507,23.870693
10.138328,23.112543
12.012580,22.196440
13.804824,21.129090
15.502306,19.916557
17.093438,18.568696
18.568671,17.093096
19.916439,15.501981
21.128698,13.804470
22.196117,12.012048
23.112344,10.138359
23.870524,8.195070
24.466027,6.195499
24.893865,4.154902
25.151481,2.084299
25.237714,0.000000
12.229104,20.523542
12.909848,21.666247
12.148208,21.341115
11.806371,20.774603
12.959214,20.792813
12.419389,20.891474
12.652446,20.270057
14.655200,20.526214
12.710808,21.275614
13.359106,21.397589
13.865943,20.268984
13.323356,20.354666
13.531097,20.760176
13.168142,21.090815
12.461189,21.933239
11.076833,22.658117
13.881686,19.443556
13.481456,19.728991
14.633718,19.654514
14.101141,19.796868
14.283008,19.156793
16.299934,19.245939
14.421772,20.155281
15.081155,20.221821
15.492536,19.054558
14.957364,19.186084
14.230158,20.829605
11.273578,21.860951
10.316373,22.300576
15.439886,18.230053
15.064627,18.548616
16.207368,18.379028
15.688187,18.564372
15.817192,17.911392
17.833485,17.833835
16.036761,18.895692
16.699202,18.907615
17.013433,17.710026
16.491040,17.885217
15.900667,19.583416
15.199190,19.571783
11.835933,21.796842
11.547154,22.427902
11.582718,21.404361
10.606795,22.887292
9.167498,23.495476
10.492457,21.462472
10.936393,21.246085
10.698819,21.859362
10.050908,21.679650
10.877970,22.273440
16.892485,16.893058
16.545074,17.241065
17.668454,16.977905
17.167038,17.205344
17.241441,16.544594
19.245168,16.300398
17.542437,17.506466
18.203734,17.463892
18.417305,16.244903
17.911330,16.462481
17.463462,18.203681
16.764402,18.249113
9.439959,22.744921
9.989072,22.717702
9.656373,23.304332
8.445953,23.070555
9.748895,22.300483
8.997230,23.103348
8.680379,23.684746
18.229677,15.440503
17.911682,15.816503
19.010673,15.460879
18.529538,15.728951
18.549060,15.064078
20.525465,14.655738
18.927933,15.998254
19.583637,15.901286
19.696184,14.668605
19.209759,14.926964
18.907382,16.699296
18.213144,16.802992
8.684200,22.256048
9.143524,22.075732
8.878119,22.663983
8.226049,22.435521
9.278205,22.396723
7.195500,24.172355
19.442556,13.881932
19.157048,14.283017
20.222548,13.838323
19.764973,14.145033
19.729660,13.481195
21.665407,12.910695
20.184491,14.380662
20.829762,14.229978
20.839981,12.991893
20.376660,13.289656
20.221549,15.081328
19.538838,15.241507
7.527695,23.440557
8.079926,23.461438
7.698675,24.022486
6.511143,23.689766
7.880350,23.027286
7.060293,23.765927
6.694893,24.320724
20.522416,12.229094
20.270763,12.652704
21.295813,12.121212
20.865413,12.464444
20.775418,11.806160
22.657481,11.077241
21.302988,12.664622
21.933471,12.461120
21.841608,11.226874
21.404557,11.561596
21.397763,13.359983
20.730873,13.575806
6.816765,22.897393
7.289680,22.755158
6.345145,23.038375
5.174577,24.684271
21.462346,10.492642
21.246333,10.935805
22.224178,10.321372
21.823623,10.698973
21.679209,10.050396
23.494913,9.168440
22.275843,10.862409
22.887529,10.607294
22.694108,9.385010
22.286190,9.754624
22.427798,11.547081
21.780665,11.817758
6.971841,23.320416
7.398601,23.088491
5.566287,23.983067
6.114569,24.048996
5.688587,24.576434
4.532482,24.146792
5.951316,23.599586
5.073319,24.267928
4.663885,24.790732
22.255554,8.684508
22.076765,9.144101
23.000565,8.450959
22.632761,8.860215
22.435111,8.226044
24.171814,7.196809
23.096816,8.985978
23.685218,8.680971
23.391579,7.478995
23.015665,7.880831
23.304707,9.655695
22.682290,9.978822
4.902580,23.382311
5.385350,23.279520
4.420755,23.483459
3.118261,25.026709
22.896851,6.816650
22.756522,7.289923
23.620178,6.522749
23.287156,6.960791
23.037871,6.345081
24.683538,5.175610
23.759869,7.047905
24.321220,6.695413
23.929255,5.521565
23.588153,5.953417
24.022359,7.698003
23.428851,8.071581
5.022541,23.816514
5.466545,23.620596
3.567131,24.360910
4.107752,24.472168
3.639688,24.962604
2.523224,24.437986
3.982268,24.010678
3.052448,24.603802
2.601414,25.091571
23.381742,4.902732
23.280641,5.385831
24.078114,4.549278
23.782997,5.013617
23.482184,4.420936
25.027021,3.119100
24.260774,5.062012
24.790846,4.664043
24.303764,3.526138
23.998766,3.985519
24.576329,5.687793
24.015643,6.109115
2.955480,23.707803
3.444361,23.644741
2.466538,23.767943
1.042306,25.198786
23.707224,2.956130
23.645714,3.444633
24.370499,2.545842
24.116318,3.032229
23.767130,2.467030
25.199351,1.043267
24.596262,3.041643
25.090548,2.600649
24.511308,1.508342
24.246677,1.990400
24.962040,3.639434
24.437816,4.103931
3.039125,24.150645
3.497249,23.990778
1.542554,24.571992
2.072930,24.727235
1.564553,25.178310
0.000000,24.385554
0.986788,23.871019
0.596303,23.885276
1.986879,24.258401
1.479641,23.849390
0.726172,24.658408
1.171732,24.836938
0.519583,25.220445
0.000000,24.809198
0.544579,24.282759
1.134700,24.275903
23.870284,0.987236
23.848119,1.480294
24.565898,0.000000
23.885202,0.596218
24.682852,0.760213
24.840094,1.231001
24.291746,1.011802
25.219706,0.518356
24.807193,0.000000
24.326547,0.000000
24.245910,0.505777
24.693441,2.072168
