22.090032,-0.000000
22.013025,1.824188
21.786730,3.635521
21.412119,5.422554
20.890823,7.172342
20.227162,8.873067
19.425286,10.513031
18.490718,12.081291
17.430310,13.566731
16.249727,14.960487
14.959773,16.250418
13.565782,17.431251
12.080543,18.491693
10.512967,19.425775
8.872458,20.227423
7.171917,20.891395
5.422113,21.412615
3.635555,21.787234
1.824027,22.014190
0.000000,22.091242
-0.000000,23.522324
1.943148,23.440761
3.872003,23.200982
5.774499,22.801870
7.637788,22.246886
9.448573,21.540296
11.195144,20.686485
12.865534,19.691815
14.447624,18.561820
15.930548,17.305602
17.305494,15.930441
18.561651,14.447502
19.691449,12.865401
20.686191,11.194895
21.540108,9.448631
22.246697,7.637526
22.801657,5.774065
23.200512,3.871917
23.440415,1.942385
23.520970,-0.000000
11.298060,18.960900
12.030957,20.191061
11.273993,19.805631
10.906831,19.193535
12.022358,19.289806
11.506584,19.355755
11.689658,18.726873
13.657480,19.128685
11.813248,19.773436
12.449175,19.941419
12.868477,18.810902
12.346005,18.861672
12.575464,19.294289
12.244240,19.612059
11.613115,20.439763
10.322600,21.115415
12.824908,17.963218
12.454417,18.227525
13.576001,18.234168
13.065018,18.341799
13.195993,17.698163
15.190208,17.935547
13.403385,18.732360
14.053847,18.845527
14.377889,17.683932
13.860349,17.778945
13.261677,19.411249
10.464990,20.293424
9.574812,20.698203
14.264531,16.842235
13.917039,17.136993
15.036185,17.050883
14.535492,17.199958
14.613164,16.547493
16.619350,16.619662
14.904290,17.561628
15.561729,17.620774
15.789385,16.435950
15.281484,16.573426
14.818724,18.249781
14.126072,18.189813
11.001764,20.260434
10.760159,20.901331
10.733797,19.835594
9.885226,21.328903
8.543428,21.895750
9.693662,19.828635
10.103880,19.628423
9.914677,20.257369
9.284824,20.029221
10.110143,20.701386
15.606540,15.606935
15.284898,15.928933
16.391608,15.750894
15.905600,15.940761
15.929069,15.284728
17.935006,15.190557
16.303750,16.270550
16.963869,16.275315
17.092314,15.076226
16.597614,15.255021
16.275001,16.963866
15.580751,16.960499
8.764710,21.117986
9.285955,21.118525
8.997863,21.718250
7.838713,21.412373
9.034767,20.666284
8.362209,21.473466
8.090060,22.072186
16.841948,14.264936
16.547545,14.612849
17.636914,14.343505
17.167987,14.572846
17.137151,13.916858
19.128135,13.657857
17.591436,14.868811
18.249858,14.819142
18.279200,13.613346
17.800853,13.832171
17.620548,15.561811
16.927215,15.616440
8.023057,20.561672
8.447891,20.395295
8.227415,21.003404
7.598982,20.727562
8.592614,20.742026
6.705877,22.526577
17.962522,12.825081
17.698165,13.196078
18.761224,12.838178
18.312685,13.105349
18.227799,12.454357
20.190475,12.031507
18.759339,13.365395
19.411246,13.261615
19.340704,12.057154
18.882158,12.314937
18.845251,14.053951
18.159361,14.165202
6.988882,21.762987
7.511281,21.809381
7.173496,22.387349
6.043055,21.987178
7.303047,21.339763
6.561840,22.089211
6.239711,22.665009
18.960124,11.298075
18.727131,11.689845
19.756873,11.245045
19.332191,11.548233
19.193898,10.906748
21.114945,10.322906
19.798840,11.770476
20.439812,11.613123
20.270254,10.419093
19.834602,10.713607
19.941374,12.449699
19.267216,12.617056
6.297761,21.154230
6.735022,21.023188
5.861291,21.284497
4.822639,23.003667
19.828443,9.693805
19.628476,10.103582
20.618152,9.575286
20.219919,9.912481
20.028921,9.284600
21.895324,8.544043
20.702990,10.095498
21.328948,9.885562
21.061414,8.709727
20.651591,9.039200
20.901136,10.760158
20.242814,10.983063
6.460736,21.611584
6.852148,21.383216
5.167901,22.266727
5.684406,22.355694
5.300238,22.903537
4.206601,22.411323
5.515390,21.870253
4.715075,22.555860
4.346895,23.103088
20.561256,8.023318
20.395759,8.448290
21.338481,7.840032
20.969549,8.208867
20.727236,7.599047
22.526138,6.706633
21.465982,8.351525
22.072369,8.090426
21.708748,6.940815
21.327555,7.302896
21.718315,8.997521
21.080776,9.273990
4.529324,21.602213
4.975723,21.507702
4.083482,21.695697
2.906474,23.322975
21.153752,6.297790
21.023805,6.735209
21.913239,6.051132
21.575901,6.449103
21.284064,5.861321
23.003041,4.823217
22.082276,6.550329
22.665161,6.240015
22.207827,5.124312
21.858045,5.516828
22.387073,7.173156
21.774585,7.501409
4.654288,22.071414
5.062767,21.876006
3.311848,22.617691
3.819003,22.749118
3.390811,23.263242
2.341909,22.681718
3.690530,22.251145
2.836729,22.868098
2.424581,23.383266
21.601638,4.529484
21.508122,4.976065
22.338171,4.220446
22.035110,4.645136
21.694749,4.083626
23.322854,2.906868
22.547804,4.704518
23.102923,4.346999
22.555090,3.272485
22.238604,3.693094
22.903220,5.299791
22.319903,5.677616
2.730286,21.902843
3.182561,21.845174
2.278014,21.958797
0.971331,23.483425
21.902186,2.730724
21.845424,3.182780
22.609524,2.361682
22.343641,2.809418
21.957951,2.278357
23.483280,0.971839
22.859391,2.826618
23.382332,2.424123
22.748118,1.399676
22.468119,1.844248
23.262574,3.390655
22.712393,3.814204
2.816325,22.380829
3.239016,22.218935
1.432186,22.813313
1.927337,22.986158
1.457553,23.463930
0.000000,22.605986
0.911741,22.053712
0.551125,22.067450
1.841272,22.480558
1.367510,22.034062
0.674822,22.900507
1.089025,23.095244
0.484881,23.503582
-0.000000,23.062200
0.503437,22.495687
1.051420,22.491401
22.052829,0.912016
22.032894,1.367908
22.800581,0.000000
22.066962,0.551072
22.926297,0.706049
23.099087,1.144102
22.507619,0.937524
23.502711,0.484191
23.060503,0.000000
22.541906,0.000000
22.455603,0.467279
22.949688,1.926119
