26.586192,0.000000
26.491867,2.195445
26.219418,4.374885
25.768205,6.526064
25.140695,8.631989
24.342073,10.678749
23.376992,12.652380
22.252131,14.539663
20.975907,16.327347
19.555318,18.004553
18.002933,19.556822
16.324982,20.978021
14.537779,22.254222
12.652423,23.377773
10.677220,24.342476
8.630928,25.141623
6.524903,25.768741
4.375197,26.219741
2.195318,26.493478
0.000000,26.587646
0.000000,27.787691
2.296614,27.691328
4.574606,27.408399
6.822109,26.937005
9.023392,26.281486
11.162321,25.446763
13.226109,24.438131
15.199353,23.262835
17.068127,21.927826
18.819906,20.443924
20.444043,18.819220
21.927791,17.067542
23.262482,15.198682
24.437768,13.225243
25.446469,11.162393
26.281264,9.022869
26.936981,6.821223
27.407809,4.575000
27.691795,2.295086
27.786346,0.000000
13.598780,22.822162
14.214679,23.856183
13.440293,23.610641
13.129711,23.100424
14.343418,23.013406
13.766183,23.157177
14.068607,22.540285
16.136430,22.600844
14.039408,23.499182
14.710065,23.559294
15.340334,22.424185
14.765715,22.557929
14.945786,22.930146
14.536494,23.280970
13.720030,24.150469
12.196584,24.948244
15.436325,21.621191
14.992430,21.937684
16.196531,21.753120
15.629953,21.943662
15.881933,21.302622
17.947431,21.191225
15.929227,22.261580
16.606281,22.264946
17.140044,21.080570
16.576342,21.262750
15.667746,22.935330
12.469035,24.178535
11.412528,24.669330
17.168968,20.271713
16.752934,20.625119
17.937851,20.341428
17.389050,20.577500
17.588164,19.917897
19.635974,19.636274
17.713097,20.870434
18.387873,20.817926
18.822672,19.593274
18.276117,19.821121
17.506812,21.563426
16.787880,21.617575
13.071107,24.071501
12.715539,24.694091
12.835730,23.719543
11.677904,25.200869
10.094146,25.870270
11.667613,23.865905
12.160799,23.625902
11.856166,24.223472
11.177937,24.107446
12.014626,24.600472
18.784255,18.785059
18.398954,19.171204
19.555076,18.790814
19.028288,19.071179
19.171820,18.398063
21.190193,17.947990
19.375997,19.335915
20.044368,19.228328
20.375748,17.972349
19.850106,18.244439
19.227718,20.044399
18.516695,20.156695
10.438574,25.150631
11.030246,25.085690
10.633958,25.658880
9.343608,25.521707
10.802894,24.712367
9.937253,25.516075
9.556655,26.078776
20.271175,17.169910
19.918496,17.587035
21.040461,17.111842
20.538507,17.434750
20.625880,16.751823
22.599896,16.137116
20.906270,17.670132
21.563712,17.507680
21.790606,16.228441
21.289009,16.542677
20.817692,18.388087
20.116843,18.559504
9.656956,24.748554
10.166658,24.547870
9.838499,25.114675
9.148593,24.947946
10.289228,24.837117
7.922533,26.615563
21.619838,15.436731
21.303232,15.881839
22.381724,15.316051
21.907816,15.679094
21.938793,14.991878
23.855004,14.215864
22.294054,15.883541
22.935615,15.667470
23.056006,14.373579
22.582221,14.728187
22.264693,16.606658
21.581012,16.834827
8.324491,25.921082
8.922025,25.907608
8.478396,26.449784
7.203084,26.206584
8.732380,25.517800
7.798138,26.247994
7.370596,26.778820
22.820664,13.598789
22.541574,14.068994
23.569629,13.415753
23.127631,13.816307
23.101718,13.129391
24.947417,12.197058
23.529446,13.988204
24.150829,13.719905
24.164143,12.420894
23.721425,12.813089
23.559804,14.711454
22.897659,14.995109
7.580397,25.461660
8.105403,25.303150
7.057023,25.618411
5.697219,27.179228
23.865925,11.667881
23.626307,12.159892
24.597087,11.423704
24.189819,11.859441
24.106669,11.177049
25.869534,10.095387
24.603995,11.997648
25.201255,11.678615
25.107335,10.383187
24.698456,10.810479
24.694134,12.715426
24.057235,13.053388
7.726217,25.842261
8.204452,25.603618
6.155473,26.520932
6.751616,26.556312
6.265200,27.059806
5.014219,26.712236
6.594697,26.151870
5.603577,26.802378
5.134423,27.296240
24.748007,9.657268
24.549632,10.167462
25.456329,9.353566
25.086746,9.821318
24.947314,9.148495
26.614850,7.924534
25.510785,9.925143
26.079517,9.557559
25.878910,8.274502
25.506924,8.733805
25.659733,10.632904
25.053077,11.022223
5.451789,26.000908
5.987792,25.886172
4.917048,26.113371
3.432746,27.556116
25.461055,7.580014
25.305476,8.105757
26.142240,7.219572
25.812007,7.715798
25.617736,7.056871
27.178335,5.698805
26.243074,7.784484
26.779670,7.371374
26.473688,6.108835
26.141357,6.597762
26.449992,8.477265
25.877754,8.915667
5.566071,26.391919
6.061990,26.193746
3.944678,26.938595
4.535398,27.023524
4.009336,27.485214
2.791354,27.034259
4.412864,26.607479
3.371745,27.173308
2.863882,27.627652
26.000384,5.451883
25.888182,5.988414
26.648928,5.035137
26.361885,5.557353
26.111594,4.917327
27.556902,3.434281
26.796402,5.591182
27.296667,5.134548
26.888404,3.901072
26.596312,4.417076
27.060082,6.263942
26.525949,6.747897
3.286822,26.363000
3.829318,26.292209
2.743987,26.429379
1.147645,27.745378
26.362489,3.287705
26.294095,3.829649
26.972536,2.817961
26.731647,3.361083
26.428662,2.744636
27.746901,1.149224
27.167195,3.359944
27.626515,2.862657
27.117477,1.669015
26.871271,2.206141
27.484925,4.008853
26.992041,4.532939
3.368022,26.762461
3.878097,26.604148
1.706010,27.172443
2.288532,27.305309
1.723477,27.723214
0.000000,27.012907
1.097399,26.544295
0.663097,26.559668
2.201899,26.882151
1.644404,26.520101
0.802092,27.258456
1.294213,27.416451
0.571011,27.769320
-0.000000,27.395988
0.605212,26.919166
1.257488,26.908846
26.543823,1.098050
26.518757,1.645422
27.175655,0.000000
26.560121,0.662984
27.281294,0.840275
27.418829,1.359764
26.924397,1.121234
27.768770,0.569052
27.393795,0.000000
26.960070,0.000000
26.886416,0.562485
27.274809,2.288429
