28.457249,-0.000000
28.356182,2.350056
28.064568,4.682743
27.581556,6.985476
26.909866,9.239667
26.055062,11.430443
25.022050,13.542971
23.817993,15.563064
22.451936,17.476548
20.931453,19.271716
19.269820,20.933186
17.473699,22.454416
15.560804,23.820392
13.543071,25.022863
11.428539,26.055521
9.238319,26.910877
6.983976,27.582089
4.683084,28.064857
2.349962,28.357945
0.000000,28.458762
-0.000000,29.582625
2.445249,29.480420
4.870123,29.179262
7.262891,28.677437
9.606456,27.979583
11.883556,27.090917
14.080846,26.017085
16.181630,24.765730
18.171039,23.344479
20.035976,21.764766
21.765009,20.035043
23.344516,18.170301
24.765457,16.180745
26.016713,14.079798
27.090541,11.883719
27.979310,9.605976
28.677447,7.261991
29.178538,4.870869
29.481125,2.443613
29.581490,-0.000000
14.556529,24.429304
15.133780,25.398623
14.347110,25.203510
14.055031,24.726671
15.314644,24.571403
14.710103,24.745015
15.058704,24.127730
17.179778,24.062047
14.972991,25.061641
15.661679,25.081844
16.375181,23.936855
15.776811,24.102334
15.939942,24.455006
15.498424,24.820680
14.606597,25.712212
12.985321,26.561231
16.523390,23.143800
16.048972,23.481999
17.293082,23.225588
16.701485,23.448203
16.999821,22.803060
19.107871,22.561347
16.988494,23.741649
17.680512,23.703982
18.296342,22.502595
17.711248,22.718465
16.680206,24.418540
13.308235,25.805533
12.181900,26.332045
18.378009,21.699304
17.933464,22.076985
19.152068,21.718342
18.581185,21.988402
18.826307,21.320933
20.905584,20.905780
18.891035,22.258051
19.577295,22.163397
20.092500,20.915062
19.527457,21.178138
18.638065,22.958107
17.904348,23.055185
13.939278,25.670096
13.538510,26.290237
13.714196,25.342471
12.432286,26.830476
10.746946,27.542891
12.489359,25.546382
13.016758,25.289976
12.667519,25.880621
11.966000,25.804927
12.813375,26.235646
20.107063,20.107964
19.695248,20.520728
20.878861,20.062801
20.332807,20.378853
20.521438,19.694103
22.560181,19.108456
20.664421,20.621440
21.340801,20.471052
21.750294,19.184792
21.209181,19.493554
20.470318,21.340964
19.748119,21.497179
11.139759,26.839647
11.762086,26.750095
11.322476,27.317258
9.973686,27.242197
11.541801,26.403162
10.597818,27.211511
10.173811,27.765052
21.698670,18.379159
21.321717,18.824943
22.464676,18.270225
21.946562,18.630273
22.077905,17.931971
24.061038,17.180508
22.296423,18.844947
22.958374,18.639065
23.260599,17.323255
22.746553,17.675275
22.163179,19.577633
21.454663,19.793836
10.337227,26.491322
10.881929,26.276476
10.511744,26.832576
9.793677,26.704601
10.997532,26.546903
8.434715,28.336394
23.142275,16.523908
22.803906,16.999673
23.896740,16.352867
23.409690,16.754275
23.483334,16.048234
25.397249,15.135147
23.776415,16.939613
24.418857,16.679903
24.611334,15.343356
24.128303,15.736600
23.703753,17.681069
23.016138,17.954489
8.883944,27.662587
9.513962,27.626907
9.027597,28.159363
7.688756,27.973173
9.329684,27.263686
8.316619,27.992154
7.846514,28.510214
24.427667,14.556547
24.129374,15.059194
25.165066,14.324039
24.713161,14.763787
24.728183,14.054682
26.560335,12.985789
25.093940,14.918287
25.712596,14.606464
25.794225,13.258952
25.345517,13.690392
25.082611,15.663398
24.420357,15.992488
8.114438,27.254598
8.675633,27.084806
7.554804,27.422358
6.065443,28.936535
25.546574,12.489681
25.290428,13.015687
26.262041,12.197121
25.848222,12.672787
25.803869,11.964876
27.542090,10.748283
26.239952,12.795384
26.830896,12.433123
26.801080,11.083793
26.389423,11.550649
26.290393,13.538398
25.657066,13.921686
8.255066,27.610005
8.769002,27.365835
6.569183,28.302697
7.199430,28.318622
6.671355,28.808880
5.352348,28.512964
7.045739,27.941086
5.976159,28.583377
5.465828,29.061030
26.490808,10.337504
26.278705,10.882882
27.179434,9.986829
26.806668,10.494962
26.703781,9.793520
28.335589,8.437124
27.207037,10.585098
27.765913,10.174915
27.624666,8.832846
27.253267,9.331782
27.318476,11.321243
26.719109,11.755446
5.835889,27.831833
6.408932,27.708862
5.264116,27.952208
3.654296,29.337765
27.254002,8.113842
27.087754,8.676074
27.911861,7.708470
27.581587,8.244987
27.421560,7.554631
28.935564,6.067353
27.987985,8.302099
28.511257,7.847421
28.259545,6.521071
27.931107,7.049470
28.159885,9.026174
27.598685,9.508839
5.947101,28.197229
6.479137,27.996631
4.209761,28.748364
4.836017,28.816779
4.269784,29.261899
2.979585,28.856664
4.714753,28.427869
3.596090,28.978989
3.048733,29.413918
27.831396,5.835910
27.711444,6.409607
28.452756,5.376020
28.169315,5.938483
27.950101,5.264479
29.338805,3.656352
28.578169,5.963007
29.061637,5.465858
28.702441,4.164216
28.417143,4.719608
28.809480,6.669806
28.290033,7.196793
3.518545,28.219542
4.098381,28.143445
2.938019,28.290302
1.221821,29.539111
28.219070,3.519555
28.145908,4.098750
28.798333,3.008875
28.564545,3.591650
28.289690,2.938747
29.541233,1.223792
28.973732,3.583612
29.412730,3.047163
28.946654,1.781835
28.710981,2.357416
29.261894,4.269072
28.786983,4.834479
3.598617,28.593269
4.144925,28.435239
1.820898,28.998159
2.440084,29.117356
1.835478,29.515595
0.000000,28.855307
1.174852,28.413433
0.709966,28.429784
2.352716,28.721383
1.759456,28.387613
0.855400,29.084311
1.380285,29.229846
0.607221,29.564671
0.000000,29.214182
0.647655,28.766760
1.343496,28.754154
28.413162,1.175604
28.386258,1.760748
29.007626,0.000000
28.430553,0.709826
29.106228,0.896466
29.231790,1.450271
28.769627,1.197846
29.564248,0.604777
29.211974,0.000000
28.806061,0.000000
28.736502,0.602160
29.088811,2.440450
