26.578271,-0.000000
26.483976,2.194791
26.211608,4.373581
25.760529,6.524119
25.133207,8.629416
24.334823,10.675567
23.370029,12.648610
22.245503,14.535330
20.969659,16.322482
19.549493,17.999188
17.997570,19.550995
16.320119,20.971771
14.533448,22.247591
12.648653,23.370808
10.674039,24.335224
8.628357,25.134132
6.522959,25.761063
4.373893,26.211929
2.194663,26.485584
-0.000000,26.579724
-0.000000,27.780112
2.295986,27.683774
4.573358,27.400922
6.820248,26.929656
9.020931,26.274317
11.159276,25.439822
13.222501,24.431465
15.195206,23.256489
17.063472,21.921844
18.814772,20.438347
20.438467,18.814087
21.921810,17.062887
23.256138,15.194536
24.431103,13.221635
25.439529,11.159348
26.274097,9.020407
26.929634,6.819362
27.400335,4.573750
27.684242,2.294459
27.778769,0.000000
13.594726,22.815358
14.210799,23.849671
13.436460,23.603907
13.125794,23.093539
14.339312,23.006818
13.762191,23.150460
14.064416,22.533564
16.132025,22.594674
14.035464,23.492579
14.706048,23.552865
15.335960,22.417789
14.761439,22.551396
14.941585,22.923702
14.532430,23.274464
13.716287,24.143875
12.193254,24.941434
15.431724,21.614745
14.987957,21.931145
16.191895,21.746894
15.625421,21.937298
15.877201,21.296270
17.942532,21.185441
15.924751,22.255326
16.601746,22.258870
17.135156,21.074558
16.571543,21.256593
15.663471,22.929067
12.465488,24.171657
11.409276,24.662301
17.163850,20.265669
16.747937,20.618972
17.932718,20.335606
17.384009,20.571532
17.582923,19.911957
19.630615,19.630914
17.708120,20.864570
18.382852,20.812245
18.817304,19.587685
18.270825,19.815381
17.502037,21.557538
16.783163,21.611500
13.067439,24.064746
12.712065,24.687352
12.832015,23.712679
11.674719,25.193988
10.091390,25.863207
11.664135,23.858790
12.157175,23.618857
11.852735,24.216463
11.174601,24.100259
12.011251,24.593562
18.778655,18.779458
18.393467,19.165491
19.549480,18.785436
19.022771,19.065647
19.166107,18.392576
21.184410,17.943090
19.370553,19.330483
20.038895,19.223081
20.369938,17.967223
19.844358,18.239156
19.222472,20.038924
18.511492,20.151030
10.435610,25.143491
11.027154,25.078657
10.631051,25.651878
9.340944,25.514433
10.799769,24.705215
9.934462,25.508910
9.554050,26.071656
20.265133,17.164790
19.912556,17.581794
21.034440,17.106944
20.532552,17.429693
20.619734,16.746827
22.593728,16.132711
20.900397,17.665167
21.557824,17.502903
21.784392,16.223813
21.282845,16.537887
20.812013,18.383065
20.111191,18.554288
9.654077,24.741175
10.163630,24.540551
9.835651,25.107408
9.145862,24.940509
10.286232,24.829883
7.920371,26.608297
21.613394,15.432129
21.296880,15.877106
22.375320,15.311667
21.901464,15.674546
21.932255,14.987406
23.848494,14.211983
22.287791,15.879078
22.929353,15.663196
23.049432,14.369479
22.575682,14.723922
22.258618,16.602122
21.574949,16.830096
8.322126,25.913720
8.919524,25.900343
8.476078,26.442566
7.201031,26.199115
8.729854,25.510415
7.795947,26.240623
7.368587,26.771510
22.813862,13.594734
22.534853,14.064802
23.562884,13.411913
23.120925,13.812299
23.094833,13.125474
24.940609,12.193728
23.522836,13.984274
24.144236,13.716162
24.157253,12.417351
23.714557,12.809378
23.553375,14.707435
22.891225,14.990894
7.578137,25.454069
8.102988,25.295607
7.054916,25.610774
5.695665,27.171808
23.858811,11.664402
23.619263,12.156269
24.590048,11.420433
24.182805,11.856001
24.099485,11.173714
25.862474,10.092630
24.597083,11.994277
25.194376,11.675430
25.100176,10.380226
24.691305,10.807348
24.687395,12.711951
24.050476,13.049719
7.723980,25.834783
8.202064,25.596162
6.153725,26.513400
6.749724,26.548865
6.263486,27.052420
5.012790,26.704623
6.592789,26.144302
5.602002,26.794852
5.133024,27.288789
24.740630,9.654388
24.542313,10.164433
25.449045,9.350888
25.079472,9.818469
24.939879,9.145764
26.607587,7.922370
25.503618,9.922354
26.072399,9.554952
25.871531,8.272141
25.499539,8.731276
25.652731,10.629998
25.046038,11.019125
5.450163,25.993156
5.986009,25.878455
4.915579,26.105586
3.431811,27.548594
25.453466,7.577755
25.297932,8.103342
26.134759,7.217505
25.804523,7.713560
25.610101,7.054764
27.170917,5.697249
26.235702,7.782296
26.772361,7.369364
26.466139,6.107092
26.133789,6.595852
26.442774,8.474948
25.870483,8.913161
5.564459,26.384283
6.060225,26.186119
3.943558,26.930945
4.534128,27.015946
4.008237,27.477712
2.790558,27.026554
4.411587,26.599779
3.370797,27.165677
2.863101,27.620110
25.992634,5.450257
25.880465,5.986631
26.641303,5.033696
26.354241,5.555741
26.103812,4.915857
27.549380,3.433343
26.788874,5.589610
27.289217,5.133149
26.880736,3.899959
26.588612,4.415797
27.052698,6.262229
26.518496,6.746000
3.285841,26.355140
3.828179,26.284371
2.743166,26.421501
1.147331,27.737805
26.354630,3.286723
26.286256,3.828510
26.964818,2.817154
26.723896,3.360108
26.420785,2.743814
27.739327,1.148909
27.159563,3.358999
27.618975,2.861878
27.109745,1.668539
26.863491,2.205501
27.477424,4.007755
26.984457,4.531664
3.367047,26.754716
3.876969,26.596401
1.705524,27.164725
2.287891,27.297652
1.723004,27.715645
0.000000,27.005115
1.097071,26.536382
0.662899,26.551751
2.201261,26.874371
1.643916,26.512194
0.801867,27.250738
1.293850,27.408789
0.570858,27.761740
-0.000000,27.388305
0.605032,26.911350
1.257124,26.901040
26.535910,1.097722
26.510853,1.644934
27.167912,0.000000
26.552204,0.662786
27.273583,0.840037
27.411170,1.359382
26.916593,1.120910
27.761191,0.568902
27.386114,0.000000
26.952263,0.000000
26.878591,0.562317
27.267145,2.287786
