26.785522,-0.000000
26.690470,2.211912
26.415978,4.407677
25.961375,6.575002
25.329158,8.696721
24.524551,10.758824
23.552234,12.747252
22.418935,14.648682
21.133142,16.449768
19.701911,18.139541
18.137888,19.703442
16.447348,21.135298
14.646755,22.421064
12.747300,23.553021
10.757254,24.524961
8.695631,25.330096
6.573806,25.961911
4.407995,26.416296
2.211789,26.692098
0.000000,26.786984
-0.000000,27.978442
2.312412,27.881450
4.606015,27.596587
6.868954,27.121958
9.085357,26.461941
11.238967,25.621486
13.316943,24.605926
15.303738,23.422548
17.185333,22.078373
18.949136,20.584289
20.584421,18.948425
22.078345,17.184731
23.422202,15.303045
24.605561,13.316055
25.621184,11.239047
26.461714,9.084834
27.121938,6.868062
27.595983,4.606443
27.881945,2.310868
27.977115,0.000000
13.700805,22.993371
14.312350,24.020100
13.536776,23.780116
13.228283,23.273664
14.446762,23.179189
13.866659,23.326199
14.174084,22.709390
16.247304,22.756128
14.138699,23.665355
14.811191,23.721097
15.450436,22.585125
14.873334,22.722316
15.051515,23.092318
14.638784,23.444698
13.814249,24.316434
12.280401,25.119659
15.552127,21.783392
15.104980,22.102197
16.313210,21.909800
15.744011,22.103816
16.001023,21.462459
18.070749,21.336829
16.041883,22.418991
16.720439,22.417873
17.263069,21.231866
16.697140,21.417696
15.775343,23.092949
12.558317,24.351626
11.494385,24.846229
17.297763,20.423790
16.878693,20.779785
18.067049,20.487940
17.515945,20.727685
17.720066,20.067358
19.770894,19.771185
17.838375,21.018012
18.514273,20.960911
18.957776,19.733905
18.409307,19.965561
17.627032,21.711637
16.906617,21.770468
13.163432,24.241510
12.802996,24.863715
12.929229,23.892286
11.758073,25.374045
10.163515,26.048021
11.755150,24.044924
12.251988,23.803170
11.942524,24.399860
11.261887,24.288277
12.099575,24.774378
18.925168,18.925986
18.537045,19.314968
19.695933,18.926162
19.167146,19.210376
19.315597,18.536125
21.335781,18.071313
19.513025,19.472635
20.182140,19.360394
20.521993,18.101347
19.994764,18.377395
19.359771,20.182183
18.647657,20.299258
10.513166,25.330315
11.108072,25.262689
10.707129,25.835117
9.410643,25.704755
10.881540,24.892330
10.007506,25.696389
9.622242,26.257975
20.423241,17.298728
20.067977,17.718910
21.192005,17.235101
20.688387,17.562008
20.780566,16.877540
22.755171,16.247998
21.054118,17.795077
21.711922,17.627915
21.947006,16.344924
21.444148,16.663230
20.960678,18.514499
20.259121,18.690778
9.729420,24.934208
10.242859,24.732013
9.910157,25.297527
9.217312,25.135081
10.364634,25.019137
7.976959,26.798437
21.782018,15.552545
21.463095,16.000922
22.542930,15.426376
22.067682,15.793541
22.103334,15.104407
24.018898,14.313557
22.451709,15.995857
23.093239,15.775064
23.221486,14.476758
22.746784,14.835521
22.417623,16.720835
21.733639,16.953905
8.384007,26.106352
8.984972,26.090448
8.536760,26.631464
7.254756,26.394536
8.795955,25.703627
7.853280,26.433491
7.421172,26.962814
22.991853,13.700815
22.710719,14.174481
23.739392,13.512402
23.296402,13.917161
23.274986,13.227958
25.118822,12.280876
23.695836,14.087121
24.316799,13.814122
24.337577,12.510058
23.894292,12.906467
23.721633,14.812616
23.059599,15.101182
7.637284,25.652659
8.166153,25.492944
7.110051,25.810584
5.736346,27.365978
24.044959,11.755424
23.803582,12.251062
24.774247,11.506001
24.366347,11.946018
24.287472,11.260973
26.047276,10.164770
24.777985,12.082489
25.374438,11.758800
25.287541,10.457728
24.878441,10.889261
24.863769,12.802882
24.227379,13.145733
7.782506,26.030419
8.264554,25.791217
6.199484,26.710484
6.799237,26.743724
6.308362,27.245682
5.050194,26.903820
6.642703,26.342309
5.643203,26.991792
5.169642,27.483783
24.933662,9.729730
24.733826,10.243679
25.639676,9.420951
25.269823,9.893023
25.134431,9.217207
26.797713,7.979007
25.691188,9.995330
26.258731,9.623168
26.064650,8.333907
25.692803,8.797451
25.836008,10.706053
25.230262,11.100203
5.492703,26.195954
6.032659,26.080337
4.954020,26.309260
3.456288,27.745449
25.652053,7.636879
25.495338,8.166516
26.330537,7.271595
26.000370,7.772126
25.809896,7.109894
27.365074,5.737969
26.428652,7.839533
26.963686,7.421966
26.663694,6.152693
26.331857,6.645840
26.631702,8.535597
26.060777,8.978752
5.606627,26.584075
6.106400,26.385674
3.972879,27.131125
4.567366,27.214227
4.037011,27.674026
2.811380,27.228148
4.444995,26.801237
3.395605,27.365345
2.883526,27.817480
26.195437,5.492790
26.082410,6.033288
26.840865,5.071410
26.554278,5.597921
26.307447,4.954306
27.746265,3.457877
26.985899,5.630727
27.484231,5.169760
27.081409,3.929069
26.790120,4.449277
27.245992,6.307072
26.713561,6.795637
3.311505,26.560774
3.857985,26.489414
2.764656,26.627620
1.155528,27.935996
26.560267,3.312403
26.491364,3.858320
27.166809,2.838277
26.926754,3.385623
26.626912,2.765314
27.937586,1.157151
27.359328,3.383732
27.816336,2.882266
27.312092,1.681017
27.067091,2.222241
27.673764,4.036507
27.182935,4.565006
3.392565,26.957332
3.906503,26.799078
1.718228,27.366670
2.304648,27.498010
1.735377,27.913694
0.000000,27.208987
1.105646,26.743413
0.668084,26.758883
2.217948,27.077916
1.656666,26.719039
0.807762,27.452683
1.303368,27.609284
0.574859,27.960110
-0.000000,27.589342
0.609732,27.115839
1.266645,27.105272
26.742961,1.106310
26.717693,1.657713
27.370558,0.000000
26.759372,0.667969
27.475417,0.846253
27.611611,1.369390
27.120810,1.129392
27.959574,0.572848
27.587143,0.000000
27.156557,0.000000
27.083368,0.566711
27.467731,2.304594
