28.074546,0.000000
27.974844,2.318424
27.687146,4.619765
27.210636,6.891499
26.547981,9.115361
25.704668,11.276679
24.685552,13.360796
23.497693,15.353721
22.150011,17.241472
20.649960,19.012513
19.010674,20.651644
17.238723,22.152413
15.351537,23.500027
13.360886,24.686350
11.274854,25.705105
9.114074,26.548964
6.890071,27.211156
4.620105,27.687427
2.318324,27.976562
-0.000000,28.076034
0.000000,29.214708
2.414788,29.113688
4.809557,28.816270
7.172547,28.320683
9.486947,27.631508
11.735724,26.753900
13.905650,25.693434
15.980289,24.457671
17.944973,23.054097
19.786715,21.494023
21.494246,19.785827
23.054127,17.944258
24.457389,15.979443
25.693074,13.904632
26.753554,11.735862
27.631259,9.486451
28.320701,7.171642
28.815590,4.810226
29.114363,2.413165
29.213538,-0.000000
14.360618,24.100561
14.945387,25.082460
14.161427,24.877337
13.865757,24.394013
15.115786,24.252401
14.516897,24.420007
14.856187,23.803006
16.965918,23.762537
14.781761,24.741587
15.466621,24.769758
16.163277,23.627102
15.569843,23.786198
15.736300,24.142651
15.301364,24.505243
14.424880,25.392087
12.823649,26.230608
16.301029,22.832344
15.832856,23.166103
17.068565,22.924095
16.482156,23.140243
16.771164,22.496136
18.870011,22.280505
16.771520,23.438473
17.460325,23.409014
18.059573,22.211403
17.478938,22.420481
16.472685,24.114513
13.136387,25.472347
12.024357,25.991557
18.130698,21.407282
17.691987,21.780002
18.903457,21.436414
18.337171,21.699607
18.573055,21.033933
20.645348,20.645562
18.649753,21.973812
19.333497,21.887609
19.832483,20.644398
19.271313,20.900359
18.406192,22.672226
17.675651,22.760703
13.761433,25.342627
13.369823,25.963064
13.534371,25.010257
12.277661,26.496440
10.613132,27.200044
12.321267,25.202634
12.841681,24.949577
12.501436,25.541406
11.804801,25.457703
12.649761,25.900696
19.836480,19.837359
19.430091,20.244680
20.607816,19.802360
20.065790,20.111188
20.245383,19.428989
22.279372,18.870588
20.400507,20.358114
21.075070,20.216326
21.468835,18.936518
20.930986,19.237863
20.215623,21.075195
19.495875,21.222592
10.996163,26.493752
11.612167,26.409132
11.181352,26.977330
9.844664,26.889881
11.390546,26.057050
10.462510,26.864214
10.047313,27.419400
21.406674,18.131801
21.034689,18.571728
22.173070,18.033043
21.658354,18.385564
21.780902,17.690564
23.761544,16.966638
22.011672,18.604298
22.672508,18.407162
22.959595,17.099068
22.448202,17.443434
21.887395,19.333802
21.180626,19.540994
10.198071,26.134831
10.735628,25.922878
10.373933,26.480922
9.661724,26.345272
10.852569,26.196961
8.329726,27.983663
22.830859,16.301520
22.496944,16.771020
23.586542,16.140578
23.102279,16.534197
23.167408,15.832149
25.081133,14.946717
23.472777,16.723287
24.114836,16.472382
24.292858,15.144773
23.811829,15.530178
23.408788,17.460839
22.722170,17.725136
8.769375,27.305945
9.392701,27.274701
8.915027,27.808941
7.589306,27.611417
9.207416,26.906297
8.210415,27.634877
7.748964,28.155314
24.098954,14.360631
23.804592,14.856650
24.838403,14.138067
24.388628,14.569848
24.395499,13.865407
26.229733,12.824119
24.773479,14.727769
25.392481,14.424745
25.460442,13.087342
25.013076,13.510808
24.770481,15.468271
24.108450,15.788184
8.005194,26.887845
8.559001,26.720356
7.452983,27.053355
5.989961,28.576326
25.202798,12.321576
24.950035,12.840637
25.921145,12.038764
25.508774,12.506304
25.456717,11.803721
27.199265,10.614455
25.904853,12.631976
26.496869,12.278472
26.454261,10.940329
26.043293,11.399136
25.963208,13.369707
25.329361,13.743824
8.146811,27.248150
8.653461,27.005158
6.484459,27.937809
7.107692,27.957604
6.588104,28.450362
5.283110,28.144216
6.953410,27.574826
5.899842,28.218552
5.397899,28.699284
26.134319,10.198355
25.925026,10.736548
26.826631,9.857171
26.454628,10.357073
26.344505,9.661577
27.982889,8.332055
26.859589,10.449913
27.420253,10.048376
27.267197,8.718514
26.895803,9.209374
26.978483,11.180149
26.377844,11.605252
5.757316,27.457309
6.322794,27.336017
5.193121,27.576067
3.608882,28.972561
26.887257,8.004641
26.723193,8.559422
27.549535,7.608370
27.219384,8.136666
27.052595,7.452810
28.575382,5.991807
27.630570,8.196070
28.156334,7.749847
27.893863,6.436655
27.564759,6.957004
27.809408,8.913660
27.246175,9.387333
5.869105,27.827682
6.393764,27.627630
4.155477,28.377738
4.774433,28.449421
4.216395,28.897723
2.941040,28.483475
4.652954,28.055230
3.550137,28.609105
3.010844,29.047773
27.456865,5.757353
27.338499,6.323460
28.083426,5.306226
27.799366,5.860467
27.574040,5.193466
28.973568,3.610828
28.213204,5.886844
28.699871,5.397953
28.330992,4.110333
28.044433,4.657679
28.450907,6.586612
27.928683,7.104840
3.471143,27.839776
4.043351,27.764759
2.898329,27.909640
1.206618,29.171431
27.839311,3.472129
27.767123,4.043711
28.424502,2.969787
28.189388,3.544450
27.909019,2.899042
29.173451,1.208511
28.603695,3.537796
29.046609,3.009347
28.572103,1.758730
28.334411,2.326447
28.897669,4.215734
28.419313,4.772708
3.551413,28.218503
4.090315,28.060462
1.797363,28.624269
2.409038,28.746148
1.812517,29.148202
0.000000,28.478128
1.159002,28.031093
0.700370,28.047233
2.321839,28.344890
1.735932,28.005597
0.844482,28.710369
1.362655,28.858342
0.599798,29.196660
0.000000,28.841712
0.638971,28.388584
1.325894,28.376439
28.030795,1.159736
28.004258,1.737167
28.632487,0.000000
28.047956,0.700237
28.732478,0.884960
28.860383,1.431732
28.391936,1.182169
29.196226,0.597452
28.839517,0.000000
28.428204,0.000000
28.357853,0.594044
28.717238,2.409306
