28.926652,0.000000
28.823919,2.388858
28.527503,4.759991
28.036520,7.100744
27.353748,9.392134
26.484847,11.619039
25.434793,13.766415
24.210866,15.819829
22.822271,17.764873
21.276726,19.589635
19.587683,21.278502
17.761916,22.824826
15.817486,24.213324
13.766532,25.435600
11.617044,26.485313
9.390714,27.354768
7.099157,28.037044
4.760331,28.527780
2.388772,28.825711
0.000000,28.928170
-0.000000,30.034368
2.482649,29.930715
4.944486,29.624963
7.373820,29.115480
9.753199,28.406969
12.065078,27.504725
14.295969,26.414481
16.428858,25.143981
18.448627,23.701027
20.342046,22.097201
22.097481,20.341047
23.701087,18.447852
25.143739,16.427919
26.414115,14.294879
27.504335,12.065269
28.406688,9.752739
29.115503,7.372929
29.624209,4.945331
29.931481,2.481002
30.033306,-0.000000
14.796829,24.832509
15.365109,25.786825
14.574986,25.603790
14.287187,25.134681
15.558681,24.962862
14.947165,25.143777
15.307099,24.526011
17.442380,24.429801
15.207717,25.454481
15.901194,25.465039
16.635239,24.316986
16.030765,24.490221
16.189907,24.838397
15.740321,25.207880
14.829722,26.105279
13.183840,26.967185
16.796131,23.525804
16.314053,23.869449
17.568609,23.595562
16.970600,23.826049
17.280277,23.179508
19.399940,22.906181
17.254823,24.113774
17.950881,24.066160
18.586916,22.859949
17.996298,23.084082
16.935016,24.791843
13.519140,26.214433
12.375243,26.749898
18.681354,22.057474
18.229652,22.441238
19.457163,22.064309
18.880591,22.342735
19.136931,21.672947
21.225131,21.225290
19.187200,22.606932
19.876655,22.502023
20.411606,21.247223
19.841751,21.518964
18.922782,23.309129
18.185069,23.416640
14.157585,26.072044
13.745641,26.691956
13.934848,25.750089
12.622147,27.240626
10.911259,27.963854
12.695537,25.967993
13.231493,25.707482
12.871308,26.296825
12.163719,26.230799
13.014204,26.646768
20.438953,20.439865
20.020480,20.859305
21.211489,20.382400
20.660435,20.707263
20.860032,20.019273
22.904989,19.400526
20.988366,20.944653
21.667093,20.783819
22.095715,19.489476
21.550535,19.807281
20.783057,21.667292
20.057745,21.834214
11.315997,27.264148
11.946113,27.168614
11.495757,27.734639
10.132029,27.674563
11.727395,26.827835
10.763904,27.637789
10.329135,28.189464
22.056825,18.682549
21.673776,19.135514
22.822536,18.561282
22.300194,18.930519
22.442194,18.228063
24.428789,17.443111
22.645946,19.140326
23.309391,18.923807
23.630007,17.598380
23.112638,17.959739
22.501816,19.877025
21.791039,20.104182
10.507913,26.928560
11.061370,26.710171
10.680841,27.264045
9.955524,27.145319
11.175389,26.976236
8.563635,28.769492
23.524250,16.796672
23.180417,17.280117
24.277417,16.613377
23.786883,17.024300
23.870836,16.313269
25.785413,15.366515
24.149121,17.205138
24.792166,16.934708
25.002186,15.587059
24.516626,15.989876
24.065942,17.951483
23.376980,18.236005
9.024557,28.100277
9.662813,28.059224
9.165819,28.589625
7.810807,28.417125
9.479710,27.702193
8.446979,28.430681
7.966295,28.945979
24.830857,14.796843
24.527742,15.307615
25.565950,14.552253
25.111364,15.001740
25.136239,14.286834
26.966286,13.184300
25.487296,15.152136
26.105669,14.829589
26.203863,13.469555
25.753432,13.910738
25.465878,15.902989
24.803219,16.243259
8.248436,27.704422
8.818684,27.531810
7.679693,27.874942
6.158131,29.378816
25.968242,12.695867
25.707945,13.230386
26.680390,12.391448
26.264726,12.877054
26.229673,12.162539
27.963051,10.912608
26.651277,12.995957
27.241051,12.623012
27.226717,11.259855
26.814135,11.736555
26.692147,13.745530
26.059320,14.140001
8.387897,28.053989
8.910759,27.808342
6.673166,28.750505
7.312040,28.761758
6.773576,29.249083
5.437320,28.965494
7.159030,28.390479
6.069833,29.031170
5.549237,29.505201
26.928071,10.508176
26.712518,11.062360
27.612396,10.145939
27.238621,10.664147
27.144455,9.955352
28.768676,8.566137
27.633522,10.751030
28.190353,10.330286
28.063374,8.973157
27.691887,9.481977
27.735958,11.494489
27.138008,11.939800
5.932266,28.291189
6.514581,28.166163
5.351194,28.413547
3.710062,29.786182
27.703842,8.247784
27.534916,8.819145
28.356511,7.831307
28.026011,8.377893
27.874120,7.679519
29.377838,6.160115
28.426705,8.432244
28.947072,7.967226
28.708332,6.624670
28.380628,7.162926
28.590242,9.164327
28.031387,9.657981
6.042804,28.650650
6.583882,28.449351
4.276385,29.203216
4.911613,29.267694
4.335342,29.709047
3.026888,29.314645
4.790584,28.885088
3.652493,29.432994
3.095256,29.863486
28.290787,5.932266
28.168891,6.515263
28.906001,5.461668
28.623241,6.034207
28.411368,5.351579
29.787285,3.712253
29.026157,6.056491
29.505854,5.549234
29.158307,4.230341
28.874471,4.795596
29.249776,6.771958
28.733585,7.309660
3.576687,28.685327
4.165875,28.607909
2.986701,28.757186
1.240488,29.990568
28.684872,3.577726
28.610518,4.166253
29.257103,3.056839
29.024860,3.649567
28.756613,2.987445
29.992838,1.242551
29.427943,3.639847
29.862297,3.093596
29.406326,1.810193
29.173041,2.395418
29.709132,4.334564
29.238295,4.910303
3.656538,29.053092
4.211927,28.895045
1.849785,29.457016
2.478195,29.572997
1.863675,29.966693
0.000000,29.318119
1.194297,28.882373
0.721741,28.898990
2.390607,29.183329
1.788302,28.856162
0.868800,29.543249
1.401923,29.685866
0.616337,30.016535
0.000000,29.671374
0.658306,29.230752
1.365091,29.217584
28.882161,1.195068
28.854815,1.789666
29.468031,0.000000
28.899840,0.721591
29.564962,0.910586
29.687719,1.473026
29.233057,1.217077
30.016149,0.613772
29.669180,0.000000
29.269704,0.000000
29.201085,0.612115
29.544913,2.478681
