28.296996,0.000000
28.196499,2.336810
27.906525,4.656372
27.426235,6.946125
26.758329,9.187617
25.908337,11.366058
24.881144,13.466690
23.683870,15.475408
22.325508,17.378116
20.813580,19.163182
19.161305,20.815299
17.375305,22.327961
15.473175,23.686249
13.466783,24.881959
11.364185,25.908796
9.186293,26.759337
6.944655,27.426773
4.656712,27.906821
2.336713,28.198253
-0.000000,28.298509
-0.000000,29.428528
2.432491,29.326818
4.844755,29.027227
7.225050,28.528015
9.556399,27.833796
11.821636,26.949761
14.007464,25.881527
16.097297,24.636702
18.076349,23.222855
19.931570,21.651367
21.651597,19.930660
23.222883,18.075624
24.636418,16.096431
25.881152,14.006430
26.949389,11.821789
27.833523,9.555913
28.528018,7.224148
29.026511,4.845469
29.327500,2.430860
29.427367,0.000000
14.474494,24.291654
15.054870,25.266201
14.269347,25.066915
13.975775,24.587381
15.231363,24.437813
14.629193,24.608916
14.973903,23.991761
17.090200,23.936600
14.892900,24.927602
15.579977,24.951130
16.286436,23.807136
15.690137,23.969949
15.854652,24.324191
15.415890,24.688572
14.530483,25.578130
12.917603,26.422753
16.430278,23.013387
15.958476,23.349727
17.199055,23.099330
16.609635,23.319242
16.904074,22.674545
19.008241,22.443719
16.897621,23.614678
17.588285,23.580438
18.197183,22.380649
17.613961,22.593681
16.593284,24.291200
13.236265,25.666000
12.115921,26.189455
18.274450,21.577028
17.832348,21.952632
19.047950,21.600277
18.478997,21.867466
18.720261,21.200760
20.796581,20.796789
18.789981,22.139011
19.475177,22.047885
19.983604,20.801713
19.420189,21.061815
18.540943,22.838368
17.808564,22.931855
13.864793,25.532951
13.467854,26.153204
13.638889,25.203353
12.367520,26.690568
10.690896,27.399293
12.418973,25.402449
12.943447,25.147444
12.597967,25.738572
11.898500,25.659538
12.744850,26.095369
19.993758,19.994656
19.584216,20.405141
20.765348,19.953734
20.220986,20.266766
20.405843,19.583094
22.442561,19.008826
20.553888,20.511158
21.229497,20.364362
21.632418,19.080819
21.092678,19.386480
20.363636,21.229648
19.642474,21.382181
11.079620,26.694791
11.699296,26.607298
11.263365,27.174883
9.919652,27.094654
11.478458,26.258224
10.541149,27.066063
10.120826,27.620279
21.576400,18.275585
21.201527,18.718916
22.342552,18.170898
21.825866,18.527799
21.953539,17.830889
23.935591,17.090929
22.177163,18.744163
22.838636,18.541934
23.134537,17.229369
22.621609,17.578188
22.047664,19.475506
21.339890,19.687945
10.278957,26.342053
10.820667,26.128418
10.454031,26.685318
9.738424,26.554144
10.936826,26.400364
8.390740,28.188657
23.011872,16.430789
22.675369,16.903931
23.766829,16.263965
23.280953,16.662115
23.351043,15.957754
25.264839,15.056224
23.649244,16.849014
24.291513,16.592984
24.477955,15.260192
23.995769,15.650158
23.580203,17.588827
22.893017,17.858435
8.835962,27.513231
9.463175,27.479402
8.980446,28.012593
7.647107,27.821677
9.278480,27.114026
8.272139,27.842526
7.805655,28.361568
24.290021,14.474512
23.993374,14.974385
25.028260,14.246157
24.577253,14.682573
24.588875,13.975428
26.421857,12.918074
24.959723,14.838497
25.578512,14.530352
25.654435,13.187084
25.206296,13.615188
24.951871,15.581670
24.289723,15.906924
8.068693,27.101032
8.626796,26.932204
7.512168,27.267850
6.033827,28.785665
25.402620,12.419291
25.147891,12.942390
26.119273,12.130804
25.706067,12.603070
25.658502,11.897397
27.398493,10.692229
26.099604,12.726947
26.690984,12.368348
26.655830,11.023712
26.244469,11.487201
26.153347,13.467742
25.519815,13.847196
8.209731,27.458475
8.720618,27.214801
6.533700,28.149888
7.161008,28.167427
6.636485,28.658719
5.323351,28.358539
7.007073,27.787711
5.944196,28.430589
5.437376,28.909517
26.341531,10.279239
26.130604,10.821609
27.031680,9.932531
26.659240,10.437219
26.553337,9.738273
28.187855,8.393116
27.061517,10.528481
27.621128,10.121915
27.474956,8.784965
27.103567,9.280521
27.176065,11.262146
26.576179,11.692544
5.802987,27.675014
6.372863,27.552745
5.234388,27.794711
3.635274,29.184804
27.100429,8.068117
26.935097,8.627229
27.760118,7.666550
27.429903,8.199626
27.267059,7.511996
28.784696,6.035710
27.838291,8.257693
28.362592,7.806552
28.106395,6.485718
27.777686,7.010748
28.013082,8.979047
27.451044,9.457951
5.914438,28.042478
6.443386,27.842112
4.187027,28.593152
4.810224,28.662929
4.247421,29.109368
2.963442,28.700380
4.688873,28.271823
3.576844,28.824082
3.032863,29.260563
27.674563,5.803016
27.555275,6.373536
28.298080,5.346792
28.014387,5.905813
27.792628,5.234744
29.185819,3.637284
28.425312,5.931109
28.910105,5.437416
28.546876,4.141650
28.261057,4.693674
28.659286,6.634960
28.138690,7.158282
3.498696,28.060527
4.075338,27.984882
2.921400,28.130912
1.215453,29.385113
28.060048,3.499696
27.987294,4.075704
28.641772,2.992506
28.407436,3.571884
28.130287,2.922122
29.387181,1.217392
28.818751,3.564424
29.259375,3.031324
28.789790,1.772159
28.553279,2.344447
29.109332,4.246732
28.632993,4.808608
3.578849,28.436333
4.122056,28.278301
1.811041,28.841580
2.427081,28.961893
1.825861,29.361718
0.000000,28.697358
1.168215,28.253341
0.705948,28.269603
2.339785,28.563724
1.749606,28.227657
0.850827,28.927709
1.372901,29.074258
0.604112,29.410534
-0.000000,29.058191
0.644018,28.608398
1.336125,28.595984
28.253048,1.168959
28.226298,1.750875
28.850514,0.000000
28.270342,0.705810
28.949695,0.891647
29.076232,1.442507
28.611457,1.191281
29.410096,0.601709
29.055977,0.000000
28.647820,0.000000
28.577932,0.598761
28.933186,2.427407
