20.856574,0.000000
20.784781,1.722368
20.571115,3.432785
20.217562,5.119959
19.725400,6.772096
19.098740,8.377915
18.341631,9.926408
17.459288,11.407211
16.458094,12.809765
15.343340,14.125774
14.125351,15.343770
12.809258,16.458653
11.406809,17.459881
9.926303,18.342023
8.377577,19.099038
6.771842,19.725886
5.119707,20.218083
3.432735,20.571726
1.722253,20.785774
-0.000000,20.857631
-0.000000,22.367687
1.847378,22.290496
3.681718,22.062375
5.490898,21.682817
7.262722,21.155015
8.984755,20.483072
10.645444,19.671126
12.233930,18.725320
13.738431,17.650870
15.148597,16.456283
16.456113,15.148658
17.650655,13.738464
18.724990,12.233952
19.670826,10.645407
20.482816,8.984835
21.154726,7.262627
21.682446,5.490699
22.061810,3.681629
22.289864,1.847000
22.366547,-0.000000
10.667114,17.901875
11.439945,19.199023
10.683928,18.769259
10.297251,18.122043
11.389820,18.275000
10.889562,18.317611
11.037139,17.681110
12.986560,18.188879
11.208198,18.760803
11.837314,18.962171
12.195275,17.826815
11.685476,17.852646
11.931309,18.306168
11.621731,18.615689
11.042744,19.435475
9.815409,20.077958
12.108775,16.960009
11.758481,17.209986
12.861898,17.275253
12.364673,17.358221
12.459312,16.709713
14.443980,17.054348
12.716887,17.773200
13.363030,17.920002
13.625583,16.758923
13.118974,16.828002
12.610342,18.457496
9.919366,19.235687
9.074342,19.616824
13.468047,15.901793
13.139419,16.180350
14.245486,16.154235
13.756389,16.277713
13.797153,15.623266
15.802909,15.803165
14.140906,16.662362
14.796844,16.755411
14.963254,15.576089
14.464062,15.686905
14.091140,17.353040
13.402771,17.258301
10.439591,19.224887
10.230947,19.874715
10.160134,18.775382
9.399953,20.280947
8.123823,20.819960
9.152344,18.721397
9.539596,18.532204
9.384783,19.174681
8.765686,18.910729
9.592587,19.641663
14.735105,14.735394
14.430946,15.039713
15.529578,14.922500
15.052966,15.085995
15.039642,14.431005
17.053982,14.444229
15.468765,15.437437
16.130111,15.476030
16.198051,14.287489
15.709787,14.439021
15.475788,16.130212
14.782939,16.091913
8.309171,20.020293
8.812130,20.040829
8.555055,20.651629
7.428913,20.293308
8.552174,19.561912
7.934156,20.374814
7.693063,20.987838
15.901534,13.468325
15.623140,13.797134
16.709443,13.589147
16.247680,13.791409
16.180269,13.139469
18.188485,12.986804
16.690514,14.107482
17.352950,14.091411
17.322845,12.901167
16.848687,13.092320
16.755185,14.796965
16.060459,14.816656
7.575065,19.413420
7.976409,19.256540
7.787692,19.881180
7.174067,19.570091
8.128971,19.623135
6.376679,21.419847
16.959541,12.108934
16.709540,12.459451
17.774620,12.162951
17.331036,12.402615
17.209936,11.758555
19.198605,11.440256
17.798643,12.681026
18.457339,12.610389
18.328774,11.426301
17.872123,11.656231
17.919727,13.363140
17.229542,13.439728
6.625369,20.631119
7.128098,20.696010
6.820371,21.287719
5.727168,20.838163
6.912909,20.199330
6.225842,20.959005
5.933603,21.551651
17.901361,10.667191
17.681035,11.037298
18.717831,10.653505
18.295795,10.928938
18.122021,10.297290
20.077580,9.815609
18.784856,11.167737
19.435332,11.042818
19.209641,9.873907
18.773532,10.140527
18.961975,11.837602
18.280636,11.970813
5.946081,19.972921
6.359068,19.849543
5.533442,20.095946
4.586029,21.873539
18.721129,9.152478
18.532051,9.539540
19.533790,9.071555
19.135855,9.380854
18.910429,8.765671
20.819582,8.124141
19.642667,9.578516
20.280788,9.400157
19.959410,8.253970
19.546820,8.555700
19.874447,10.231010
19.206181,10.420418
6.115366,20.456735
6.482617,20.230192
4.899156,21.108711
5.394551,21.214564
5.039133,21.778528
3.986689,21.240123
5.220796,20.701600
4.473576,21.401848
4.133707,21.968269
19.413027,7.575262
19.256532,7.976662
20.216283,7.427547
19.845257,7.768600
19.569738,7.174175
21.419416,6.377013
20.366569,7.923833
20.987719,7.693256
20.572908,6.577585
20.186640,6.912319
20.651453,8.554960
20.001205,8.798879
4.276419,20.395869
4.698085,20.307073
3.854990,20.484193
2.764074,22.177318
19.972448,5.946177
19.849554,6.359220
20.760789,5.732729
20.419134,6.103224
20.095486,5.533529
21.872944,4.586260
20.951363,6.214922
21.551460,5.933738
21.045971,4.856225
20.688745,5.221768
21.287346,6.820253
20.659473,7.117083
4.405452,20.892072
4.789718,20.696421
3.139648,21.441561
3.624449,21.587935
3.223513,22.120412
2.219603,21.496508
3.493382,21.062059
2.691308,21.698162
2.305635,22.234498
20.395270,4.276555
20.306925,4.698301
21.163440,3.998445
20.853601,4.396066
20.483426,3.855108
22.176839,2.764194
21.393086,4.463531
21.967846,4.133737
21.374841,3.101295
21.049000,3.495451
21.778065,5.038936
21.176850,5.386759
2.577701,20.679646
3.005092,20.625723
2.150315,20.732812
0.923587,22.329879
20.678920,2.577944
20.625411,3.005244
21.420687,2.237368
21.145338,2.658837
20.731973,2.150513
22.329279,0.923781
21.688549,2.681679
22.233638,2.305406
21.558124,1.326344
21.266086,1.745489
22.119702,3.223416
21.549332,3.618950
2.665803,21.184739
3.064408,21.020915
1.357827,21.626675
1.829224,21.812822
1.385602,22.310980
0.000000,21.403670
0.860982,20.822091
0.520652,20.835609
1.742916,21.279056
1.291488,20.803940
0.640167,21.714676
1.033302,21.921656
0.461492,22.349051
0.000000,21.884795
0.475605,21.287537
0.995093,21.285154
20.821175,0.861118
20.802916,1.291688
21.609302,0.000000
20.834864,0.520633
21.741580,0.669498
21.926114,1.085596
21.301783,0.887244
22.348141,0.461192
21.883488,0.000000
21.335701,0.000000
21.245055,0.441220
21.774314,1.827687
