23.899781,0.000000
23.815551,1.973590
23.570674,3.933049
23.165193,5.866637
22.601138,7.759743
21.883165,9.599741
21.015605,11.373980
20.004441,13.070622
18.857172,14.677707
17.579996,16.185548
16.184430,17.581056
14.676143,18.858639
13.069382,20.005933
11.373957,21.016250
9.598755,21.883478
7.759073,22.601884
5.865923,23.165716
3.933223,23.571088
1.973425,23.816919
0.000000,23.901123
-0.000000,25.229688
2.084684,25.141997
4.153307,24.884975
6.193864,24.456937
8.192426,23.861726
10.134517,23.103860
12.008063,22.188102
13.799634,21.121153
15.496478,19.909075
17.087012,18.561719
18.561690,17.086674
19.908951,15.496157
21.120755,13.799283
22.187772,12.007534
23.103654,10.134549
23.861548,8.191990
24.456827,6.193171
24.884505,4.153339
25.142022,2.083515
25.228224,0.000000
12.223980,20.514948
12.904992,21.658101
12.143387,21.332652
11.801420,20.765907
12.954048,20.784530
12.414359,20.883017
12.647147,20.261569
14.649686,20.518496
12.705855,21.267329
13.354077,21.389548
13.860442,20.260947
13.317970,20.346443
13.525823,20.752091
13.163042,21.082657
12.456503,21.924992
11.072665,22.649598
13.875869,19.435413
13.475803,19.720733
14.627885,19.646686
14.095431,19.788854
14.277025,19.148770
16.293801,19.238702
14.416152,20.147432
15.075478,20.214221
15.486388,19.047003
14.951317,19.178333
14.224807,20.821772
11.269118,21.852310
10.312283,22.291744
15.433417,18.222419
15.058311,18.540851
16.200909,18.371708
15.681834,18.556857
15.810566,17.903890
17.826775,17.827129
16.030511,18.888334
16.692916,18.900508
17.006682,17.703003
16.484373,17.877991
15.894688,19.576050
15.193267,19.564160
11.831329,21.788367
11.542805,22.419472
11.578039,21.395720
10.602808,22.878686
9.164050,23.486642
10.488061,21.453486
10.931812,21.237188
10.694497,21.850539
10.046692,21.670573
10.873733,22.264770
16.885407,16.885983
16.538137,17.233847
17.661412,16.971143
17.160086,17.198378
17.234218,16.537663
19.237927,16.294268
17.535600,17.499648
18.196882,17.457327
18.409997,16.238460
17.904089,16.455829
17.456895,18.196833
16.757869,18.242004
9.436234,22.735953
9.985192,22.708881
9.652734,23.295573
8.442604,23.061416
9.744959,22.291482
8.993726,23.094359
8.677118,23.675841
18.222038,15.434037
17.904173,15.809882
19.003096,15.454720
18.522033,15.722583
18.541289,15.057767
20.517742,14.650226
18.920556,15.992024
19.576266,15.895309
19.688368,14.662788
19.201993,14.920932
18.900271,16.693013
18.206046,16.796447
8.680561,22.246729
9.139696,22.066489
8.874533,22.654837
8.222598,22.426127
9.274428,22.387612
7.192794,24.163267
19.434409,13.876118
19.149017,14.277038
20.214488,13.832810
19.756968,14.139306
19.721394,13.475546
21.657255,12.905838
20.176625,14.375061
20.821923,14.224629
20.831711,12.986739
20.368422,13.284286
20.213943,15.075653
19.531223,15.235570
7.524723,23.431310
8.076788,23.452325
7.695773,24.013457
6.508561,23.680382
7.877169,23.017992
7.057542,23.756680
6.692378,24.311581
20.513816,12.223972
20.262266,12.647407
21.287325,12.116382
20.856962,12.459397
20.766713,11.801212
22.648955,11.073074
21.294685,12.659689
21.925215,12.456436
21.832940,11.222421
21.395903,11.556924
21.389714,13.354954
20.722794,13.570517
6.813909,22.887806
7.286628,22.745632
6.342482,23.028729
5.172633,24.674991
21.453351,10.488247
21.237427,10.931227
22.215320,10.317259
21.814783,10.694641
21.670125,10.046183
23.486072,9.164991
22.267161,10.858178
22.878914,10.603307
22.685101,9.381286
22.277179,9.750682
22.419360,11.542733
21.772175,11.813153
6.969025,23.311005
7.395591,23.079101
5.564089,23.973606
6.112194,24.039656
5.686441,24.567197
4.530685,24.137227
5.948914,23.590062
5.071343,24.258486
4.662133,24.781413
22.246227,8.680871
22.067512,9.140273
22.991397,8.447591
22.623593,8.856626
22.425709,8.222594
24.162717,7.194102
23.087814,8.982478
23.676304,8.677709
23.382295,7.476028
23.006359,7.877647
23.295939,9.652059
22.673449,9.974934
4.900525,23.372521
5.383096,23.269775
4.418898,23.473627
3.117091,25.017301
22.887255,6.813795
22.746983,7.286871
23.610762,6.520149
23.277723,6.957972
23.028216,6.342420
24.674249,5.173663
23.750608,7.045159
24.312066,6.692898
23.919758,5.519374
23.578615,5.951012
24.013320,7.695103
23.419719,8.068435
5.020512,23.806903
5.464321,23.610990
3.565723,24.351301
4.106158,24.462665
3.638312,24.953221
2.522224,24.428306
3.980660,24.000987
3.051258,24.594230
2.600437,25.082139
23.371942,4.900679
23.270883,5.383576
24.068516,4.547465
23.773362,5.011587
23.472344,4.419080
25.017601,3.117927
24.251317,5.060040
24.781516,4.662292
24.294117,3.524740
23.989062,3.983908
24.567081,5.685649
24.006281,6.106734
2.954240,23.697876
3.442921,23.634844
2.465501,23.757994
1.041914,25.189315
23.697287,2.954890
23.635803,3.443193
24.360785,2.544827
24.106546,3.031001
23.757170,2.465992
25.189865,1.042873
24.586673,3.040456
25.081105,2.599674
24.501580,1.507743
24.236872,1.989595
24.952646,3.638059
24.428290,4.102332
3.037897,24.140898
3.495826,23.981022
1.541945,24.562298
2.072127,24.717632
1.563961,25.168845
-0.000000,24.375751
0.986374,23.861025
0.596054,23.875278
1.986076,24.248610
1.479025,23.839406
0.725889,24.648717
1.171276,24.827331
0.519391,25.210965
-0.000000,24.799563
0.544352,24.272918
1.134241,24.266076
23.860279,0.986822
23.838125,1.479676
24.556157,0.000000
23.875191,0.595969
24.673157,0.759915
24.830480,1.230522
24.281910,1.011393
25.210215,0.518167
24.797548,0.000000
24.316708,0.000000
24.236043,0.505565
24.683814,2.071362
