27.851131,-0.000000
27.752228,2.299960
27.466818,4.583002
26.994103,6.836640
26.336723,9.042798
25.500120,11.186920
24.489114,13.254451
23.310712,15.231518
21.973758,17.104248
20.485635,18.861203
18.859394,20.487295
17.101553,21.976120
15.229376,23.313014
13.254534,24.489914
11.185139,25.500553
9.041545,26.337701
6.835253,26.994627
4.583340,27.467105
2.299856,27.753931
-0.000000,27.852615
0.000000,29.000111
2.397019,28.899785
4.774228,28.604548
7.119850,28.112599
9.417238,27.428486
11.649494,26.557327
13.803459,25.504657
15.862848,24.277988
17.813109,22.884724
19.641321,21.336105
21.336311,19.640464
22.884743,17.812413
24.277693,15.862028
25.504295,13.802462
26.556988,11.649620
27.428240,9.416734
28.112610,7.118944
28.603881,4.774853
28.900430,2.395407
28.998911,-0.000000
14.246253,23.908658
14.835499,24.898049
14.053076,24.687013
13.755265,24.199826
14.999744,24.066255
14.404139,24.230333
14.737962,23.613451
16.841174,23.587840
14.670188,24.554859
15.352845,24.587726
16.039627,23.446360
15.449056,23.601705
15.617486,23.960415
15.186395,24.321219
14.318885,25.205367
12.729347,26.037764
16.171222,22.650533
15.706694,22.981701
16.937548,22.748167
16.354153,22.960518
16.637680,22.316971
18.731269,22.116697
16.644926,23.261591
17.331890,23.236966
17.921411,22.041491
17.343360,22.246583
16.351638,23.937182
13.036111,25.277937
11.932427,25.792883
17.986326,21.236816
17.551020,21.606639
18.758381,21.271902
18.194760,21.531067
18.425212,20.866398
20.493554,20.493783
18.508977,21.807979
19.191290,21.726748
19.680756,20.486464
19.121827,20.738251
18.270940,22.505479
17.542219,22.588894
13.657673,25.151575
13.271429,25.772233
13.429427,24.816382
12.187468,26.301606
10.535081,27.000070
12.223142,25.001973
12.739476,24.750872
12.404509,25.343445
11.710699,25.255012
12.554302,25.705278
19.678523,19.679394
19.275301,20.083537
20.449649,19.650385
19.909955,19.954979
20.084229,19.274230
22.115576,18.731844
20.246526,20.204482
20.920069,20.067749
21.304595,18.791649
20.768629,19.088645
20.067059,20.920179
19.348705,21.062391
10.912375,26.291929
11.524700,26.210211
11.099035,26.779058
9.769378,26.684306
11.302274,25.855066
10.383565,26.661593
9.973527,27.217791
21.236217,17.987407
20.867131,18.423913
22.002903,17.894641
21.490150,18.242751
21.607520,17.549644
23.586850,16.841892
21.845534,18.463897
22.505763,18.271897
22.783950,16.968254
22.274082,17.308134
21.726530,19.191581
21.020739,19.393479
10.116839,25.926731
10.650220,25.716468
10.293506,26.275702
9.584695,26.135515
10.767962,25.992730
8.268488,27.777925
22.649065,16.171702
22.317749,16.637543
23.405526,16.016701
22.922869,16.405760
22.982977,15.706010
24.896742,14.836809
23.295619,16.597076
23.937500,16.351339
24.107017,15.028898
23.627132,15.409713
23.236735,17.332383
22.550654,17.591324
8.702523,27.097851
9.321954,27.069221
8.849365,27.604549
7.531274,27.400333
9.136061,26.697733
8.148451,27.426433
7.692064,27.948311
23.907062,14.246267
23.614993,14.738414
24.647779,14.029546
24.199224,14.456666
24.201286,13.754918
26.036893,12.729819
24.586505,14.616615
25.205757,14.318750
25.265669,12.987205
24.819061,13.406005
24.588415,15.354458
23.926469,15.668986
7.941422,26.673755
8.490913,26.507611
7.393544,26.837951
5.945934,28.366226
25.002112,12.223445
24.751323,12.738450
25.722215,11.946358
25.310664,12.409144
25.254057,11.709647
26.999295,10.536395
25.709339,12.536638
26.302030,12.188266
26.251881,10.856617
25.841288,11.310715
25.772360,13.271312
25.138162,13.640053
8.083634,27.036977
8.586027,26.794662
6.435022,27.724904
7.054170,27.746982
6.539545,28.241248
5.242708,27.929053
6.899527,27.361085
5.855315,28.005705
5.358277,28.488289
25.926211,10.117128
25.718558,10.651124
26.620753,9.781510
26.249170,10.276601
26.134769,9.584556
27.777158,8.270770
26.656868,10.371041
27.218629,9.974568
27.058602,8.651800
26.687183,9.137938
26.780164,11.097852
26.178733,11.517624
5.711449,27.238684
6.272508,27.118372
5.151678,27.356496
3.582393,28.759550
26.673161,7.940896
26.510372,8.491324
27.338099,7.549958
27.007994,8.073450
26.837203,7.393372
28.365288,5.947743
27.422034,8.134209
27.949306,7.692933
27.680477,6.387397
27.350953,6.903042
27.604973,8.848033
27.040502,9.316442
5.823587,27.612021
6.343936,27.412276
4.123801,28.161486
4.738503,28.235102
4.185255,28.685308
2.918549,28.265722
4.616889,27.837766
3.523326,28.393307
2.988743,28.834212
27.238224,5.711496
27.120783,6.273169
27.867904,5.265498
27.583455,5.814938
27.354505,5.152012
28.760524,3.584276
28.000263,5.842408
28.488852,5.358343
28.114239,4.078891
27.826914,4.621538
28.241750,6.538087
27.717853,7.051192
3.443473,27.618091
4.011224,27.543706
2.875160,27.687431
1.197750,28.956975
27.617618,3.444443
27.545998,4.011581
28.206353,2.946978
27.970436,3.516905
27.686794,2.875864
28.958921,1.199598
28.387795,3.511066
28.833049,2.987288
28.353541,1.745248
28.114639,2.308375
28.685215,4.184623
28.204795,4.736669
3.523865,27.999797
4.058443,27.841739
1.783633,28.406112
2.390924,28.529582
1.799125,28.933911
0.000000,28.258022
1.149752,27.807905
0.694771,27.823924
2.303820,28.125176
1.722197,27.782600
0.838112,28.492186
1.352369,28.641608
0.595469,28.982011
0.000000,28.624411
0.633902,28.167882
1.315621,28.156007
27.807579,1.150475
27.781258,1.723399
28.413585,0.000000
27.824607,0.694641
28.514398,0.878246
28.643695,1.420916
28.171508,1.173019
28.981558,0.593180
28.622212,0.000000
28.207680,0.000000
28.136857,0.589306
28.500443,2.391137
