20.517274,0.000000
20.446967,1.694353
20.236756,3.377009
19.888987,5.036715
19.404829,6.661990
18.788341,8.241703
18.043549,9.765044
17.175585,11.221800
16.190690,12.601557
15.094048,13.896179
13.895855,15.094385
12.601189,16.191116
11.221504,17.176042
9.764936,18.043892
8.241455,18.788638
6.661797,19.405268
5.036529,19.889482
3.376952,20.237347
1.694266,20.447830
-0.000000,20.518192
-0.000000,22.051453
1.821139,21.975505
3.629601,21.750585
5.413238,21.376386
7.160019,20.856025
8.857756,20.193564
10.494923,19.393080
12.060990,18.460661
13.544252,17.401438
14.934504,16.223731
16.223561,14.934599
17.401230,13.544321
18.460370,12.061045
19.392800,10.494935
20.193300,8.857831
20.855718,7.159971
21.375994,5.413111
21.750032,3.629530
21.974866,1.820892
22.050481,-0.000000
10.493562,17.610531
11.278113,18.927357
10.522004,18.484839
10.129577,17.827271
11.216211,17.996444
10.720095,18.032443
10.857646,17.393426
12.802853,17.931526
11.042287,18.483104
11.669778,18.694010
12.010550,17.556757
11.504080,17.575519
11.754683,18.035202
11.451081,18.342527
10.886552,19.160461
9.676528,19.793847
11.911799,16.684032
11.567067,16.930064
12.665914,17.012061
12.172332,17.088057
12.256678,16.437805
14.239660,16.813053
12.528647,17.510180
13.173875,17.666562
13.419155,16.505096
12.915387,16.566846
12.431984,18.196330
9.769661,18.945444
8.937014,19.320072
13.248974,15.643103
12.925544,15.917190
14.028486,15.908143
13.542429,16.024413
13.572696,15.369038
15.579368,15.579588
13.931592,16.415774
14.587417,16.518453
14.736573,15.340142
14.239596,15.443445
13.891919,17.107503
13.204457,17.002875
10.285459,18.940926
10.086039,19.593572
10.002602,18.484194
9.267067,19.993967
8.008936,20.525354
9.003442,18.416794
9.384361,18.230641
9.239269,18.877318
8.622888,18.603029
9.450674,19.351048
14.495414,14.495660
14.196070,14.795106
15.293003,14.695140
14.818807,14.851233
14.794990,14.196174
16.812757,14.239866
15.239820,15.208990
15.901828,15.257167
15.952675,14.071057
15.465986,14.214931
15.256959,15.901951
14.564198,15.853746
8.184200,19.719108
8.682226,19.745335
8.433809,20.359531
7.316468,19.986212
8.419647,19.258605
7.816782,20.073534
7.584353,20.690901
15.642866,13.249205
15.368883,13.572748
16.454906,13.382109
15.994933,13.576789
15.917059,12.925638
17.931202,12.803047
16.443489,13.898722
17.107375,13.892136
17.060426,12.705743
16.587212,12.889144
16.518244,14.587545
15.822816,14.597357
7.451842,19.097537
7.846707,18.943276
7.666941,19.572969
7.057190,19.251670
8.001594,19.315734
6.286546,21.116773
16.683656,11.911948
16.437611,12.256820
17.503844,11.977626
17.061435,12.209610
16.929941,11.567167
18.927009,11.278343
17.535221,12.493364
18.196149,12.432056
18.051092,11.253187
17.594746,11.475333
17.666312,13.173986
16.974603,13.240802
6.525642,20.320557
7.023049,20.390729
6.723686,20.986579
5.640493,20.522854
6.805770,19.886116
6.133710,20.649075
5.849782,21.246772
17.610118,10.493653
17.393282,10.857791
18.432648,10.491142
18.011143,10.758841
17.827157,10.129646
19.793513,9.676681
18.506807,11.002451
19.160279,10.886634
18.918586,9.724293
18.482124,9.983137
18.693798,11.669993
18.010124,11.793606
5.849349,19.647946
6.255643,19.526689
5.443269,19.768983
4.521247,21.564060
18.416522,9.003567
18.230442,9.384370
19.236159,8.933287
18.838099,9.234829
18.602736,8.622922
20.525004,8.009151
19.351901,9.436741
19.993764,9.267221
19.656996,8.128896
19.243405,8.422907
19.593306,10.086110
18.921929,10.266126
6.020528,20.139561
6.381100,19.913425
4.825432,20.790975
5.315089,20.901678
4.967645,21.470440
3.926350,20.918723
5.139897,20.380641
4.407354,21.085391
4.075325,21.657510
19.097169,7.452003
18.943149,7.846904
19.908271,7.314322
19.536454,7.647668
19.251322,7.057295
21.116363,6.286754
20.065083,7.806544
20.690705,7.584487
20.261216,6.477903
19.873308,6.805046
20.359307,8.433774
19.705170,8.668589
4.206860,20.064002
4.621711,19.976797
3.792153,20.150912
2.725080,21.863583
19.647499,5.849445
19.526546,6.255772
20.444489,5.645335
20.101418,6.008216
19.768537,5.443357
21.563509,4.521379
20.641249,6.122944
21.246500,5.849864
20.727156,4.782659
20.367626,5.140729
20.986209,6.723622
20.353700,7.011692
4.337124,20.568172
4.714706,20.372360
3.092411,21.118851
3.571115,21.269544
3.177709,21.807434
2.186053,21.171259
3.439243,20.735478
2.651430,21.377333
2.273055,21.919904
20.063440,4.206973
19.976521,4.621874
20.841036,3.937512
20.529104,4.327651
20.150238,3.792252
21.863057,2.725136
21.076465,4.397448
21.657053,4.075333
21.050992,3.054318
20.722317,3.441166
21.469977,4.967518
20.863427,5.307000
2.535735,20.343135
2.956271,20.290259
2.115203,20.395541
0.910508,22.013960
20.342453,2.535905
20.289842,2.956388
21.094441,2.203252
20.816234,2.617479
20.394781,2.115342
22.013323,0.910618
21.367517,2.641936
21.919135,2.272901
21.231619,1.306221
20.936006,1.718367
21.806775,3.177635
21.230433,3.565416
2.624476,20.856225
3.016444,20.691781
1.337443,21.301059
1.802325,21.491091
1.365894,21.995218
0.000000,21.073487
0.847040,20.483243
0.512296,20.496721
1.715913,20.949052
1.270578,20.465534
0.630657,21.389323
1.018026,21.599873
0.455075,22.032866
-0.000000,21.561922
0.467957,20.955631
0.979617,20.953802
20.482413,0.847130
20.464643,1.270712
21.282468,0.000000
20.495994,0.512287
21.416652,0.659469
21.604611,1.069567
20.970656,0.873421
22.032037,0.454889
21.560842,0.000000
21.004461,0.000000
20.912541,0.434055
21.452061,1.800698
