28.818381,0.000000
28.716032,2.379908
28.420723,4.742174
27.931579,7.074158
27.251363,9.356969
26.385713,11.575541
25.339591,13.714880
24.120247,15.760609
22.736851,17.698374
21.197087,19.516311
19.514366,21.198859
17.695437,22.739396
15.758281,24.122700
13.714990,25.340408
11.573565,26.386188
9.355563,27.252391
7.072591,27.932115
4.742514,28.421014
2.379820,28.717828
-0.000000,28.819910
-0.000000,29.930134
2.474019,29.826814
4.927327,29.522123
7.348223,29.014406
9.719337,28.308355
12.023191,27.409244
14.246328,26.322786
16.371809,25.056703
18.384572,23.618757
20.271418,22.020494
22.020760,20.270439
23.618805,18.383809
25.056446,16.370885
26.322410,14.245250
27.408847,12.023377
28.308065,9.718874
29.014416,7.347330
29.521364,4.928149
29.827555,2.472374
29.929043,-0.000000
14.741403,24.739516
15.311728,25.697251
14.522414,25.511450
14.233639,25.040579
15.502382,24.872559
14.892478,25.051795
15.249807,24.434153
17.381783,24.344945
15.153560,25.363850
15.845924,25.376620
16.575242,24.229293
15.972181,24.400747
16.132234,24.749946
15.684508,25.118548
14.778235,26.014583
13.138030,26.873516
16.733222,23.437700
16.252911,23.780089
17.505044,23.510215
16.908519,23.738891
17.215589,23.092685
19.332543,22.826613
17.193374,24.027922
17.888491,23.982591
18.519879,22.777511
17.930540,22.999745
16.876217,24.705706
13.470483,26.120103
12.330638,26.653504
18.611386,21.974867
18.161335,22.357228
19.386777,21.984499
18.811522,22.261001
19.065285,21.591759
21.151393,21.151565
19.118868,22.526442
19.807575,22.423888
20.337986,21.170597
19.769247,21.440345
18.857082,23.228133
18.120300,23.333250
14.107216,25.979311
13.697844,26.599264
13.883946,25.656063
12.578336,27.145988
10.873343,27.866721
12.647981,25.870754
13.181964,25.611190
12.824296,26.200819
12.118115,26.132578
12.967868,26.551920
20.362401,20.363316
19.945464,20.781216
21.134750,20.308673
20.584855,20.631508
20.781934,19.944276
22.825422,19.333133
20.913624,20.870085
21.591799,20.711650
22.016023,19.419188
21.471788,19.734913
20.710890,21.591994
19.986306,21.756457
11.275337,27.166219
11.903653,27.072058
11.455772,27.638333
10.095499,27.574821
11.684581,26.729875
10.725584,27.539444
10.293293,28.091535
21.974214,18.612575
21.592572,19.063884
22.739976,18.494139
22.218615,18.861261
22.358170,18.159773
24.343927,17.382517
22.565302,19.072180
23.228391,18.858105
23.544781,17.534911
23.028185,17.894121
22.423672,19.807942
21.713428,20.032583
10.468543,26.827718
11.019982,26.610145
10.641832,27.164518
9.918193,27.043674
11.134361,26.877205
8.533886,28.669560
23.436145,16.733762
23.093573,17.215436
24.189593,16.553280
23.699869,16.962012
23.781457,16.252141
25.695840,15.313128
24.063128,17.143879
24.706021,16.875914
24.912013,15.530838
24.427043,15.931451
23.982363,17.889087
23.293724,18.171057
8.992116,27.999306
9.628469,27.959485
9.133924,28.490347
7.782649,28.314710
9.445101,27.601042
8.416902,28.329510
7.938655,28.845431
24.737859,14.741421
24.435856,15.250320
25.473464,14.499607
25.019502,14.946851
25.042118,14.233290
26.872608,13.138495
25.396538,15.098184
26.014964,14.778104
26.109356,13.420970
25.659329,13.859910
25.377435,15.847705
24.714882,16.185403
8.217529,27.600677
8.785690,27.428715
7.650887,27.770561
6.136742,29.276765
25.870981,12.648312
25.611642,13.180868
26.583874,12.346619
26.168643,12.829935
26.131459,12.116950
27.865909,10.874690
26.556373,12.949682
27.146403,12.579196
27.128518,11.219239
26.716157,11.693671
26.599438,13.697735
25.966509,14.089634
8.357255,27.951575
8.878059,27.706272
6.649176,28.647199
7.286058,28.659523
6.749988,29.147511
5.417717,28.861101
7.132895,28.286817
6.048221,28.927862
5.529990,29.402714
26.827213,10.468812
26.612456,11.020965
27.512509,10.109234
27.138973,10.625120
27.042811,9.918027
28.668736,8.536368
27.535120,10.712747
28.092408,10.294435
27.962159,8.940788
27.590701,9.447331
27.639619,11.454513
27.041356,11.897267
5.910036,28.185246
6.490213,28.060694
5.331109,28.307147
3.697194,29.682715
27.600083,8.216891
27.431775,8.786148
28.253927,7.802970
27.923486,8.347235
27.769734,7.650715
29.275777,6.138710
28.325480,8.402218
28.846502,7.939582
28.604791,6.600770
28.276927,7.136754
28.490932,9.132448
27.931550,9.623572
6.020726,28.546059
6.559720,28.344925
4.261014,29.098285
4.894171,29.163665
4.320214,29.605873
3.015975,29.208994
4.773090,28.779622
3.639479,29.328253
3.084521,29.759754
28.184825,5.910042
28.063377,6.490895
28.801434,5.441910
28.518524,6.012126
28.304973,5.331490
29.683792,3.699354
28.922794,6.034923
29.403345,5.529995
29.053133,4.215086
28.768968,4.778067
29.148172,6.748386
28.631245,7.283620
3.563276,28.577901
4.150308,28.500787
2.975472,28.649507
1.236180,29.886400
28.577431,3.564310
28.503352,4.150684
29.151261,3.045775
28.918669,3.636207
28.648913,2.976213
29.888625,1.238222
29.323143,3.626873
29.758554,3.082882
29.300274,1.803651
29.066447,2.386651
29.605926,4.319452
29.134164,4.892809
3.643176,28.947025
4.196471,28.788984
1.843120,29.351161
2.469402,29.467877
1.857168,29.862608
0.000000,29.211360
1.189811,28.774220
0.719025,28.790775
2.381866,29.076772
1.781649,28.748099
0.865708,29.437374
1.396931,29.580657
0.614233,29.912273
0.000000,29.565896
0.655850,29.123725
1.360109,29.110686
28.773982,1.190578
28.746738,1.782997
29.361809,0.000000
28.791594,0.718877
29.459122,0.907329
29.582519,1.467776
29.126148,1.212641
29.911867,0.611696
29.563687,0.000000
29.162745,0.000000
29.093912,0.609819
29.439677,2.469860
