20.231872,0.000000
20.162833,1.670782
19.955512,3.330085
19.612597,4.966685
19.135160,6.569367
18.527224,8.127125
17.792798,9.629319
16.936943,11.065857
15.965774,12.426448
14.884376,13.703085
13.702839,14.884644
12.426198,15.966102
11.065654,16.937305
9.629212,17.793129
8.126964,18.527557
6.569241,19.135589
4.966572,19.613087
3.330038,19.956082
1.670731,20.163556
0.000000,20.232632
-0.000000,21.785947
1.799104,21.711062
3.585844,21.488839
5.348044,21.119145
7.073802,20.605032
8.751146,19.950531
10.368564,19.159671
11.915815,18.238497
13.381254,17.192066
14.754794,16.028532
16.028354,14.754919
17.191851,13.381351
18.238222,11.915891
19.159381,10.368606
19.950223,8.751203
20.604675,7.073787
21.118711,5.347981
21.488294,3.585798
21.710442,1.798981
21.785162,-0.000000
10.347588,17.365472
11.142260,18.699303
10.385949,18.245855
9.988548,17.579328
11.070327,17.762369
10.577649,17.792738
10.706674,17.151451
12.648639,17.715496
10.902926,18.249843
11.529139,18.468901
11.855343,17.329852
11.351617,17.342589
11.606326,17.807602
11.307758,18.113105
10.755429,18.929596
9.559940,19.555339
11.746130,16.451908
11.406079,16.694620
12.501235,16.790911
12.010665,16.860975
12.086248,16.209109
14.068150,16.610510
12.370535,17.289261
13.015091,17.453818
13.245716,16.291839
12.744277,16.347353
12.282257,17.977101
9.643880,18.701581
8.821628,19.070732
13.064722,15.425531
12.745666,15.695854
13.846152,15.701370
13.362598,15.811516
13.383909,15.155220
15.391724,15.391916
13.755784,16.208664
14.411622,16.319549
14.546120,15.141910
14.050941,15.238829
13.724686,16.901402
13.037890,16.788339
10.155999,18.702411
9.964392,19.357555
9.870197,18.239440
9.155511,19.753052
7.912495,20.278035
8.878200,18.160582
9.253786,17.976989
9.116965,18.627373
8.502780,18.344211
9.331472,19.106935
14.293816,14.294035
13.998523,14.589379
15.094219,14.504105
14.621995,14.653919
14.589215,13.998675
16.610265,14.068318
15.047524,15.017117
15.710203,15.073451
15.746509,13.889219
15.261073,14.026596
15.073270,15.710354
14.380477,15.653712
8.079206,19.466058
8.573116,19.497139
8.332028,20.114317
7.221991,19.728179
8.308257,19.003667
7.718191,19.820464
7.493094,20.441629
15.425299,13.064918
15.155028,13.384028
16.241019,13.208147
15.782489,13.396403
15.695665,12.745798
17.715218,12.648785
16.236000,13.723380
16.901229,13.724854
16.839929,12.541549
16.367434,12.718381
16.319349,14.411757
15.623214,14.413168
7.348199,18.831837
7.737610,18.679782
7.565450,19.313909
6.958886,18.983835
7.894513,19.057315
6.210885,20.862346
16.451593,11.746274
16.208880,12.086393
17.276298,11.821899
16.834813,12.047386
16.694415,11.406197
18.698993,11.142408
17.313948,12.335736
17.976883,12.282344
17.817754,11.107729
17.361588,11.323288
17.453578,13.015202
16.760466,13.073720
6.441857,20.059626
6.934818,20.134310
6.642524,20.733773
5.567669,20.257917
6.715719,19.622848
6.056323,20.388739
5.779415,20.990832
17.365120,10.347692
17.151226,10.706806
18.192979,10.354700
17.771851,10.615862
17.579107,9.988639
19.555012,9.560040
18.273229,10.863607
18.929356,10.755507
18.673994,9.598572
18.237156,9.850840
18.468656,11.529283
17.782891,11.644757
5.767990,19.374596
6.168649,19.255128
5.367428,19.493962
4.466865,21.304253
18.160272,8.878309
17.976719,9.253845
18.986017,8.817087
18.587780,9.112076
18.343887,8.502846
20.277674,7.912609
19.107625,9.317641
19.752779,9.155607
19.402855,8.023792
18.988335,8.311280
19.357265,9.964458
18.683136,10.136516
5.940819,19.872965
6.295762,19.647136
4.763495,20.524015
5.248349,20.638872
4.907634,21.211798
3.875654,20.648664
5.071902,20.110864
4.351728,20.819570
4.026310,21.396630
18.831456,7.348316
18.679518,7.737745
19.649406,7.219166
19.276845,7.546006
18.983456,6.958975
20.861923,6.210980
19.811799,7.708012
20.441329,7.493166
19.999283,6.394137
19.609905,6.714869
20.114019,8.332032
19.456470,8.559136
4.148358,19.784851
4.557474,19.698992
3.739308,19.870573
2.692343,21.600194
19.374146,5.768068
19.254825,6.168743
20.178669,5.571889
19.834323,5.928345
19.493504,5.367500
21.303726,4.466916
20.380726,6.045678
20.990462,5.779451
20.459252,4.720841
20.097690,5.072604
20.733375,6.642500
20.096822,6.923158
4.279698,20.295919
4.651650,20.099937
3.052727,20.847705
3.526320,21.002107
3.139257,21.544677
2.157868,20.897958
3.393740,20.460967
2.617932,21.107829
2.245699,21.655791
19.784311,4.148435
19.698591,4.557575
20.570101,3.886306
20.256325,4.270136
19.869975,3.739376
21.599641,2.692356
20.810491,4.341937
21.396136,4.026304
20.778873,3.014845
20.447719,3.395531
21.211320,4.907570
20.600135,5.240000
2.500441,20.060067
2.915209,20.008082
2.085676,20.111838
0.899524,21.748723
20.059440,2.500535
20.007582,2.915280
20.820299,2.174584
20.539595,2.582713
20.111167,2.085754
21.748094,0.899569
21.097852,2.608553
21.655119,2.245619
20.957285,1.289313
20.658567,1.695569
21.544072,3.139211
20.962555,3.520450
2.589745,20.580081
2.976126,20.415084
1.320322,21.027455
1.779730,21.220837
1.349346,21.730112
0.000000,20.795947
0.835321,20.198198
0.505277,20.211648
1.693220,20.671651
1.252994,20.180874
0.622666,21.115953
1.005196,21.329579
0.449684,21.767406
0.000000,21.290696
0.461527,20.676598
0.966606,20.675250
20.197480,0.835368
20.180132,1.253063
21.007866,0.000000
20.210976,0.505275
21.143691,0.651044
21.334599,1.056108
20.692339,0.861795
21.766687,0.449597
21.289857,0.000000
20.726045,0.000000
20.633025,0.428029
21.181384,1.778030
