21.164026,-0.000000
21.090906,1.747749
20.874099,3.483318
20.515299,5.195381
20.015878,6.871857
19.379997,8.501330
18.611729,10.072618
17.716364,11.575216
16.700407,12.998427
15.569243,14.333815
14.333317,15.569740
12.997807,16.701065
11.574726,17.717056
10.072524,18.612144
8.500921,19.380279
6.871557,20.016382
5.195078,20.515811
3.483284,20.874686
1.747617,21.091957
0.000000,21.165140
-0.000000,22.654743
1.871193,22.576443
3.729028,22.345421
5.561401,21.961002
7.355962,21.426444
9.100056,20.745892
10.782098,19.923540
12.390941,18.965586
13.914729,17.877322
15.342980,16.667413
16.667258,15.342999
17.877118,13.914723
18.965244,12.390925
19.923243,10.782009
20.745660,9.100134
21.426189,7.355825
21.960677,5.561139
22.344883,3.728932
22.575874,1.870708
22.653525,-0.000000
10.824375,18.165842
11.586868,19.445644
10.830799,19.027220
10.449185,18.389116
11.547280,18.527623
11.043220,18.576149
11.199781,17.941765
13.153347,18.422512
11.358735,19.012749
11.989418,19.205612
12.362835,18.071757
11.849958,18.103912
12.091572,18.552011
11.776586,18.863549
11.184542,19.685139
9.941495,20.335873
12.287265,17.210059
11.931934,17.463609
13.039657,17.513953
12.539077,17.603164
12.642927,16.956080
14.629486,17.273410
12.887687,18.011836
13.534763,18.150085
13.812831,16.989153
13.303584,17.064797
12.772266,18.694592
10.055164,19.498945
9.198908,19.885976
13.666563,16.136190
13.333229,16.418792
14.442310,16.377432
13.950401,16.507376
14.000543,15.853621
16.005869,16.006142
14.330832,16.886094
14.986987,16.970536
15.168875,15.790104
14.667607,15.907658
14.272014,17.575958
13.582719,17.490054
10.579448,19.482521
10.362507,20.129936
10.302980,19.039394
9.520594,20.541468
8.228130,21.087402
9.287266,18.997378
9.680251,18.805434
9.516730,19.444291
8.895079,19.189515
9.721351,19.905325
14.952303,14.952618
14.643785,15.261348
15.744158,15.128708
15.265291,15.298853
15.261330,14.643786
17.272998,14.629762
15.676504,15.644711
16.337376,15.674728
16.420631,14.483803
15.930865,14.642212
15.674468,16.337447
14.981424,16.308009
8.422538,20.293483
8.930006,20.308936
8.665133,20.916793
7.530909,20.571841
8.672345,19.836914
8.040654,20.648155
7.791756,21.257401
16.135926,13.666872
15.853539,14.000449
16.940314,13.776924
16.476858,13.986005
16.418772,13.333225
18.422076,13.153627
16.914659,14.296896
17.575914,14.272324
17.560881,13.078425
17.085788,13.276549
16.970308,14.987096
16.276097,15.015634
7.686723,19.699622
8.093930,19.540371
7.897186,20.160629
7.279973,19.858591
8.244451,19.901809
6.458512,21.694977
17.209531,12.287425
16.955949,12.643054
18.020214,12.331033
17.575492,12.577613
17.463642,11.931976
19.445183,11.587244
18.037662,12.851294
18.694475,12.772285
18.580649,11.583320
18.123638,11.820256
18.149808,13.534867
17.460871,13.620219
6.715836,20.912814
7.223422,20.972995
6.908153,21.561090
5.805789,21.124148
7.010058,20.483313
6.309436,21.240195
6.009701,21.828425
18.165260,10.824433
17.941773,11.199946
18.976485,10.800758
18.553892,11.083160
18.389195,10.449192
20.335474,9.941727
19.037139,11.317699
19.685047,11.184601
19.473638,10.009607
19.037762,10.283233
19.205452,11.989766
18.526090,12.131594
6.033734,20.267361
6.452779,20.142066
5.615152,20.392189
4.644845,22.154485
18.997133,9.287402
18.805339,9.680132
19.803729,9.196952
19.405827,9.513247
19.189224,8.895012
21.087018,8.228531
19.906483,9.707144
20.541366,9.520835
20.233710,8.367410
19.821934,8.676101
20.129686,10.362554
19.464095,10.560404
6.201363,20.744308
6.574654,20.517361
4.966036,21.396913
5.466657,21.498451
5.104039,22.058206
4.041422,21.531630
5.294153,20.992607
4.533661,21.688958
4.186707,22.250377
19.699227,7.686940
19.540488,8.094224
20.495639,7.530230
20.125247,7.878241
19.858253,7.280073
21.694551,6.458956
20.640112,8.030245
21.257368,7.791996
20.855628,6.667995
20.470752,7.009581
20.916681,8.664978
20.269805,8.917088
4.339451,20.696550
4.767288,20.606320
3.911934,20.786157
2.799473,22.462124
20.266890,6.033818
20.142237,6.452942
21.047671,5.811990
20.707210,6.189361
20.391742,5.615229
22.153884,4.645165
21.232739,6.298371
21.828329,6.009881
21.335161,4.922951
20.979923,5.295244
21.560742,6.907981
20.936914,7.212702
4.467412,21.185743
4.857724,20.990202
3.182500,21.734270
3.672846,21.876812
3.265098,22.404525
2.250038,21.791502
3.542473,21.358158
2.727489,21.989236
2.335208,22.520081
20.695957,4.339598
20.606320,4.767541
21.455866,4.053707
21.147834,4.458093
20.785344,3.912062
22.461733,2.799657
21.680379,4.523489
22.250021,4.186758
21.668606,3.143904
21.345231,3.544670
22.057779,5.103778
21.461238,5.459123
2.615729,20.984530
3.049329,20.929664
2.182138,21.038386
0.935458,22.616656
20.983815,2.616028
20.929493,3.049503
21.716613,2.268311
21.443753,2.696335
21.037534,2.182378
22.616154,0.935730
21.979851,2.717739
22.519193,2.334918
21.854308,1.344596
21.565407,1.770081
22.403817,3.264985
21.838695,3.667525
2.703279,21.482586
3.107895,21.319290
1.376324,21.922010
1.853632,22.104725
1.403490,22.597612
-0.000000,21.703043
0.873624,21.129082
0.528235,21.142644
1.767404,21.578252
1.310436,21.110543
0.648793,22.009787
1.047164,22.213611
0.467312,22.636071
0.000000,22.177721
0.482537,21.588427
1.009123,21.585553
21.128156,0.873797
21.109464,1.310690
21.905793,0.000000
21.141948,0.528206
22.036383,0.678595
22.217890,1.100145
21.602053,0.899772
22.635153,0.466912
22.176287,0.000000
21.636068,0.000000
21.546546,0.447713
22.066733,1.852175
