25.675851,0.000000
25.584883,2.120250
25.321771,4.225134
24.886043,6.302575
24.280033,8.336373
23.508743,10.313065
22.576710,12.219121
21.490378,14.041793
20.257855,15.768273
18.885867,17.388085
17.386628,18.887227
15.766171,20.259757
14.040119,21.492276
12.219143,22.577444
10.311721,23.509101
8.335450,24.280893
6.301573,24.886561
4.225413,25.322101
2.120107,25.586397
-0.000000,25.677255
-0.000000,26.918079
2.224582,26.824610
4.431405,26.550498
6.608545,26.093845
8.740906,25.458833
10.812907,24.650242
12.812021,23.673190
14.723491,22.534734
16.533819,21.241513
18.230779,19.804031
19.804104,18.230206
21.241455,16.533313
22.534367,14.722924
23.672848,12.811255
24.649997,10.812952
25.458647,8.740389
26.093815,6.607698
26.549979,4.431654
26.824960,2.223147
26.916684,-0.000000
13.132857,22.040264
13.769426,23.108917
13.000070,22.837377
12.679553,22.309257
13.871861,22.256923
13.307590,22.385702
13.586901,21.768014
15.630985,21.892927
13.586509,22.741194
14.249066,22.821661
14.837981,21.689864
14.274541,21.807646
14.463524,22.190416
14.069956,22.534223
13.290499,23.393872
11.814485,24.166794
14.907487,20.880436
14.478439,21.186366
15.664125,21.038181
15.109373,21.212668
15.338057,20.572672
17.385254,20.527442
15.415357,21.543565
16.085863,21.567776
16.578718,20.390261
16.025022,20.555568
15.177222,22.216781
12.061691,23.388814
11.039045,23.862215
16.580790,19.577199
16.178623,19.918772
17.348322,19.672889
16.809881,19.892012
16.985774,19.235338
19.020911,19.021235
17.141659,20.197268
17.811650,20.166080
18.206239,18.951614
17.668234,19.161879
16.958759,20.887771
16.246295,20.920174
12.650006,23.296048
12.316848,23.920806
12.409013,22.931134
11.312423,24.411395
9.777925,25.059927
11.267856,23.048342
11.744334,22.816351
11.462036,23.418417
10.794555,23.281601
11.627147,23.807211
18.140735,18.141463
17.768324,18.514647
18.912353,18.173210
18.394512,18.435845
18.515203,17.767560
20.526496,17.385785
18.750963,18.712278
19.416296,18.626259
19.708480,17.383774
19.189886,17.637619
18.625716,19.416276
17.919341,19.506410
10.098268,24.330849
10.675279,24.278374
10.300384,24.855443
9.037752,24.686529
10.443959,23.891011
9.616808,24.693592
9.257655,25.261848
19.576724,16.581617
19.235844,16.984775
20.348969,16.549403
19.854431,16.853907
19.919447,16.177697
21.892042,15.631629
20.231885,17.100206
20.888057,16.959544
21.077007,15.696971
20.580953,15.992466
20.165851,17.811809
19.467876,17.960717
9.326038,23.900689
9.818648,23.706917
9.511449,24.280122
8.834769,24.093314
9.945027,24.006257
7.674429,25.781870
20.879199,14.907831
20.573172,15.337991
21.646152,14.812633
21.178156,15.156726
21.187352,14.477980
23.107856,13.770504
21.574937,15.371224
22.217044,15.176967
22.300979,13.902809
21.831153,14.238309
21.567523,16.086158
20.884841,16.291670
8.052966,25.075812
8.634922,25.073650
8.212330,25.621531
6.967322,25.349029
8.442227,24.669674
7.546616,25.401873
7.140031,25.940032
22.038880,13.132854
21.769125,13.587238
22.795006,12.974742
22.357326,13.355981
22.310422,12.679257
24.166032,11.814945
22.770484,13.537007
23.394213,13.290383
23.372827,12.014065
22.932458,12.386905
22.822063,14.250281
22.159008,14.511273
7.320618,24.589386
7.827950,24.436391
6.814860,24.740775
5.518858,26.327871
23.048312,11.268093
22.816727,11.743520
23.788709,11.048174
23.384109,11.464286
23.280962,10.793787
25.059254,9.779085
23.810367,11.610655
24.411757,11.313064
24.285117,10.043085
23.877003,10.450916
23.920807,12.316739
23.281164,12.632168
7.469317,24.983484
7.930103,24.747298
5.954690,25.656122
6.534420,25.701500
6.068437,26.212418
4.850079,25.838111
6.375597,25.282702
5.422824,25.938394
4.973867,26.441272
23.900161,9.326354
23.708454,9.819376
24.619722,9.046080
24.251146,9.494044
24.092778,8.834699
25.781226,7.676210
24.687905,9.604990
25.262526,9.258455
25.031444,8.003456
24.658570,8.443327
24.856141,10.299440
24.244891,10.666532
5.264951,25.110153
5.782882,24.999454
4.748214,25.218765
3.325425,26.692989
24.588807,7.320330
24.438415,7.828262
25.283047,6.982187
24.952279,7.458705
24.740174,6.814728
26.327042,5.520269
25.396591,7.533387
25.940788,7.140729
25.606762,5.908730
25.271913,6.378334
25.621622,8.211349
25.042937,8.627919
5.380975,25.514899
5.859273,25.317668
3.816020,26.060206
4.389594,26.153699
3.883182,26.624443
2.699987,26.149620
4.266223,25.723157
3.262904,26.297364
2.774325,26.762264
25.109618,5.265070
25.001189,5.783463
25.773128,4.869620
25.483761,5.372197
25.217171,4.748453
26.693645,3.326718
25.932044,5.410797
26.441616,4.974017
26.007787,3.773326
25.711769,4.270113
26.212568,6.067330
25.670200,6.530137
3.174102,25.459790
3.698391,25.391606
2.649598,25.524041
1.111703,26.876392
25.459273,3.174914
25.393210,3.698702
26.086085,2.725259
25.841131,3.249090
25.523299,2.650199
26.877617,1.113080
26.290811,3.251438
26.761175,2.773260
26.229518,1.614263
25.977533,2.132666
26.624057,3.882790
26.121322,4.386678
3.256013,25.873047
3.748435,25.714372
1.650282,26.286304
2.215026,26.426372
1.669235,26.854835
0.000000,26.118060
1.059750,25.634944
0.640340,25.649896
2.128660,25.988661
1.588386,25.611585
0.776221,26.372367
1.252458,26.536957
0.553468,26.899551
0.000000,26.514078
0.584576,26.021474
1.215688,26.012301
25.634393,1.060339
25.610273,1.589277
26.286418,0.000000
25.650196,0.640236
26.395725,0.812997
26.539590,1.315861
26.027938,1.083990
26.898954,0.551752
26.511938,0.000000
26.063290,0.000000
25.987422,0.543188
26.394840,2.214698
