22.658188,-0.000000
22.578866,1.871089
22.346739,3.728918
21.962432,5.561956
21.427712,7.356733
20.747002,9.101180
19.924507,10.783292
18.965891,12.391851
17.878214,13.915478
16.667309,15.345049
15.344202,16.668123
13.914328,17.879330
12.390943,18.967040
10.783241,19.925052
9.100450,20.747279
7.356232,21.428345
5.561431,21.962940
3.728997,22.347216
1.870922,22.580104
0.000000,22.659452
-0.000000,24.056758
1.987460,23.973240
3.960064,23.728066
5.905768,23.319902
7.811397,22.752328
9.663274,22.029692
11.449592,21.156495
13.157904,20.139204
14.775913,18.983511
16.292518,17.698766
17.698679,16.292340
18.983353,14.775727
20.138819,13.157703
21.156186,11.449250
22.029501,9.663321
22.752147,7.811070
23.319724,5.905241
23.727603,3.960002
23.973012,1.986552
24.055343,0.000000
11.588723,19.448758
12.304530,20.650258
11.546500,20.284266
11.187656,19.687141
12.314425,19.758381
11.791280,19.834747
11.990243,19.208642
13.968042,19.563709
12.092897,20.241467
12.732407,20.394696
13.179394,19.265404
12.650811,19.327297
12.873198,19.751005
12.532043,20.072709
11.877111,20.904644
10.557372,21.595631
13.154822,18.425375
12.775039,18.696280
13.905742,18.676961
13.388170,18.795630
13.535358,18.153534
15.535634,18.343446
13.720678,19.175692
14.373620,19.273941
14.725338,18.111165
14.202471,18.217785
13.563153,19.852745
10.717015,20.782001
9.805960,21.197665
14.631463,17.275497
14.275295,17.577699
15.401297,17.464930
14.894997,17.625507
14.989065,16.973286
16.997277,16.997610
15.257127,17.977276
15.915792,18.021343
16.170933,16.833091
15.658702,16.982534
15.155509,18.664900
14.460402,18.620379
11.261636,20.739102
11.005128,21.376526
10.998537,20.324845
10.109840,21.813992
8.737674,22.393716
9.943036,20.338715
10.363802,20.133441
10.159217,20.756988
9.523985,20.544483
10.349364,21.191187
16.007998,16.008452
15.678308,16.338579
16.789659,16.133416
16.299025,16.335173
16.338792,15.678043
18.342825,15.536027
16.689680,16.655620
17.349807,16.645296
17.505326,15.440514
17.007318,15.631589
16.644943,17.349781
15.949520,17.361979
8.975156,21.625059
9.504996,21.616722
9.202840,22.211969
8.027989,21.929237
9.257475,21.175933
8.560057,21.981276
8.273817,22.574134
17.275182,14.631935
16.973410,14.988630
18.065178,14.691844
17.592635,14.933423
17.577948,14.275005
19.563087,13.968476
18.007840,15.220705
18.665028,15.155995
18.720887,13.942277
18.240244,14.173599
18.021110,15.915874
17.327849,15.986120
8.229450,21.090650
8.665074,20.919912
8.430342,21.521286
7.794741,21.260784
8.806481,21.258185
6.858274,23.038874
18.424573,13.155016
18.153610,13.535422
19.216787,13.149973
18.765633,13.429613
18.696680,12.774919
20.649585,12.305181
19.203365,13.681715
19.852793,13.563050
19.808046,12.348518
19.348244,12.618918
19.273659,14.373740
18.589141,14.500533
7.156810,22.285845
7.688426,22.324060
7.336965,22.896342
6.188958,22.517881
7.483087,21.866047
6.717139,22.611612
6.381401,23.180389
19.447859,11.588726
19.209038,11.990452
20.236636,11.518191
19.810386,11.833989
19.687650,11.187529
21.595102,10.557716
20.267482,12.049060
20.904754,11.877093
20.760066,10.670885
20.324224,10.978066
20.394714,12.733041
19.723224,12.915762
6.459782,21.698439
6.908196,21.563890
6.012338,21.832049
4.932178,23.526801
20.338536,9.943191
20.133558,10.363407
21.118832,9.807880
20.720098,10.157779
20.544143,9.523669
22.393240,8.738405
21.193039,10.334441
21.814100,10.110229
21.570344,8.920218
21.161374,9.262317
21.376353,11.005101
20.721942,11.243121
6.620126,22.144519
7.022609,21.915142
5.292059,22.801667
5.818409,22.883216
5.421114,23.424282
4.308177,22.952274
5.651339,22.409571
4.826693,23.089272
4.445570,23.628406
21.090201,8.229732
20.920556,8.665533
21.856634,8.030491
21.488288,8.412013
21.260433,7.794785
23.038400,6.859211
21.974096,8.549198
22.574413,8.274256
22.233306,7.108570
21.854023,7.483133
22.212124,9.202387
21.579741,9.493587
4.645844,22.157954
5.103614,22.060841
4.188764,22.253826
2.972393,23.853303
21.697934,6.459771
21.564743,6.908399
22.445372,6.198157
22.109626,6.608693
21.831593,6.012338
23.526136,4.932906
22.604956,6.705354
23.180654,6.381776
22.744411,5.248134
22.397613,5.652985
22.896099,7.336521
22.289983,7.679049
4.769129,22.615657
5.188723,22.420192
3.391406,23.161005
3.908951,23.285909
3.468268,23.792230
2.398416,23.229146
3.781511,22.799885
2.903940,23.408871
2.479629,23.915023
22.157372,4.646006
22.061483,5.104004
22.880594,4.322958
22.580258,4.760059
22.252770,4.188918
23.853320,2.972923
23.081501,4.815901
23.628328,4.445699
23.100170,3.351550
22.787545,3.784293
23.424020,5.420556
22.848221,5.812053
2.800586,22.466345
3.264303,22.406977
2.336860,22.523598
0.993426,24.017381
22.465707,2.801097
22.407455,3.264542
23.158491,2.419091
22.896530,2.878905
22.522750,2.337256
24.017449,0.994078
23.400539,2.893611
23.914051,2.479074
23.297717,1.433546
23.022801,1.889826
23.791578,3.468086
23.249960,3.904464
2.885802,22.932786
3.319567,22.771622
1.466567,23.361454
1.972693,23.528564
1.490856,23.997593
0.000000,23.160913
0.935154,22.621076
0.565205,22.634952
1.886673,23.035013
1.402525,22.600782
0.690828,23.448356
1.114789,23.637810
0.495691,24.038001
-0.000000,23.606459
0.516273,23.053089
1.077400,23.047976
22.620224,0.935486
22.599565,1.403006
23.350815,0.000000
22.634586,0.565140
23.473687,0.722932
23.641409,1.171165
23.064046,0.960702
24.037159,0.494829
23.604633,0.000000
23.098493,0.000000
23.014049,0.479293
23.492963,1.971619
