20.658940,0.000000
20.588010,1.706051
20.376358,3.400299
20.026176,5.071474
19.538677,6.707965
18.917943,8.298578
18.168008,9.832420
17.294039,11.299215
16.302338,12.688490
15.198132,13.992043
13.991674,15.198512
12.688062,16.302824
11.298873,17.294557
9.832311,18.168376
8.298290,18.918244
6.707744,19.539141
5.071258,20.026689
3.400242,20.376967
1.705951,20.588940
-0.000000,20.659930
-0.000000,22.183420
1.832089,22.106950
3.651350,21.880693
5.445644,21.504257
7.202875,20.980791
8.910750,20.314374
10.557732,19.509107
12.133154,18.571100
13.625278,17.505522
15.023838,16.320770
16.320597,15.023922
17.505307,13.625334
18.570789,12.133197
19.508814,10.557726
20.314109,8.910829
20.980487,7.202808
21.503868,5.445487
21.880127,3.651269
22.106302,1.831786
22.182363,-0.000000
10.566025,17.732182
11.345642,19.040722
10.589591,18.603560
10.199585,17.950353
11.288677,18.112720
10.790838,18.151490
10.932590,17.513548
12.879509,18.038916
11.111531,18.599008
11.739687,18.805912
12.087653,17.669482
11.579802,17.691207
11.828399,18.148295
11.522300,18.456532
10.951728,19.275222
9.734480,19.912406
11.994041,16.799264
11.646987,17.046944
12.747718,17.121922
12.252623,17.200839
12.341283,16.551338
14.324917,16.913742
12.607210,17.619956
13.252805,17.772319
13.505316,16.611044
13.000371,16.675866
12.506409,18.305311
9.832146,19.066594
8.994334,19.443940
13.340442,15.751116
13.014841,16.027070
14.119061,16.010865
13.631744,16.130153
13.666412,15.475187
15.672645,15.672882
14.018949,16.518690
14.674805,16.617332
14.831187,15.438626
14.333295,15.545076
13.975049,17.209961
13.287223,17.109480
10.349786,19.059442
10.146506,19.710892
10.068362,18.605752
9.322518,20.113722
8.056875,20.648292
9.065613,18.543981
9.449177,18.356558
9.300012,19.001455
8.682510,18.731509
9.509902,19.472343
14.595490,14.595758
14.294136,14.897239
15.391749,14.790042
14.916554,14.949234
14.897138,14.294224
16.913413,14.325143
15.335370,15.304335
15.997083,15.348494
16.055092,14.161396
15.567756,14.308476
15.348270,15.997199
14.655489,15.953147
8.236360,19.844824
8.736441,19.868663
8.484402,20.481423
7.363402,20.114398
8.474969,19.385222
7.865769,20.199280
7.629716,20.814811
15.750866,13.340695
15.475041,13.666438
16.561150,13.468529
16.100439,13.666382
16.026956,13.014920
18.038559,12.879726
16.546585,13.985850
17.209846,13.975290
17.169957,12.787313
16.696360,12.973958
16.617112,14.674932
15.921995,14.688883
7.503291,19.229434
7.900862,19.074079
7.717347,19.701634
7.105989,19.384626
8.054769,19.444066
6.324157,21.243244
16.798846,11.994196
16.551149,12.341426
17.616866,12.054983
17.173977,12.290180
17.046848,11.647078
19.040340,11.345908
17.645160,12.571687
18.305136,12.506472
18.166995,11.325446
17.710534,11.550848
17.772055,13.252917
17.081001,13.323826
6.567267,20.450186
7.066891,20.518143
6.764030,21.112244
5.676670,20.654468
6.850494,20.016869
6.172162,20.778431
5.884759,21.373996
17.731721,10.566112
17.513428,10.932742
18.551686,10.558915
18.129970,10.829849
17.950273,10.199644
19.912049,9.734655
18.622852,11.071436
19.275052,10.951809
19.040072,9.786743
18.603771,10.048840
18.805702,11.739934
18.123022,11.867566
5.889738,19.783639
6.298827,19.661496
5.480918,19.905506
4.548279,21.693205
18.543706,9.065743
18.356374,9.449160
19.360393,8.991003
18.962397,9.295788
18.731209,8.682526
20.647926,8.057136
19.473255,9.495914
20.113534,9.322695
19.783223,8.181103
19.370064,8.478343
19.710620,10.146575
19.040564,10.330523
6.060117,20.271968
6.423480,20.045667
4.856203,20.923600
5.348252,21.032266
4.997475,21.599005
3.951535,21.052880
5.173668,20.514627
4.434993,21.217472
4.099687,21.787189
19.229050,7.503470
19.073997,7.901085
20.036838,7.361585
19.665363,7.698152
19.384272,7.106098
21.242820,6.324418
20.190911,7.855497
20.814643,7.629875
20.391316,6.519511
20.004106,6.849828
20.481214,8.484343
19.828723,8.722968
4.235903,20.202574
4.653600,20.114703
3.818389,20.290074
2.741352,21.994504
19.783175,5.889835
19.661412,6.298967
20.576514,5.681815
20.234047,6.047878
19.905048,5.481008
21.692627,4.548452
20.770677,6.161333
21.373753,5.884864
20.860227,4.813366
20.501673,5.174559
21.111867,6.763945
20.481316,7.055679
4.365647,20.703387
4.746020,20.507647
3.112127,21.253552
3.593374,21.402430
3.196822,21.938041
2.200056,21.307024
3.461843,20.871813
2.668074,21.511239
2.286651,22.051185
20.201988,4.236027
20.114473,4.653787
20.975608,3.962946
20.664562,4.356212
20.289352,3.818497
21.993988,2.741433
21.208607,4.425029
21.786738,4.099704
21.186162,3.073927
20.858685,3.463828
21.598534,4.997319
20.994235,5.340288
2.553257,20.483646
2.976656,20.430333
2.129862,20.536370
0.915966,22.145795
20.482935,2.553459
20.429949,2.976789
21.230614,2.217492
20.953614,2.634744
20.535564,2.130028
22.145160,0.916111
21.501498,2.658523
22.050365,2.286465
21.367896,1.314621
21.073790,1.729689
21.937350,3.196738
21.363524,3.587758
2.641727,20.993367
3.036467,20.829187
1.345950,21.436976
1.813552,21.625372
1.374119,22.126987
0.000000,21.211325
0.852860,20.624732
0.515783,20.638225
1.727185,21.086817
1.279308,20.606837
0.634626,21.525127
1.024402,21.734175
0.457753,22.164812
0.000000,21.696682
0.471150,21.094195
0.986077,21.092132
20.623852,0.852970
20.605876,1.279471
21.418881,0.000000
20.637477,0.515770
21.552263,0.663655
21.738782,1.076256
21.108877,0.879192
22.163935,0.457519
21.695491,0.000000
21.142730,0.000000
21.051346,0.437046
21.586550,1.811962
