23.203758,-0.000000
23.122256,1.916127
22.884527,3.818610
22.490913,5.695829
21.943303,7.533810
21.246220,9.320242
20.403923,11.042833
19.422217,12.690094
18.308355,14.250392
17.068331,15.714356
15.713386,17.069256
14.249057,18.309630
12.689038,19.423523
11.042794,20.404516
9.319399,21.246512
7.533235,21.943989
5.695222,22.491429
3.818732,22.884976
1.915959,23.123555
0.000000,23.205061
-0.000000,24.571341
2.030118,24.485973
4.044848,24.235604
6.032161,23.818722
7.978560,23.239024
9.870011,22.500934
11.694597,21.609066
13.439432,20.569992
15.092027,19.389560
16.641065,18.077347
18.077284,16.640817
19.389416,15.091781
20.569597,13.439165
21.608747,11.694171
22.500738,9.870049
23.238847,7.978179
23.818576,6.031555
24.235141,4.044820
24.485859,2.029086
24.569893,0.000000
11.867850,19.917242
12.567955,21.092409
11.808557,20.744547
11.457339,20.161148
12.595261,20.208931
12.064917,20.295122
12.278889,19.671291
14.267083,19.982584
12.361940,20.691746
13.005134,20.831148
13.478396,19.702482
12.943796,19.774861
13.159648,20.190404
12.808978,20.515959
12.131301,21.352277
10.783434,22.058019
13.471645,18.869183
13.082946,19.146422
14.222808,19.102732
13.698775,19.231827
13.861247,18.590833
15.868246,18.736204
14.025939,19.602213
14.681529,19.686452
15.059466,18.522027
14.531328,18.639611
13.853431,20.277862
10.959397,21.251883
10.028251,21.677994
14.983835,17.691567
14.619343,18.000907
15.752376,17.863062
15.240547,18.034527
15.350036,17.382185
17.361183,17.361529
15.596584,18.377163
16.256721,18.407042
16.537856,17.215011
16.021296,17.375777
15.479794,19.064623
14.782068,19.034624
11.511675,21.199638
11.241009,21.834079
11.253020,20.795123
10.326112,22.281081
8.924723,22.873195
10.182515,20.828542
10.613392,20.618418
10.394282,21.237227
9.753657,21.039285
10.579520,21.662410
16.393525,16.394034
16.056109,16.731959
17.172412,16.501232
16.677174,16.714266
16.732244,16.055752
18.735512,15.868674
17.060976,17.026086
17.721425,17.001543
17.902508,15.790839
17.401136,15.993556
17.001155,17.721385
16.304318,17.748240
9.177567,22.112748
9.715753,22.096071
9.400211,22.687358
8.210016,22.426296
9.471551,21.665825
8.750404,22.469834
8.450751,23.057459
17.691224,14.984372
17.382379,15.349488
18.476983,15.026794
18.000796,15.279997
18.001241,14.618943
19.981901,14.267566
18.408454,15.559255
19.064794,15.480341
19.145644,14.258604
18.662597,14.501791
18.406807,16.256806
17.713305,16.341789
8.427661,21.598627
8.873626,21.423710
8.625407,22.019087
7.982736,21.772834
9.012008,21.754232
7.005025,23.532156
18.868288,13.471861
18.590983,13.861289
19.654840,13.449782
19.200994,13.741286
19.146941,13.082767
21.091658,12.568696
19.630553,13.986041
20.277958,13.853293
20.257471,12.628717
19.796258,12.911114
19.686170,14.681670
19.002637,14.823155
7.318323,22.788712
7.858875,22.819260
7.494374,23.386435
6.329272,23.028252
7.656147,22.371924
6.866550,23.114208
6.517830,23.676649
19.916235,11.867846
19.671820,12.279119
20.697956,11.780835
20.270009,12.108648
20.161792,11.457174
22.057437,10.783809
20.718349,12.317080
21.352440,12.131259
21.231097,10.913027
20.794856,11.232271
20.831229,13.005876
20.161953,13.203147
6.615379,22.221043
7.074484,22.083137
6.157398,22.357866
5.037662,24.030521
20.828380,10.182683
20.618592,10.612910
21.600261,10.031531
21.200850,10.393551
21.038901,9.753255
22.872676,8.925552
21.664500,10.564322
22.281245,10.326551
22.059763,9.122641
21.651385,9.476783
21.833931,11.240960
21.182910,11.493320
6.773342,22.656785
7.186426,22.426350
5.411478,23.316157
5.947348,23.390780
5.537511,23.925694
4.405863,23.472501
5.782018,22.927982
4.934077,23.602464
4.540580,24.134236
21.598152,8.427957
21.424522,8.874139
22.354868,8.213626
21.986879,8.607271
21.772455,7.982758
23.531648,7.006129
22.462937,8.739375
23.057823,8.451258
22.737754,7.269896
22.360075,7.656383
22.687604,9.399657
22.059792,9.704860
4.757746,22.691631
5.226421,22.592034
4.289879,22.789801
3.035871,24.363955
22.220516,6.615325
22.084213,7.074704
22.957051,6.339532
22.622619,6.762085
22.357386,6.157369
24.029821,5.038526
23.107813,6.854502
23.677015,6.518271
23.260429,5.367215
22.916255,5.783864
23.386234,7.493830
22.785846,7.849957
4.879521,23.138795
5.309768,22.943186
3.467929,23.683550
3.995502,23.802389
3.542862,24.301573
2.452767,23.755607
3.868966,23.327350
2.968602,23.929147
2.532631,24.427046
22.691048,4.757905
22.592884,5.226854
23.402167,4.421530
23.104233,4.870521
22.788645,4.290043
24.364100,3.036534
23.594962,4.923060
24.134239,4.540726
23.624356,3.427586
23.315197,3.871955
23.925491,5.536850
23.356516,5.941394
2.868099,23.007475
3.342792,22.946490
2.393380,23.065984
1.014699,24.531517
23.006858,2.868674
22.947183,3.343047
23.686368,2.474296
23.427937,2.945698
23.065142,2.393820
24.531798,1.015487
23.921164,2.958065
24.426045,2.531984
23.826253,1.466119
23.555968,1.933638
24.300949,3.542650
23.767153,3.991308
2.952591,23.463334
3.396980,23.302785
1.499649,23.888635
2.016334,24.050448
1.522926,24.511438
0.000000,23.694377
0.957652,23.165909
0.578748,23.179938
1.930322,23.567967
1.436144,23.145020
0.706221,23.975298
1.139580,24.159875
0.506093,24.552587
0.000000,24.130117
0.528606,23.588814
1.102366,23.582929
23.165099,0.958037
23.143769,1.436700
23.879986,0.000000
23.179695,0.578673
24.000222,0.739169
24.163266,1.197213
23.598884,0.982970
24.551783,0.505069
24.128196,0.000000
23.633483,0.000000
23.550746,0.490834
24.015650,2.015397
