25.440297,-0.000000
25.350208,2.100796
25.089513,4.186391
24.657794,6.244753
24.057348,8.259890
23.293130,10.218453
22.369648,12.107026
21.293286,13.912982
20.072071,15.623627
18.712658,17.228589
17.227171,18.713986
15.621590,20.073925
13.911360,21.295141
12.107040,22.370381
10.217155,23.293490
8.259001,24.058203
6.243790,24.658322
4.186659,25.089862
2.100650,25.351713
-0.000000,25.441704
-0.000000,26.693518
2.205978,26.600804
4.394421,26.328968
6.553391,25.876121
8.667955,25.246403
10.722675,24.444559
12.705086,23.475661
14.600605,22.346717
16.395839,21.064287
18.078643,19.638792
19.638846,18.078105
21.064215,16.395359
22.346338,14.600069
23.475313,12.704351
24.444313,10.722716
25.246211,8.667444
25.876073,6.552560
26.328448,4.394636
26.601105,2.204572
26.692097,0.000000
13.012308,21.837964
13.654445,22.915950
12.886279,22.637512
12.563081,22.104563
13.749963,22.061378
13.189008,22.186222
13.462263,21.568211
15.500459,21.710120
13.469479,22.545338
14.130020,22.631181
14.708133,21.500066
14.147541,21.613657
14.338909,21.999279
13.949416,22.341296
13.179573,23.198498
11.715814,23.964999
14.770658,20.688783
14.345452,20.991981
15.526498,20.853376
14.974764,21.023656
15.197332,20.383817
17.240078,20.356032
15.282573,21.358037
15.951470,21.387745
16.433626,20.211838
15.882471,20.372723
15.050546,22.031232
11.956407,23.184709
10.942509,23.653607
16.428607,19.397512
16.030028,19.736021
17.195928,19.500078
16.660123,19.714767
16.829908,19.058744
18.862076,18.862412
16.993999,20.023329
17.662845,19.997751
18.046903,18.785764
17.511057,18.991428
16.817228,20.713298
16.106352,20.739974
12.541201,23.095687
12.213891,23.721120
12.298684,22.727290
11.218039,24.207532
9.696268,24.850672
11.164427,22.836818
11.636573,22.606902
11.360130,23.210266
10.695362,23.067934
11.527024,23.602242
17.974233,17.974947
17.605157,18.344776
18.746208,18.013564
18.230632,18.271568
18.345306,17.604435
20.355101,17.240605
18.589454,18.551136
19.254101,18.470784
19.536003,17.231645
19.019175,17.480722
18.470253,19.254077
17.764987,19.338384
10.010316,24.118980
10.583563,24.069788
10.214241,24.647972
8.958696,24.470666
10.351153,23.678651
9.534006,24.481073
9.180440,25.050896
19.397044,16.429411
19.059217,16.828951
20.170217,16.404018
19.677545,16.703720
19.736661,16.029157
21.709243,15.501095
20.057622,16.952942
20.713574,16.817995
20.892554,15.559602
20.397874,15.850206
19.997517,17.662997
19.300185,17.805997
9.240421,23.681326
9.728602,23.489344
9.426887,24.064346
8.753572,23.872198
9.856016,23.791407
7.610362,25.566586
20.687568,14.770992
20.384278,15.197280
21.456005,14.682502
20.989482,15.021659
20.992921,14.345023
22.914909,13.655497
21.389115,15.238845
22.031477,15.050301
22.105816,13.781128
21.636952,14.111650
21.387483,15.951749
20.704952,16.151325
7.982789,24.857355
8.560742,24.858179
8.143621,25.407651
6.906384,25.127383
8.367206,24.450391
7.481623,25.183247
7.080490,25.723434
21.836603,13.012305
21.569263,13.462591
22.594763,12.860743
22.158142,13.236955
22.105679,12.562797
23.964243,11.716271
22.574365,13.420421
23.198821,13.179464
23.168285,11.908912
22.728456,12.276713
22.631545,14.131193
21.968143,14.386256
7.253407,24.363707
7.756159,24.212142
6.752205,24.513709
5.472802,26.108027
22.836764,11.164658
22.607256,11.635790
23.579740,10.951101
23.175769,11.362112
23.067315,10.694628
24.850003,9.697405
23.605290,11.510660
24.207872,11.218664
24.072587,9.955179
23.664600,10.357950
23.721099,12.213787
23.080628,12.523329
7.402893,24.761445
7.859155,24.525868
5.902797,25.432615
6.478303,25.480642
6.017626,25.993597
4.807653,25.612183
6.318947,25.057981
5.376117,25.715154
4.932404,26.220497
23.680790,9.240740
23.490807,9.729312
24.403455,8.966596
24.035076,9.409423
23.871672,8.753512
25.565946,7.612084
24.475268,9.522265
25.051540,9.181213
24.812387,7.933399
24.439212,8.368223
24.648616,10.213330
24.036055,10.574625
5.216612,24.879692
5.729861,24.770043
4.704532,24.987308
3.297713,26.470108
24.363121,7.253145
24.214071,7.756462
25.060941,6.920823
24.729970,7.392229
24.513111,6.752082
26.107199,5.474165
25.177855,7.468506
25.724149,7.081167
25.382675,5.857010
25.047101,6.321600
25.407699,8.142681
24.827220,8.553568
5.333116,25.288143
5.806849,25.091129
3.782768,25.833191
4.351922,25.928962
3.850607,26.402164
2.676372,25.920976
4.228309,25.494517
3.234779,26.071035
2.751197,26.538796
24.879141,5.216738
24.771688,5.730432
25.546729,4.826835
25.256694,5.324323
24.985746,4.704764
26.470712,3.298943
25.708689,5.364186
26.220802,4.932559
25.780160,3.740307
25.483052,4.232115
25.993700,6.016559
25.449074,6.473870
3.144939,25.226108
3.664512,25.158602
2.625178,25.289810
1.102421,26.651998
25.225573,3.145732
25.160115,3.664818
25.856935,2.701296
25.610857,3.220134
25.289045,2.625766
26.653127,1.103744
26.064348,3.223401
26.537704,2.750173
25.999994,1.600112
25.746436,2.113670
26.401740,3.850236
25.896327,4.348888
3.227053,25.643087
3.714904,25.484292
1.635883,26.057285
2.196033,26.199282
1.655230,26.630593
0.000000,25.886718
1.050012,25.399672
0.634457,25.414522
2.109726,25.757649
1.573887,25.376535
0.769535,26.143375
1.241668,26.309733
0.548937,26.674955
-0.000000,26.286220
0.579238,25.789358
1.204878,25.780487
25.399085,1.050584
25.375216,1.574747
26.056573,0.000000
25.414763,0.634356
26.166857,0.805946
26.312419,1.304517
25.796134,1.074357
26.674328,0.547285
26.284080,0.000000
25.831407,0.000000
25.754941,0.538196
26.167454,2.195648
