27.318242,0.000000
27.221257,2.255925
26.941306,4.495321
26.477646,6.705796
25.832850,8.869726
25.012247,10.972831
24.020589,13.000804
22.864742,14.940045
21.553373,16.776946
20.093700,18.500305
18.498574,20.095296
16.774389,21.555631
14.938010,22.866957
13.000870,24.021379
10.971157,25.012663
8.868555,25.833803
6.704505,26.478171
4.495652,26.941601
2.255812,27.222917
0.000000,27.319709
-0.000000,28.488791
2.354678,28.390127
4.690046,28.100084
6.994285,27.616803
9.251142,26.944750
11.444037,26.088958
13.559971,25.054862
15.583027,23.849860
17.498923,22.481163
19.294901,20.959837
20.960009,19.294114
22.481162,17.498271
23.849542,15.582269
25.054502,13.559026
26.088643,11.444137
26.944520,9.250625
27.616805,6.993382
28.099456,4.690569
28.390705,2.353095
28.487530,0.000000
13.973478,23.450932
14.573675,24.458656
13.794780,24.233301
13.491726,23.736658
14.723103,23.622480
14.135285,23.778073
14.455976,23.161334
16.543957,23.171589
14.404258,24.109793
15.081759,24.153999
15.744861,23.015491
15.161067,23.161814
15.334301,23.526059
14.912387,23.882627
14.066331,24.760475
12.504660,25.578274
15.861618,22.216883
15.405782,22.541868
16.625210,22.328754
16.048951,22.531984
16.319298,21.889634
18.400696,21.726392
16.343194,22.839994
17.025875,22.827030
17.592052,21.636442
17.020106,21.831953
16.063221,23.514661
12.797072,24.814501
11.713280,25.319275
17.641982,20.830226
17.214796,21.193136
18.412527,20.879706
17.855207,21.129204
18.072581,20.466802
20.131881,20.132140
18.173442,21.412717
18.852461,21.343466
19.319059,20.109966
18.765409,20.351733
17.948682,22.108178
17.224193,22.179391
13.410373,24.696215
13.036990,25.317541
13.179213,24.354125
11.972569,25.837381
10.349118,26.523592
11.989102,24.523360
12.495693,24.276930
12.173412,24.871442
11.486252,24.771556
12.326779,25.239499
19.301777,19.302620
18.906107,19.699183
20.072586,19.288076
19.538392,19.582518
19.699849,18.905107
21.725310,18.401264
19.879520,19.838301
20.550756,19.713736
20.913071,18.446297
20.381525,18.732860
19.713082,20.550827
18.997933,20.680554
10.712647,25.810826
11.316234,25.736102
10.902898,26.306638
9.589906,26.194241
11.091812,25.373478
10.195404,26.178649
9.797719,26.737422
20.829655,17.643003
20.467483,18.071348
21.597234,17.564691
21.089097,17.902233
21.193973,17.213529
23.170617,16.544662
21.449551,18.129251
22.108467,17.949601
22.365239,16.656407
21.858931,16.985537
21.343243,18.852716
20.639662,19.041879
9.923092,25.430378
10.446507,25.224147
10.101746,25.786394
9.400970,25.635207
10.566221,25.505740
8.122582,27.287714
22.215463,15.862065
21.890346,16.319176
22.973994,15.721378
22.495093,16.099519
22.543082,15.405151
24.457405,14.574934
22.873370,16.296254
23.514971,16.062929
23.663999,14.752668
23.186763,15.122488
22.826792,17.026317
22.141859,17.272389
8.543167,26.601797
9.153339,26.579476
8.692915,27.117543
7.392935,26.897137
8.965931,26.200453
8.000762,26.929610
7.556490,27.455091
23.449376,13.973489
23.162776,14.456398
24.193340,13.770834
23.747621,14.186797
23.738058,13.491388
25.577423,12.505134
24.140861,14.351681
24.760859,14.066198
24.801358,12.748493
24.356473,13.156124
24.154615,15.083278
23.492729,15.384883
7.789323,26.163112
8.328508,26.000181
7.251772,26.324173
5.841038,27.865624
24.523450,11.989390
24.277369,12.494714
25.247975,11.726060
24.838305,12.177481
24.770683,11.485268
26.522836,10.350405
25.243338,12.309403
25.837797,11.973331
25.769436,10.657056
25.359652,11.099893
25.317636,13.036873
24.682450,13.392718
7.933002,26.533472
8.425230,26.292739
6.317180,27.217383
6.926610,27.244985
6.423844,27.742992
5.146395,27.416133
6.771057,26.851464
5.749186,27.498388
5.263870,27.985554
25.429848,9.923391
25.226105,10.447368
26.129949,9.601134
25.759290,10.084728
25.634515,9.400847
27.286973,8.124749
26.173693,10.183053
26.738228,9.798703
26.561343,8.492761
26.189774,8.967616
26.307641,10.901765
25.704164,11.308766
5.602054,26.717222
6.152565,26.599255
5.052830,26.832781
3.519280,28.252012
26.162517,7.788857
26.002765,8.328895
26.834046,7.410702
26.503969,7.922723
26.323461,7.251606
27.864708,5.842755
26.924998,7.986766
27.456031,7.557323
27.171794,6.269976
26.841181,6.774382
27.117878,8.691665
26.550296,9.147477
5.715058,27.097817
6.225123,26.898769
4.048294,27.645987
4.652871,27.724290
4.111060,28.179187
2.864933,27.746627
4.530902,27.319265
3.459422,27.878959
2.936085,28.325360
26.716738,5.602121
26.601504,6.153211
27.354107,5.168402
27.068650,5.706381
26.830885,5.053140
28.252916,3.521014
27.492728,5.736494
27.986068,5.263964
27.597530,4.003937
27.308289,4.535368
27.743402,6.422468
27.215355,6.923324
3.377476,27.089333
3.934594,27.016458
2.819897,27.157426
1.176620,28.445996
27.088850,3.378411
27.018587,3.934939
27.686299,2.892599
27.448378,3.451233
27.156759,2.820580
28.447773,1.178356
27.873205,3.447354
28.324213,2.934728
27.832520,1.713112
27.590638,2.265287
28.179013,4.110494
27.693507,4.650774
3.458185,27.478330
3.982444,27.320198
1.750907,27.886071
2.347754,28.013418
1.767219,28.423318
0.000000,27.733247
1.127691,27.275560
0.681421,27.291299
2.260862,27.601309
1.689431,27.250717
0.822928,27.972102
1.327851,28.125056
0.585154,28.470570
-0.000000,28.106495
0.621814,27.641637
1.291124,27.630412
27.275178,1.128386
27.249378,1.690554
27.891765,0.000000
27.291893,0.681298
27.994576,0.862240
28.127268,1.395135
27.645935,1.151199
28.470083,0.583003
28.104300,0.000000
27.681890,0.000000
27.609907,0.578006
27.983726,2.347833
