21.127691,0.000000
21.054727,1.744750
20.838291,3.477346
20.480111,5.186467
19.981548,6.860067
19.346757,8.486744
18.579807,10.055337
17.685981,11.555359
16.671768,12.976129
15.542544,14.309226
14.308738,15.543032
12.975523,16.672414
11.554880,17.686661
10.055243,18.580219
8.486344,19.347039
6.859772,19.982048
5.186170,20.480622
3.477309,20.838879
1.744619,21.055769
0.000000,21.128797
-0.000000,22.620789
1.868376,22.542620
3.723432,22.311941
5.553062,21.928096
7.344934,21.394338
9.086418,20.714804
10.765935,19.893683
12.372370,18.937166
13.893876,17.850536
15.319988,16.642439
16.642283,15.320011
17.850332,13.893874
18.936827,12.372358
19.893387,10.765851
20.714571,9.086496
21.394081,7.344801
21.927769,5.552807
22.311402,3.723337
22.542045,1.867903
22.619581,0.000000
10.805789,18.134644
11.569490,19.416473
10.813434,18.996719
10.431229,18.357551
11.528663,18.497754
11.025055,18.545584
11.180559,17.910959
13.133620,18.394877
11.340934,18.982955
11.971427,19.176817
12.343023,18.042795
11.830513,18.074206
12.072620,18.522939
11.758273,18.834237
11.167770,19.655607
9.926581,20.305366
12.266170,17.180505
11.911434,17.433634
13.018640,17.485730
12.518459,17.574206
12.621226,16.926962
14.607544,17.247498
12.867489,17.983616
13.514450,18.122870
13.790691,16.961930
13.281759,17.036802
12.753114,18.666548
10.039107,19.467816
9.184179,19.854151
13.643101,16.108487
13.310323,16.390610
14.419038,16.351041
13.927465,16.480224
13.976505,15.826395
15.981862,15.982133
14.308372,16.859637
14.964496,16.945090
15.144563,15.764799
14.643543,15.881560
14.250620,17.549590
13.561439,17.462648
10.562909,19.452054
10.346946,20.099747
10.286093,19.008181
9.506324,20.510652
8.215792,21.055768
9.271320,18.964760
9.663628,18.773141
9.501131,19.412416
8.879786,19.156565
9.706124,19.874145
14.926633,14.926944
14.618630,15.235153
15.718787,15.104326
15.240190,15.273688
15.235130,14.618637
17.247092,14.607817
15.651939,15.620200
16.312861,15.651225
16.394314,14.460590
15.904729,14.618190
15.650967,16.312934
14.957953,16.282454
8.409133,20.261180
8.916066,20.277230
8.652113,20.885429
7.518849,20.538906
8.658138,19.804402
8.028060,20.615831
7.780083,21.225516
16.108224,13.643406
15.826309,13.976419
16.913018,13.754722
16.449765,13.963000
16.390584,13.310324
18.394447,13.133895
16.888154,14.274497
17.549542,14.250925
17.532737,13.057466
17.057758,13.254769
16.944863,14.964606
16.250597,14.992103
7.673526,19.665795
8.080041,19.506824
7.884241,20.127591
7.267456,19.824493
8.230800,19.868865
6.448832,21.662434
17.179985,12.266329
16.926827,12.621354
17.991177,12.311159
17.546593,12.556924
17.433658,11.911479
19.416018,11.569858
18.009397,12.831159
18.666427,12.753136
18.550868,11.564754
18.093905,11.800864
18.122594,13.514555
17.433515,13.598875
6.705139,20.879505
7.212149,20.940239
6.897769,21.528754
5.796493,21.090333
6.998572,20.449740
6.299551,21.206942
6.000700,21.795686
18.134071,10.805849
17.910958,11.180723
18.945904,10.783348
18.523380,11.064928
18.357620,10.431238
20.304971,9.926809
19.007306,11.299966
19.655511,11.167831
19.442425,9.993562
19.006525,10.266362
19.176654,11.971767
18.497065,12.112581
6.023374,20.232561
6.441704,20.107493
5.605495,20.357176
4.637888,22.121253
18.964514,9.271455
18.773040,9.663516
19.771814,9.182125
19.373912,9.497595
19.156276,8.879725
21.055386,8.216184
19.875288,9.691934
20.510546,9.506561
20.201278,8.353998
19.789411,8.661867
20.099497,10.346995
19.433597,10.543850
6.191196,20.710310
6.563774,20.483412
4.958127,21.362834
5.458130,21.464878
5.096361,22.025125
4.034950,21.497161
5.285480,20.958202
4.526556,21.655006
4.180438,22.217008
19.665403,7.673741
19.506930,8.080330
20.462611,7.518090
20.092148,7.865279
19.824156,7.267557
21.662009,6.449263
20.607766,8.017662
21.225475,7.780317
20.822202,6.657305
20.437165,6.998082
20.885310,8.651965
20.238044,8.903109
4.332001,20.661012
4.759109,20.570951
3.905204,20.750468
2.795286,22.428436
20.232092,6.023460
20.107647,6.441866
21.013753,5.802618
20.673155,6.179178
20.356729,5.605573
22.120655,4.638198
21.199467,6.288503
21.795582,6.000874
21.300969,4.915062
20.945501,5.286558
21.528405,6.897604
20.904107,7.201395
4.460086,21.151024
4.849685,20.955472
3.177433,21.699659
3.667123,21.842649
3.260179,22.370919
2.246439,21.756621
3.536669,21.323151
2.723210,21.954815
2.331710,22.486301
20.660420,4.332147
20.570936,4.759358
21.421292,4.047173
21.113051,4.450760
20.749662,3.905330
22.428036,2.795462
21.646407,4.516398
22.216646,4.180487
21.633873,3.138866
21.310211,3.538851
22.024695,5.096108
21.427610,5.450566
2.611235,20.948496
3.044101,20.893741
2.178376,21.002270
0.934054,22.582735
20.947781,2.611527
20.893555,3.044273
21.681625,2.264653
21.408476,2.691902
21.001421,2.178612
22.582223,0.934316
21.945405,2.713474
22.485418,2.331427
21.819289,1.342438
21.530022,1.767173
22.370212,3.260068
21.804478,3.661781
2.698849,21.447374
3.102754,21.284017
1.374136,21.887089
1.850746,22.070205
1.401374,22.563708
0.000000,21.667649
0.872129,21.092799
0.527338,21.106355
1.764509,21.542880
1.308197,21.074305
0.647773,21.974892
1.045524,22.179084
0.466623,22.602122
-0.000000,22.143080
0.481718,21.552856
1.007464,21.550040
21.091875,0.872299
21.073234,1.308445
21.870737,0.000000
21.105655,0.527311
22.001524,0.677519
22.183385,1.098424
21.566556,0.898291
22.601205,0.466236
22.141662,0.000000
21.600560,0.000000
21.510906,0.446945
22.032155,1.849279
