28.667419,-0.000000
28.565605,2.367428
28.271841,4.717329
27.785260,7.037084
27.108608,9.307930
26.247491,11.514882
25.206850,13.643013
23.993896,15.678024
22.617748,17.605638
21.086043,19.414057
19.412138,21.087793
17.602743,22.620258
15.675728,23.996317
13.643122,25.207655
11.512938,26.247949
9.306551,27.109617
7.035546,27.785783
4.717670,28.272118
2.367338,28.567375
-0.000000,28.668929
0.000000,29.784815
2.461990,29.681961
4.903408,29.378748
7.312542,28.873495
9.672137,28.170871
11.964803,27.276128
14.177133,26.194951
16.292286,24.935027
18.295284,23.504062
20.172970,21.913557
21.913820,20.172004
23.504113,18.294527
24.934772,16.291375
26.194586,14.176064
27.275751,11.964977
28.170600,9.671664
28.873516,7.311645
29.378016,4.904197
29.682700,2.460347
29.783719,-0.000000
14.664119,24.609829
15.237320,25.572374
14.449121,25.382695
14.158975,24.909347
15.423891,24.746642
14.816233,24.923533
15.169920,24.306049
17.297315,24.226646
15.078062,25.237486
15.768883,25.253354
16.491598,24.107020
15.890502,24.275981
16.051835,24.626621
15.606703,24.993997
14.706465,25.888140
13.074175,26.742927
16.645505,23.314833
16.167658,23.655470
17.416426,23.391209
16.821964,23.617356
17.125391,22.971605
19.238598,22.715688
17.107712,23.908222
17.801526,23.866085
18.426421,22.662565
17.838860,22.882143
16.794256,24.585622
13.402648,25.988575
12.268452,26.519096
18.513827,21.859666
18.066077,22.240070
19.288648,21.873216
18.715225,22.147029
18.965385,21.478538
21.048610,21.048786
19.023609,22.414219
19.711285,22.314959
20.235351,21.063754
19.668161,21.330717
18.765501,23.115216
18.030008,23.216982
14.036999,25.850017
13.631219,26.470038
13.812978,25.524951
12.517265,27.014050
10.820489,27.731305
12.581672,25.735147
13.112902,25.476903
12.758752,26.066945
12.054525,25.995600
12.903273,26.419674
20.255661,20.256565
19.840865,20.672318
21.027767,20.205872
20.479482,20.525875
20.673039,19.839690
22.714513,19.239181
20.809430,20.766119
21.486846,20.611040
21.904925,19.321184
21.362000,19.634002
20.610297,21.487021
19.886718,21.648045
11.218652,27.029672
11.844462,26.937433
11.400034,27.504068
10.044570,27.435744
11.624888,26.593277
10.672164,27.402323
10.243332,27.955009
21.859028,18.514994
21.479346,18.963994
22.624878,18.400519
22.104879,18.764687
22.241011,18.064539
24.225639,17.298044
22.452882,18.977167
23.115486,18.766510
23.425968,17.446415
22.910444,17.802623
22.314749,19.711635
21.605236,19.932755
10.413648,26.687084
10.962271,26.470651
10.587445,27.025733
9.866141,26.901921
11.077157,26.739109
8.492418,28.530239
23.313298,16.646032
22.972483,17.125235
24.067157,16.469486
23.578555,16.875159
23.656833,16.166896
25.570987,15.238703
23.943252,17.058469
24.585946,16.793949
24.786303,15.452450
24.302150,15.849985
23.865865,17.802101
23.177664,18.080503
8.946890,27.858516
9.580592,27.820421
9.089463,28.351939
7.743393,28.171907
9.396848,27.459993
8.374973,28.188449
7.900127,28.705252
24.608189,14.664133
24.307738,15.170419
25.344529,14.426201
24.891432,14.870314
24.910885,14.158622
26.742034,13.074639
25.270021,15.022964
25.888532,14.706331
25.977604,13.353229
25.528135,13.789036
25.254157,15.770634
24.591740,16.104740
8.174433,27.455995
8.739683,27.284940
7.610721,27.624991
6.106928,29.134490
25.735370,12.581996
25.477365,13.111814
26.449322,12.284113
26.034687,12.764233
25.994518,12.053375
27.730508,10.821832
26.424076,12.885166
27.014477,12.518114
26.991621,11.162608
26.579561,11.633875
26.470214,13.631106
25.837130,14.019410
8.314532,27.808765
8.832466,27.563938
6.615731,28.503155
7.249837,28.516979
6.717108,29.005905
5.390386,28.715538
7.096457,28.142267
6.018091,28.783820
5.503161,29.259830
26.686586,10.413918
26.472939,10.963240
27.373257,10.058056
27.000049,10.570702
26.901087,9.865977
28.529435,8.494868
27.397948,10.659374
27.955888,10.244457
27.821059,8.895657
27.449632,9.399021
27.505337,11.398785
26.906624,11.837968
5.879040,28.037498
6.456235,27.913606
5.303103,28.158761
3.679256,29.538466
27.455412,8.173811
27.287965,8.740132
28.110916,7.763460
27.780551,8.304486
27.624188,7.610547
29.133522,6.108871
28.184373,8.360355
28.706324,7.901044
28.460450,6.567447
28.132352,7.100261
28.352509,9.088008
27.792378,9.575599
5.989946,28.400213
6.526031,28.199306
4.239586,28.951974
4.869856,29.018618
4.299126,29.462032
3.000760,29.061677
4.748701,28.632554
3.621338,29.182212
3.069556,29.615134
28.037082,5.879051
27.916260,6.456913
28.655659,5.414361
28.372533,5.981337
28.156627,5.303476
29.539540,3.681372
28.778706,6.004853
29.260464,5.503176
28.906515,4.193817
28.621883,4.753626
29.006553,6.715527
28.488583,7.247315
3.544577,28.428084
4.128601,28.351395
2.959815,28.499337
1.230176,29.741172
28.427626,3.545600
28.353931,4.128973
29.003709,3.030347
28.770624,3.617578
28.498748,2.960551
29.743368,1.232188
29.177054,3.608784
29.613953,3.067946
29.152432,1.794529
28.917840,2.374428
29.462074,4.298385
28.989007,4.868420
3.624547,28.799119
4.174922,28.641086
1.833829,29.203562
2.457144,29.321309
1.848098,29.717497
0.000000,29.062492
1.183557,28.623388
0.715238,28.639858
2.369679,28.928184
1.772372,28.597393
0.861398,29.289749
1.389971,29.433968
0.611301,29.766915
-0.000000,29.418830
0.652424,28.974479
1.353164,28.961621
28.623150,1.184318
28.596048,1.773696
29.213731,0.000000
28.640669,0.715093
29.311580,0.902787
29.435877,1.460457
28.977100,1.206456
29.766515,0.608803
29.416634,0.000000
29.013629,0.000000
28.944494,0.606617
29.292980,2.457563
