20.010814,-0.000000
19.942765,1.652501
19.737658,3.293694
19.398479,4.912378
18.926228,6.497542
18.324908,8.038283
17.598517,9.524092
16.752059,10.944967
15.791539,12.290703
14.721962,13.553394
13.553332,14.722037
12.290651,15.791628
10.944927,16.752162
9.524064,17.598631
8.038259,18.325034
6.497525,18.926371
4.912365,19.398635
3.293688,19.737826
1.652497,19.942945
-0.000000,20.010998
-0.000000,21.580207
1.782041,21.506164
3.551969,21.286055
5.297585,20.919877
7.007083,20.410630
8.668657,19.762319
10.270804,18.978941
11.803515,18.066503
13.255186,17.030005
14.615815,15.877457
15.877398,14.615860
17.029930,13.255219
18.066412,11.803537
18.978835,10.270817
19.762199,8.668665
20.410495,7.007083
20.919727,5.297580
21.285890,3.551964
21.505989,1.782033
21.580021,-0.000000
10.234502,17.175409
11.037162,18.522732
10.280623,18.060665
9.879291,17.387021
10.957392,17.580983
10.467349,17.606931
10.589717,16.963788
12.529356,17.548265
10.795069,18.069145
11.420344,18.294617
11.735206,17.154053
11.233570,17.162060
11.491514,17.631306
11.196847,17.935407
10.653985,18.750843
9.469734,19.370641
11.617798,16.271905
11.281371,16.512034
12.373767,16.619574
11.885497,16.684984
11.954229,16.031772
13.935506,16.453741
12.248182,17.118156
12.892277,17.289137
13.111482,16.126642
12.611808,16.177268
12.166437,17.807388
9.546508,18.512605
8.732296,18.877493
12.922001,15.256840
12.606335,15.524236
13.705028,15.541193
13.223377,15.646545
13.237673,14.989445
15.246613,15.246668
13.619753,16.048277
14.275668,16.165602
14.398725,14.988368
13.904895,15.080290
13.595345,16.741878
12.909005,16.622192
10.055803,18.517634
9.870276,19.174794
9.767672,18.049717
9.069194,19.566484
7.837871,20.086486
8.781166,17.961843
9.152619,17.780243
9.022257,18.433611
8.409722,18.143444
9.239208,18.917799
14.137657,14.137724
13.845504,14.429882
14.940365,14.356130
14.469630,14.501038
14.429816,13.845565
16.453671,13.935548
14.898740,14.868541
15.562014,14.931265
15.586951,13.748379
15.102439,13.880682
14.931214,15.562069
14.238328,15.498813
7.997921,19.269941
8.488663,19.304839
8.253274,19.924405
7.148841,19.528176
8.221997,18.806024
7.641871,19.624365
7.422475,20.248564
15.256761,12.922056
14.989371,13.237727
16.075470,13.073398
15.618016,13.256643
15.524156,12.606384
17.548180,12.529386
16.075459,13.587608
16.741809,13.595384
16.669268,12.414373
16.197283,12.586082
16.165538,14.275711
15.468781,14.270547
7.267896,18.625714
7.653079,18.475378
7.486854,19.113059
6.882719,18.776049
7.811576,18.856942
6.152332,20.665267
16.271810,11.617840
16.031685,11.954273
17.100161,11.701270
16.659349,11.921694
16.511942,11.281410
18.522633,11.037184
17.142728,12.213673
17.807303,12.166462
17.637135,10.995056
17.181059,11.205483
17.289057,12.892308
16.594779,12.944342
6.376985,19.857376
6.866519,19.935611
6.579716,20.537953
5.511279,20.052540
6.645978,19.418722
5.996411,20.186984
5.724956,20.792575
17.175300,10.234534
16.963688,10.589752
18.007439,10.249000
17.586559,10.505073
17.386915,9.879320
19.370527,9.469747
18.092470,10.756081
18.750743,10.654001
18.484649,9.501179
18.047466,9.748327
18.294524,11.420367
17.607055,11.529489
5.704949,19.162515
6.101239,19.044445
5.308664,19.280581
4.424773,21.102980
17.961724,8.781191
17.780129,9.152643
18.792358,8.727061
18.393936,9.016951
18.143321,8.409743
20.086357,7.837879
18.918574,9.225398
19.566369,9.069205
19.206116,7.942368
18.790818,8.224777
19.174685,9.870289
18.498337,10.036137
5.879088,19.666247
6.229662,19.440640
4.715536,20.317066
5.196681,20.435199
4.861187,21.011432
3.836395,20.439289
5.019239,19.901667
4.308659,20.613539
3.988369,21.194521
18.625580,7.267916
18.475252,7.653100
19.449000,7.145443
19.075809,7.467221
18.775912,6.882735
20.665123,6.152336
19.615777,7.631700
20.248434,7.422480
19.796525,6.329245
19.405946,6.644987
19.924282,8.253278
19.263995,8.474367
4.103029,19.568244
4.507698,19.483440
3.698364,19.653040
2.666999,21.396121
19.162366,5.704962
19.044305,6.101254
19.972901,5.514990
19.627507,5.866446
19.280429,5.308676
21.102820,4.424773
20.179117,5.985841
20.792431,5.724956
20.251897,4.672956
19.888694,5.019813
20.537812,6.579715
19.898027,6.854592
4.235220,20.084790
4.602806,19.888660
3.021998,20.637487
3.491638,20.794819
3.109491,21.341096
2.136043,20.686048
3.358496,20.248072
2.591992,20.898918
2.224519,21.451151
19.568082,4.103038
19.483286,4.507709
20.360398,3.846638
20.045134,4.225566
19.652873,3.698372
21.395952,2.666997
20.604691,4.298954
21.194361,3.988366
20.568284,2.984271
20.235139,3.360168
21.011277,4.861182
20.396397,5.188116
2.473095,19.840398
2.883390,19.789112
2.062800,19.891674
0.891019,21.543197
19.840225,2.473103
19.788947,2.883397
20.608145,2.152380
20.325439,2.555773
19.891497,2.062806
21.543020,0.891020
20.889224,2.582707
21.450974,2.224513
20.745002,1.276216
20.443814,1.677905
21.340926,3.109487
20.755297,3.485634
2.562846,20.365908
2.944895,20.200467
1.307067,20.815306
1.762234,21.011342
1.336531,21.524690
0.000000,20.580680
0.826246,19.976977
0.499844,19.990409
1.675643,20.456492
1.239370,19.959961
0.616476,20.903991
0.995260,21.120050
0.445506,21.561705
0.000000,21.080432
0.456546,20.460149
0.956527,20.459184
19.976795,0.826249
19.959778,1.239375
20.795386,0.000000
19.990229,0.499844
20.932506,0.644519
21.125742,1.045693
20.476911,0.852784
21.561523,0.445501
21.080243,0.000000
20.510537,0.000000
20.416645,0.423358
20.971986,1.760480
