21.377366,-0.000000
21.303337,1.765360
21.084347,3.518383
20.721904,5.247717
20.217444,6.941082
19.575164,8.586970
18.799153,10.174077
17.894754,11.691801
16.868555,13.129348
15.726006,14.478183
14.477633,15.726550
13.128650,16.869281
11.691251,17.895515
10.173991,18.799587
8.586514,19.575440
6.940752,20.217964
5.247381,20.722413
3.518362,21.084916
1.765218,21.304420
0.000000,21.378511
-0.000000,22.854230
1.887740,22.775169
3.761904,22.542133
5.610398,22.154335
7.420762,21.615082
9.180187,20.928544
10.877068,20.098960
12.500060,19.132564
14.037252,18.034703
15.478073,16.814145
16.814000,15.478064
18.034506,14.037219
19.132214,12.500018
20.098663,10.876942
20.928324,9.180261
21.614845,7.420594
22.154038,5.610095
22.541611,3.761807
22.774648,1.887186
22.852968,-0.000000
10.933502,18.349010
11.688975,19.617037
10.932797,19.206365
10.554616,18.574440
11.656623,18.703049
11.149899,18.755640
11.312640,18.122638
13.269260,18.584881
11.463303,19.187760
12.095126,19.374795
12.479201,18.241863
11.964156,18.278363
12.202897,18.722784
11.884165,19.035738
11.283085,19.858646
10.029120,20.515113
12.411125,17.383572
12.052299,17.639601
13.163099,17.679715
12.660161,17.773220
12.770342,17.127039
14.758408,17.425652
13.006331,18.177603
13.654112,18.309986
13.942872,17.149046
13.431759,17.229204
12.884797,18.859369
10.149475,19.681776
9.285416,20.072897
13.804319,16.298846
13.467722,16.584251
14.578992,16.532429
14.085101,16.666826
14.141679,16.013472
16.146922,16.147206
14.462764,17.041511
15.119132,17.120043
15.311677,15.938736
14.808929,16.060928
14.397716,17.730883
13.707721,17.651042
10.676603,19.661488
10.453936,20.307303
10.402159,19.222694
9.604434,20.722520
8.300622,21.273264
9.380890,19.188884
9.777850,18.995033
9.608342,19.631477
8.984867,19.382968
9.810797,20.088473
15.103023,15.103356
14.791480,15.415146
15.893171,15.271907
15.412705,15.446636
15.415164,14.791443
17.425208,14.758703
15.820811,15.788695
16.481421,15.812818
16.575209,14.620140
16.084360,14.783289
15.812545,16.481472
15.119304,16.458122
8.501276,20.483218
9.011891,20.495183
8.741635,21.101072
7.601744,20.765277
8.755779,20.027848
8.114632,20.838031
7.860345,21.444740
16.298576,13.804651
16.013420,14.141533
17.100640,13.907325
16.635972,14.121110
16.584272,13.467678
18.584416,13.269563
17.070361,14.428473
17.730869,14.398052
17.726193,13.201529
17.250406,13.404460
17.119814,15.119234
16.425892,15.153856
7.764205,19.898221
8.175478,19.737326
7.973208,20.354649
7.353464,20.058785
8.324618,20.095269
6.515385,21.886184
17.383002,12.411287
17.126937,12.770460
18.190762,12.447755
17.745212,12.699110
17.639690,12.052318
19.616546,11.689393
18.203694,12.969570
18.859278,12.884796
18.755567,11.692366
18.298262,11.934138
18.309706,13.654215
17.621565,13.745598
6.778667,21.108457
7.289642,21.165409
6.969160,21.751071
5.860391,21.322761
7.077508,20.680482
6.367505,21.435523
6.062586,22.020775
18.348381,10.933548
18.122703,11.312809
19.156098,10.903014
18.733078,11.190232
18.574586,10.554601
20.514697,10.029372
19.212382,11.421868
19.858588,11.283133
19.656973,10.103845
19.221210,10.382313
19.374660,12.095515
18.696595,12.243281
6.094558,20.471678
6.517805,20.345056
5.671855,20.597757
4.685722,22.349733
19.188651,9.381028
18.994973,9.777688
19.991177,9.284029
19.593255,9.605162
19.382678,8.984764
21.272871,8.301076
20.089736,9.796492
20.722454,9.604698
20.424199,8.446191
20.012938,8.759693
20.307064,10.453973
19.643251,10.657644
6.261073,20.943970
6.638547,20.716721
5.012486,21.597075
5.516748,21.695661
5.149147,22.252572
4.079434,21.734077
5.345084,21.194653
4.575398,21.888401
4.223540,22.446435
19.897822,7.764434
19.737526,8.175798
20.689628,7.601535
20.319630,7.954360
20.058452,7.353557
21.885756,6.515903
20.830120,8.104162
21.444760,7.860615
21.051966,6.730782
20.668005,7.077107
21.101000,8.741437
20.456383,8.999199
4.383192,20.905196
4.815308,20.813976
3.951451,20.995695
2.824075,22.660056
20.471205,6.094632
20.345332,6.517974
21.246888,5.867030
20.907208,6.249161
20.597315,5.671922
22.349126,4.686103
21.428191,6.356338
22.020740,6.062796
21.535995,4.969291
21.182083,5.346257
21.750739,6.968950
21.129633,7.279124
4.510431,21.389638
4.904935,21.194154
3.212263,21.937563
3.706468,22.077488
3.294000,22.601970
2.271178,21.996371
3.576557,21.563738
2.752621,22.191430
2.355759,22.718550
20.904606,4.383344
20.814074,4.815584
21.658934,4.092083
21.352109,4.501156
20.994850,3.951584
22.659725,2.824306
21.879943,4.565137
22.446123,4.223604
21.872619,3.173495
21.550901,3.578841
22.252168,5.148844
21.658786,5.509391
2.642119,21.196092
3.080024,21.140576
2.204222,21.250429
0.943707,22.815952
21.195387,2.642454
21.140501,3.080211
21.922117,2.289800
21.650933,2.722369
21.249573,2.204490
22.815526,0.944033
22.182202,2.742788
22.717647,2.355428
22.060004,1.357272
21.773225,1.787155
22.601267,3.293877
22.039701,3.701269
2.729302,21.689379
3.138084,21.526430
1.389174,22.127121
1.870588,22.307502
1.415921,22.796807
0.000000,21.910904
0.882400,21.342103
0.533502,21.355700
1.784407,21.785980
1.323585,21.323300
0.654783,22.214752
1.056793,22.416427
0.471354,22.835537
0.000000,22.381203
0.487350,21.797314
1.018862,21.794108
21.341178,0.882598
21.322192,1.323875
22.111708,0.000000
21.355045,0.533467
22.241147,0.684913
22.420593,1.110254
21.810530,0.908466
22.834622,0.470886
22.379694,0.000000
21.844610,0.000000
21.755851,0.452219
22.269865,1.869186
