27.955002,-0.000000
27.855727,2.308545
27.569254,4.600095
27.094774,6.862147
26.434942,9.076536
25.595219,11.228653
24.580443,13.303896
23.397644,15.288336
22.055703,17.168050
20.562034,18.931555
18.929728,20.563710
17.165327,22.058088
15.286172,23.399966
13.303980,24.581248
11.226850,25.595661
9.075266,26.435929
6.860740,27.095304
4.600433,27.569545
2.308442,27.857445
-0.000000,27.956496
-0.000000,29.099874
2.405279,28.999225
4.790652,28.702974
7.144347,28.209334
9.449643,27.522867
11.689579,26.648710
13.850963,25.592416
15.917441,24.361519
17.874406,22.963462
19.708908,21.409517
21.409728,19.708040
22.963482,17.873705
24.361225,15.916611
25.592048,13.849958
26.648361,11.689712
27.522613,9.449143
28.209340,7.143441
28.702293,4.791296
28.999876,2.403662
29.098679,0.000000
14.299425,23.997884
14.886581,24.983778
14.103448,24.775498
13.806636,24.290114
15.053691,24.152798
14.456561,24.318519
14.792929,23.701585
16.899162,23.669053
14.722057,24.641670
15.405734,24.672349
16.097111,23.530389
15.505211,23.687481
15.672720,24.045137
15.239842,24.406772
14.368158,25.292170
12.773184,26.127413
16.231573,22.735067
15.765350,23.067439
16.998457,22.829959
16.413662,23.044078
16.699741,22.400274
18.795764,22.192848
16.703777,23.343824
17.391594,23.316948
17.985641,22.120486
17.406391,22.327433
16.407908,24.019619
13.082728,25.368321
11.975165,25.885250
18.053449,21.316074
17.616559,21.687244
18.825826,21.348386
18.260967,21.609426
18.493948,20.944294
20.564116,20.564342
18.574421,21.885075
19.257395,21.801529
19.751292,20.559889
19.191323,20.813619
18.333813,22.582996
17.604248,22.668768
13.705909,25.240396
13.317168,25.860947
13.478216,24.906520
12.229395,26.392181
10.571364,27.093034
12.268764,25.095271
12.786995,24.843261
12.449571,25.435483
11.754450,25.349254
12.598679,25.796129
19.751961,19.752840
19.347267,20.158461
20.523180,19.721040
19.982403,20.027605
20.159155,19.346185
22.191717,18.796343
20.318109,20.275906
20.992122,20.136819
21.380948,18.859000
20.844109,19.158020
20.136120,20.992242
19.417121,21.136869
10.951327,26.385759
11.565361,26.302690
11.137301,26.871231
9.804378,26.779882
11.343313,25.948974
10.420265,26.755793
10.007827,27.311515
21.315467,18.054543
20.945033,18.492640
22.082012,17.958986
21.568349,18.309149
21.688130,17.615165
23.668057,16.899883
21.922768,18.529169
22.583275,18.334779
22.865605,17.029071
22.355030,17.371038
21.801308,19.257696
21.095067,19.462059
10.154606,26.023489
10.689929,25.812439
10.330897,26.371115
9.620509,26.233043
10.807297,26.087684
8.296955,27.873569
22.733586,16.232061
22.401062,16.699603
23.489679,16.074293
23.006277,16.465474
23.068724,15.764658
24.982456,14.887902
23.377976,16.655751
24.019935,16.407609
24.193412,15.082770
23.712998,15.465720
23.316714,17.392099
22.630388,17.653533
8.733602,27.194597
9.354842,27.164750
8.879888,27.699567
7.558253,27.498470
9.169234,26.794701
8.177257,27.523340
7.718514,28.044543
23.996278,14.299440
23.703142,14.793388
24.736398,14.079999
24.287278,14.509287
24.291581,13.806290
26.126534,12.773656
24.673425,14.668290
25.292556,14.368024
25.356217,13.033760
24.909258,13.454730
24.673048,15.407366
24.011067,15.724401
7.971072,26.773297
8.522569,26.606528
7.421179,26.938105
5.966400,28.463898
25.095416,12.269071
24.843709,12.785962
25.814695,11.989319
25.402765,12.454316
25.348279,11.753387
27.092251,10.572683
25.800228,12.580960
26.392601,12.230200
26.345964,10.895535
25.935200,11.351824
25.861076,13.317053
25.227045,13.688296
8.113005,27.135158
8.617378,26.892529
6.458005,27.823887
7.079052,27.844901
6.562118,28.338462
5.261491,28.029086
6.924577,27.460460
5.876015,28.104659
5.376696,28.586377
26.022965,10.154894
25.814550,10.690842
26.716463,9.816686
26.344688,10.314014
26.232280,9.620367
27.872792,8.299259
26.751108,10.407708
27.312353,10.008879
27.155575,8.682816
26.784170,9.171150
26.872352,11.136110
26.271294,11.558362
5.732774,27.340335
6.295887,27.219568
5.170946,27.458587
3.594707,28.858575
26.772699,7.970534
26.609317,8.522986
27.436393,7.577114
27.106269,8.102841
26.937344,7.421007
28.462950,5.968227
27.518977,8.162968
28.045542,7.719391
27.779677,6.410297
27.450351,6.928130
27.700004,8.878541
27.136114,9.349399
5.844749,27.712289
6.367102,27.512402
4.138527,28.262025
4.755206,28.334740
4.199730,28.784056
2.929005,28.366959
4.633656,27.938872
3.535790,28.493633
2.999017,28.933493
27.339875,5.732817
27.222004,6.296552
27.968097,5.284433
27.683832,5.836105
27.456572,5.171286
28.859557,3.596619
28.099253,5.863066
28.586944,5.376757
28.215004,4.093509
27.928038,4.638341
28.338976,6.560645
27.815862,7.076133
3.456338,27.721165
4.026161,27.646486
2.885932,27.790749
1.201873,29.056672
27.720688,3.457315
27.648804,4.026520
28.307768,2.957582
28.072226,3.529711
27.790112,2.886641
29.058645,1.203741
28.488161,3.523492
28.932322,2.997542
28.455147,1.751516
28.216811,2.316777
28.783974,4.199086
28.304518,4.753423
3.536672,28.101480
4.073261,27.943431
1.790016,28.507537
2.399345,28.630265
1.805350,29.033532
0.000000,28.360355
1.154052,27.911678
0.697374,27.927753
2.312197,28.227328
1.728583,27.886284
0.841073,28.593622
1.357151,28.742368
0.597481,29.081798
0.000000,28.725435
0.636259,28.270494
1.320397,28.258494
27.911357,1.154781
27.884935,1.729800
28.515348,0.000000
27.928447,0.697242
28.615778,0.881367
28.744426,1.425945
28.273985,1.177273
29.081346,0.595166
28.723230,0.000000
28.310201,0.000000
28.239599,0.591509
28.601225,2.399584
