24.688659,-0.000000
24.601402,2.038726
24.348423,4.062774
23.929502,6.060255
23.346810,8.015849
22.605156,9.916561
21.708961,11.749347
20.664410,13.501964
19.479275,15.162080
18.159988,16.719655
16.718377,18.161192
15.160267,19.480948
13.500523,20.666097
11.749341,21.709657
9.915415,22.605496
8.015067,23.347618
6.059416,23.930031
4.063000,24.348804
2.038569,24.602845
0.000000,24.690040
-0.000000,25.978206
2.146713,25.887925
4.276606,25.623331
6.377709,25.182608
8.435584,24.569754
10.435262,23.789402
12.364475,22.846473
14.209193,21.747826
15.956348,20.499772
17.594063,19.112461
19.112471,17.593624
20.499673,15.955945
21.747432,14.208748
22.846131,12.363837
23.789175,10.435295
24.569569,8.435102
25.182530,6.376935
25.622838,4.276723
25.888094,2.145410
25.976750,0.000000
12.627656,21.192433
13.288209,22.301286
12.523519,22.000336
12.191441,21.451395
13.361333,21.437924
12.810849,21.550047
13.064551,20.930657
15.084713,21.127820
13.096502,21.921122
13.750838,22.024442
14.294192,20.894988
13.742555,20.995024
13.941767,21.390111
13.565292,21.726482
12.826241,22.576177
11.401526,23.322213
14.334061,20.077230
13.921118,20.371705
15.087721,20.264172
14.545498,20.420870
14.748294,19.781198
16.777663,19.810035
14.859387,20.766742
15.523401,20.814288
15.971079,19.643031
15.427892,19.789637
14.647044,21.440207
11.620781,22.534053
10.634759,22.988580
15.943021,18.824146
15.555893,19.152867
16.710077,18.949115
16.182547,19.149513
16.332552,18.495252
18.356158,18.356509
16.523402,19.468964
17.188873,19.461571
17.538950,18.257038
17.009841,18.447865
16.366417,20.157559
15.660364,20.165666
12.194459,22.457135
11.885952,23.085055
11.946865,22.077235
10.917402,23.558169
9.436183,24.184124
10.834404,22.161853
11.292712,21.938573
11.035171,22.546470
10.378853,22.386126
11.207933,22.948982
17.442959,17.443610
17.084523,17.802727
18.216519,17.504571
17.708022,17.747672
17.803183,17.083920
19.809176,16.778165
18.074719,18.037559
18.737475,17.975547
18.986160,16.746659
18.474803,16.980383
17.975063,18.737433
17.273071,18.802875
9.729960,23.443587
10.291282,23.405044
9.939853,23.987106
8.706678,23.782503
10.055212,23.001447
9.270115,23.803757
8.934488,24.378951
18.823720,15.943736
18.495633,16.331724
19.600331,15.940493
19.113456,16.224760
19.153412,15.555183
21.126996,15.085307
19.502245,16.483601
20.157810,16.367116
20.304534,15.121674
19.814059,15.396546
19.461333,17.188995
18.765765,17.312898
8.967240,22.981346
9.441266,22.795088
9.157232,23.376243
8.494490,23.166624
9.572127,23.106168
7.406303,24.880837
20.076110,14.334353
19.781554,14.748274
20.849792,14.267615
20.387803,14.590920
20.372514,13.920774
22.300336,13.289166
20.796898,14.816946
21.440409,14.646829
21.483655,13.393216
21.017671,13.707740
20.814016,15.523626
20.131657,15.704038
7.759092,24.160958
8.324347,24.171486
7.924771,24.726365
6.712119,24.420785
8.127973,23.751110
7.274489,24.486466
6.890835,25.033508
21.191173,12.627650
20.931538,13.064846
21.956364,12.497287
21.522944,12.857375
21.452366,12.191191
23.321507,11.401964
21.949332,13.048856
22.576455,12.826151
22.516220,11.573688
22.077922,11.925320
22.024706,13.751868
21.359866,13.987820
7.038955,23.643575
7.527071,23.496583
6.552285,23.789147
5.326111,25.407754
22.161754,10.834612
21.938874,11.292021
22.913518,10.641610
22.511376,11.036272
22.385593,10.378227
24.183497,9.437233
22.951708,11.191967
23.558458,10.917967
23.395060,9.674938
22.987280,10.061488
23.084986,11.885861
22.441530,12.176454
7.191080,24.053363
7.632877,23.819647
5.737386,24.720120
6.299470,24.776785
5.855784,25.296573
4.672404,24.891933
6.138299,24.341356
5.227257,25.003668
4.800334,25.517264
22.980820,8.967558
22.796338,9.441913
23.713971,8.713178
23.346033,9.139562
23.166151,8.494457
24.880237,7.407829
23.797595,9.258616
24.379511,8.935173
24.114056,7.710058
23.739711,8.128727
23.987611,9.939051
23.370508,10.281714
5.062378,24.144303
5.560671,24.038011
4.565157,24.248741
3.209445,25.760168
23.643001,7.038768
23.498233,7.527344
24.352843,6.725182
24.021028,7.180236
23.788590,6.552189
25.406964,5.327318
24.480745,7.261729
25.034114,6.891438
24.668312,5.692134
24.330207,6.140682
24.726314,7.923961
24.139743,8.316610
5.180504,24.565023
5.639652,24.368616
3.676773,25.109519
4.231874,25.212742
3.746858,25.694126
2.601094,25.192073
4.107407,24.765392
3.145143,25.349710
2.677528,25.826980
24.143732,5.062520
24.039397,5.561201
24.824942,4.690424
24.532578,5.171652
24.247312,4.565362
25.760627,3.210482
24.996863,5.215633
25.517471,4.800497
25.054508,3.635042
24.753707,4.110943
25.296562,5.854849
24.744359,6.294547
3.051888,24.480441
3.556399,24.415108
2.547262,24.542390
1.072855,25.937234
24.479878,3.052615
24.416354,3.556689
25.126384,2.624894
24.876506,3.127800
24.541591,2.547805
25.938082,1.074003
25.342608,3.134045
25.825912,2.676632
25.268298,1.555004
25.009494,2.053095
25.693619,3.746549
25.179283,4.228456
3.134706,24.909743
3.607965,24.750486
1.589998,25.327221
2.135510,25.475562
1.610626,25.916297
0.000000,25.149033
1.018952,24.648927
0.615704,24.663469
2.049355,25.020956
1.527611,24.626515
0.748221,25.413437
1.207284,25.585620
0.534503,25.959550
-0.000000,25.560055
0.562211,25.049096
1.170399,25.041201
24.648257,1.019466
24.625208,1.528369
25.323878,0.000000
24.663551,0.615611
25.437366,0.783468
25.588519,1.268371
25.056925,1.043627
25.958861,0.533056
25.557962,0.000000
25.091959,0.000000
25.013507,0.522271
25.442789,2.134939
