21.828604,0.000000
21.752678,1.802609
21.529065,3.592552
21.158917,5.358419
20.643799,7.087509
19.987982,8.768119
19.195595,10.388692
18.272093,11.938413
17.224233,13.406286
16.057603,14.783564
14.782903,16.058249
13.405422,17.225107
11.937734,18.273002
10.388617,19.196076
8.767563,19.988261
7.087117,20.644367
5.358015,21.159435
3.592564,21.529610
1.802453,21.753835
0.000000,21.829812
-0.000000,23.276964
1.922801,23.196312
3.831569,22.959009
5.714230,22.564052
7.558080,22.014846
9.350001,21.315621
11.078322,20.470708
12.731302,19.486422
14.296902,18.368226
15.764361,17.125104
17.124975,15.764295
18.368037,14.296816
19.486049,12.731205
20.470400,11.078120
21.315409,9.350065
22.014626,7.557852
22.563794,5.713842
22.958505,3.831476
23.195883,1.922110
23.275619,-0.000000
11.164327,18.736449
11.905354,19.980244
11.148752,19.585669
10.777626,18.966441
11.888116,19.074448
11.375687,19.135535
11.551356,18.505228
13.514895,18.928965
11.684770,19.558420
12.319140,19.733319
12.725585,18.602034
12.205870,18.647611
12.438679,19.084474
12.112033,19.400462
11.491904,20.226340
10.214812,20.894948
12.673117,17.750593
12.306904,18.011864
13.424444,18.030663
12.916441,18.133149
13.039850,17.488662
15.031616,17.748280
13.257611,18.528694
13.907032,18.648842
14.218207,17.487596
13.703058,17.577200
13.123260,19.208562
10.349171,20.068909
9.468584,20.468679
14.095707,16.642906
13.752210,16.934236
14.868370,16.860589
14.370203,17.004314
14.440208,16.351600
16.445835,16.446145
14.742187,17.370678
15.399171,17.436872
15.614031,16.253442
15.108057,16.385348
14.664097,18.059205
13.972475,17.992014
10.882380,20.040542
10.647690,20.683168
10.612086,19.610674
9.782099,21.106201
8.454249,21.667136
9.578927,19.593963
9.984285,19.396082
9.802253,20.027682
9.174789,19.792165
10.000240,20.476372
15.421830,15.422210
15.103892,15.740465
16.208654,15.575087
15.724714,15.759431
15.740551,15.103778
17.747766,15.031951
16.126442,16.093647
16.786674,16.105455
16.902498,14.908815
16.409251,15.081903
16.105150,16.786696
15.411332,16.776060
8.668005,20.884981
9.185331,20.889672
8.903756,21.491585
7.751728,21.174852
8.932380,20.431991
8.271314,21.240181
8.005692,21.841748
16.642618,14.096091
16.351606,14.439960
17.440071,14.183408
16.972744,14.407071
16.934336,13.752086
18.928436,13.515248
17.400126,14.707149
18.059241,14.664490
18.076205,13.462183
17.598841,13.675207
17.436637,15.399264
16.743155,15.446610
7.928100,20.318306
8.347963,20.153939
8.134122,20.765325
7.508916,20.482244
8.494272,20.504702
6.635912,22.291386
17.749931,12.673289
17.488615,13.039952
18.551832,12.694876
18.104429,12.956269
18.012060,12.306877
19.979681,11.905860
18.555337,13.220075
19.208517,13.123222
19.125916,11.923254
18.667870,12.175189
18.648555,13.907138
17.961909,14.011151
6.911714,21.522728
7.429905,21.572955
7.098447,22.153671
5.976004,21.743299
7.220276,21.097822
6.490492,21.849225
6.174658,22.428405
18.735714,11.164356
18.505403,11.551540
19.536356,11.119506
19.112325,11.416856
18.966713,10.777570
20.894485,10.215101
19.583526,11.642491
20.226339,11.491929
20.045136,10.303378
19.609490,10.592027
19.733230,12.319616
19.057713,12.479830
6.223218,20.903858
6.655342,20.774435
5.791798,21.032588
4.772351,22.763502
19.593744,9.579070
19.396084,9.984038
20.388019,9.468383
19.989942,9.799703
19.791857,9.174611
21.666708,8.454809
20.477838,9.985724
21.106194,9.782411
20.827510,8.612993
20.417209,8.936625
20.682945,10.647704
20.022686,10.863591
6.387460,21.366585
6.773766,21.138647
5.110849,22.020917
5.622849,22.113370
5.244744,22.664464
4.159921,22.162735
5.452889,21.622322
4.663795,22.310818
4.301591,22.861924
20.317882,7.928352
20.154294,8.348336
21.100316,7.752494
20.731038,8.115469
20.481902,7.508994
22.290937,6.636583
21.232530,8.260710
21.841860,8.006024
21.467661,6.863719
21.085502,7.220035
21.491586,8.903467
20.851532,9.173105
4.475717,21.346536
4.916879,21.253228
4.035046,21.438924
2.876210,23.079510
20.903367,6.223267
20.774914,6.655524
21.668650,5.983559
21.330500,6.375730
21.032138,5.791843
22.762867,4.772858
21.842132,6.479108
22.428475,6.174928
21.961213,5.067409
21.609968,5.454231
22.153358,7.098155
21.537792,7.419800
4.601492,21.821218
5.004850,21.625801
3.275290,22.368036
3.777684,22.502537
3.355253,23.020386
2.315943,22.430156
3.648703,21.998883
2.805850,22.619676
2.399306,23.139142
21.345939,4.475876
21.253516,4.917199
22.088852,4.173331
21.784456,4.592299
21.437997,4.035187
23.079296,2.876543
22.302600,4.653347
22.861688,4.301681
22.304570,3.236149
21.986218,3.651165
22.664099,5.244350
22.077174,5.615855
2.697943,21.643596
3.144949,21.586713
2.250942,21.698955
0.961186,23.238290
21.642903,2.698345
21.586828,3.145158
22.357202,2.335297
22.089426,2.777472
21.698085,2.251260
23.238022,0.961628
22.610762,2.795841
23.138200,2.398893
22.495525,1.384111
22.213093,1.823295
23.019685,3.355109
22.465414,3.772740
2.784387,22.127085
3.201978,21.964822
1.416394,22.561435
1.906501,22.736999
1.442263,23.218926
0.000000,22.350897
0.900974,21.792685
0.544655,21.806367
1.820401,22.225665
1.351397,21.773340
0.667467,22.648780
1.077191,22.846021
0.479915,23.258237
0.000000,22.812184
0.497534,22.239416
1.039473,22.235521
21.791765,0.901222
21.772172,1.351757
22.547704,0.000000
21.805797,0.544608
22.674766,0.698291
22.849957,1.131673
22.251788,0.926863
23.257328,0.479305
22.810530,0.000000
22.286001,0.000000
22.198813,0.461754
22.700089,1.905216
