21.983426,-0.000000
21.906858,1.815389
21.681657,3.617999
21.308866,5.396400
20.790089,7.137748
20.129627,8.830270
19.331620,10.462326
18.401564,12.023026
17.346274,13.501303
16.171381,14.888339
14.887647,16.172053
13.500388,17.347187
12.022306,18.402512
10.462258,19.332105
8.829683,20.129894
7.137337,20.790658
5.395974,21.309369
3.618024,21.682177
1.815230,21.908019
0.000000,21.984634
-0.000000,23.422228
1.934848,23.341035
3.855508,23.102267
5.749912,22.704850
7.605271,22.152223
9.408360,21.448638
11.147486,20.598457
12.810773,19.608023
14.386136,18.482842
15.862751,17.231966
17.231850,15.862660
18.482665,14.386028
19.607655,12.810655
20.598158,11.147256
21.448441,9.408420
22.152023,7.605023
22.704620,5.749496
23.101784,3.855418
23.340657,1.934114
23.420878,-0.000000
11.243525,18.869371
11.979717,20.105056
11.222910,19.715913
10.854143,19.100928
11.967605,19.201968
11.453198,19.265939
11.633260,18.636488
13.599312,19.047208
11.760842,19.685730
12.396126,19.856523
12.810194,18.725709
12.288851,18.774367
12.519669,19.208704
12.190311,19.525745
11.563667,20.352695
10.278627,21.025474
12.763009,17.876511
12.394262,18.139580
13.514186,18.151164
13.004422,18.256702
13.132319,17.612730
15.125510,17.859150
13.343923,18.649283
13.993953,18.765288
14.312759,17.603850
13.796198,17.696663
13.205209,19.328561
10.417749,20.201848
9.531484,20.604584
14.195686,16.760950
13.849823,17.054311
14.967738,16.973267
14.468080,17.120165
14.542634,16.467609
16.548564,16.548875
14.838168,17.483738
15.495413,17.545750
15.717863,16.361509
15.210752,16.496718
14.755643,18.172034
14.063419,18.109129
10.953066,20.170738
10.714277,20.812330
10.684157,19.743860
9.843155,21.238050
8.507046,21.802485
9.646874,19.732938
10.055110,19.533676
9.868825,20.163691
9.239953,19.932552
10.065313,20.609601
15.531217,15.531605
15.211085,15.852077
16.316987,15.679187
15.831827,15.866806
15.852193,15.210938
17.858621,15.125853
16.231426,16.198390
16.891581,16.206019
17.014892,15.007942
16.520791,15.184414
16.205710,16.891588
15.511644,16.885265
8.725265,21.022946
9.244910,21.025173
8.959472,21.625781
7.803233,21.315493
8.993009,20.570727
8.325133,21.378307
8.055642,21.978177
16.760663,14.196082
16.467643,14.542346
17.556628,14.278206
17.088358,14.505235
17.054445,13.849665
19.046667,13.599679
17.513400,14.802868
18.172095,14.756051
18.196403,13.551690
17.718463,13.768153
17.545521,15.495499
16.852136,15.547165
7.984334,20.462429
8.407142,20.296872
8.189365,20.906303
7.562254,20.627523
8.552507,20.645236
6.677334,22.430629
17.875830,12.763182
17.612713,13.132411
18.675819,12.779729
18.227749,13.044547
18.139824,12.394215
20.104481,11.980249
18.676126,13.306118
19.328541,13.205157
19.253098,12.002538
18.794761,12.257941
18.765008,13.994058
18.078819,14.102363
6.957406,21.664989
7.478087,21.712940
7.142879,22.292018
6.015707,21.887704
7.269289,21.241087
6.532737,21.991319
6.213172,22.568484
18.868612,11.243545
18.636713,11.633446
19.666931,11.193841
19.242520,11.494652
19.101255,10.854070
21.025008,10.278926
19.711013,11.718270
20.352725,11.563682
20.178434,10.371895
19.742791,10.664021
19.856461,12.396630
19.181759,12.561081
6.267363,21.052130
6.702530,20.921748
5.832952,21.181770
4.802123,22.905689
19.732736,9.647017
19.533709,10.054833
20.524288,9.531683
20.126125,9.866484
19.932250,9.239747
21.802059,8.507640
20.611150,10.050721
21.238075,9.843481
20.966011,8.670272
20.555999,8.997365
20.812124,10.714281
20.153024,10.934330
6.430850,21.511661
6.820181,21.283471
5.144631,22.166464
5.659296,22.256847
5.277598,22.806005
4.187561,22.309928
5.489899,21.769133
4.694158,22.455905
4.328413,23.004703
20.462011,7.984592
20.297292,8.407530
21.241341,7.804328
20.872274,8.170775
20.627192,7.562324
22.430187,6.678056
21.370757,8.314481
21.978332,8.055994
21.610415,6.909369
21.228835,7.269101
21.625821,8.959151
20.987267,9.232839
4.507463,21.497949
4.951727,21.403929
4.063730,21.590987
2.894127,23.223651
21.051648,6.267400
20.922311,6.702715
21.813479,6.023571
21.475816,6.419178
21.181332,5.832988
22.905061,4.802673
21.984321,6.521278
22.568604,6.213463
22.107239,5.101103
21.756868,5.491298
22.291729,7.142559
21.677997,7.468120
4.632755,21.969371
5.039146,21.773962
3.296936,22.515860
3.802148,22.648535
3.376305,23.164167
2.331318,22.579110
3.673471,22.148259
2.824133,22.766765
2.414270,23.283673
21.497367,4.507623
21.404296,4.952061
22.236482,4.201229
21.932883,4.623586
21.590048,4.063872
23.223494,2.894497
22.447785,4.683645
23.004510,4.328512
22.452909,3.257664
22.135669,3.675993
22.805670,5.277174
22.220893,5.652423
2.717096,21.797124
3.167223,21.739775
2.266974,21.852835
0.967193,23.383420
21.796454,2.717520
21.739971,3.167438
22.506610,2.350920
22.239962,2.796389
21.851980,2.267307
23.383226,0.967673
22.757975,2.814064
23.282737,2.413830
22.645091,1.393327
22.364108,1.835702
23.163487,3.376154
22.611649,3.797291
2.803299,22.277339
3.223911,22.115297
1.425744,22.710575
1.918838,22.884523
1.451315,23.363979
0.000000,22.501946
0.907350,21.947268
0.548486,21.960982
1.832759,22.376599
1.360939,21.927741
0.671822,22.797830
1.084198,22.993582
0.482856,23.403491
-0.000000,22.960216
0.501029,22.391168
1.046548,22.387041
21.946370,0.907614
21.926574,1.361322
22.697438,0.000000
21.960462,0.548435
22.823700,0.702885
22.997464,1.139031
22.403279,0.933176
23.402606,0.482198
22.958537,0.000000
22.437537,0.000000
22.350875,0.465026
22.847876,1.917593
