20.040119,-0.000000
19.971938,1.654930
19.766541,3.298530
19.426869,4.919594
18.953933,6.507086
18.351737,8.050088
17.624282,9.538074
16.776578,10.961031
15.814646,12.308742
14.743502,13.573289
13.573161,14.743652
12.308630,15.814826
10.960942,16.776783
9.538015,17.624503
8.050030,18.351979
6.507043,18.954212
4.919560,19.427178
3.298513,19.766880
1.654917,19.972316
0.000000,20.040507
-0.000000,21.607587
1.784307,21.533430
3.556467,21.313036
5.304283,20.946386
7.015938,20.436485
8.679603,19.787344
10.283773,19.002965
11.818409,18.089359
13.271902,17.051535
14.634239,15.897523
15.897406,14.634328
17.051390,13.271968
18.089182,11.818456
19.002762,10.283801
19.787115,8.679623
20.436225,7.015938
20.946091,5.304269
21.312704,3.556453
21.533071,1.784282
21.607194,0.000000
10.249505,17.200688
11.051103,18.546200
10.294596,18.085288
9.893786,17.412600
10.972372,17.605099
10.481981,17.631638
10.605233,16.988746
12.545174,17.570485
10.809377,18.093166
11.434774,18.317779
11.751140,17.177421
11.249228,17.186062
11.506742,17.654739
11.211558,17.959027
10.667442,18.774602
9.481702,19.395196
11.634821,16.295841
11.297915,16.536314
12.390672,16.642347
11.902099,16.708380
11.971741,16.055352
13.953092,16.474565
12.264408,17.140896
12.908563,17.311017
13.129282,16.148596
12.629377,16.199875
12.181797,17.829939
9.559426,18.537734
8.744149,18.903193
12.940931,15.279266
12.624816,15.547052
13.723741,15.562478
13.241840,15.668471
13.257069,15.011482
15.265848,15.265958
13.637790,16.069587
14.293692,16.186051
14.418268,15.008769
13.924261,15.101358
13.612494,16.763070
12.926096,16.644270
10.069095,18.542200
9.882762,19.199090
9.781274,18.074947
9.080647,19.591290
7.847774,20.111959
8.794042,17.988282
9.166043,17.806416
9.034823,18.459382
8.422071,18.170155
9.251449,18.942949
14.158368,14.158500
13.865799,14.451083
14.960764,14.375790
14.489833,14.521353
14.450956,13.865915
16.474426,13.953179
14.918465,14.888278
15.581656,14.950148
15.608105,13.767089
15.123473,13.900069
14.950045,15.581764
14.257175,15.519392
8.008708,19.296026
8.499869,19.330413
8.263724,19.949658
7.158549,19.554782
8.233443,18.832314
7.651999,19.650447
7.431847,20.274239
15.279113,12.941041
15.011341,13.257170
16.097418,13.091299
15.639824,13.275212
15.546902,12.624911
17.570318,12.545241
16.096741,13.605642
16.762938,13.612577
16.691893,12.431267
16.219843,12.603658
16.185924,14.293777
15.489254,14.289492
7.278553,18.653141
7.664297,18.502575
7.497284,19.139778
6.892827,18.803699
7.822582,18.883598
6.160104,20.691481
16.295653,11.634907
16.055184,11.971830
17.123513,11.717293
16.682614,11.938392
16.536141,11.297992
18.546005,11.051156
17.165425,12.229885
17.829777,12.181849
17.661080,11.010022
17.204995,11.221133
17.310862,12.908627
16.616742,12.961526
6.385595,19.884283
6.875584,19.962042
6.588052,20.563998
5.518764,20.079866
6.655234,19.445880
6.004363,20.213825
5.732185,20.818948
17.200474,10.249570
16.988559,10.605306
18.032037,10.263040
17.611127,10.519791
17.412404,9.893846
19.394975,9.481735
18.116431,10.770361
18.774414,10.667479
18.509751,9.514115
18.072616,9.761945
18.317601,11.434829
17.630363,11.544798
5.713316,19.190741
6.110186,19.072483
5.316464,19.308980
4.430361,21.129757
17.988055,8.794096
17.806200,9.166091
18.818032,8.739019
18.419637,9.029588
18.169920,8.422115
20.111710,7.847800
18.943633,9.237649
19.591073,9.080676
19.232196,7.953182
18.817005,8.236268
19.198881,9.882792
18.522833,10.049468
5.887281,19.693753
6.238435,19.468116
4.721902,20.344603
5.203540,20.462297
4.867353,21.038088
3.841607,20.467152
5.026229,19.929506
4.314377,20.640954
3.993407,21.221412
18.652881,7.278599
18.502340,7.664348
19.475566,7.155235
19.102462,7.477687
18.803434,6.892866
20.691199,6.160120
19.641758,7.641834
20.273995,7.431863
19.823401,6.337863
19.432985,6.654269
19.949426,8.263733
19.289507,8.485624
4.109046,19.597077
4.514305,19.512130
3.703798,19.681997
2.670364,21.423276
19.190448,5.713347
19.072220,6.110222
20.000175,5.522547
19.654924,5.874668
19.308682,5.316492
21.129437,4.430366
20.205836,5.993786
20.818669,5.732189
20.279379,4.679315
19.916397,5.026825
20.563725,6.588049
19.924374,6.863697
4.241124,20.112888
4.609290,19.916778
3.026077,20.665464
3.496243,20.822403
3.113444,21.368185
2.138940,20.714252
3.363175,20.276408
2.595436,20.926721
2.227331,21.478382
19.596750,4.109071
19.511833,4.514335
20.388190,3.851906
20.073127,4.231486
19.681656,3.703820
21.422935,2.670362
20.631963,4.304660
21.221092,3.993401
20.596191,2.988331
20.263315,3.364865
21.037781,4.867338
20.423397,5.195005
2.476725,19.869642
2.887614,19.818262
2.065837,19.920984
0.892149,21.570548
19.869287,2.476748
19.817932,2.887634
20.636259,2.155328
20.353823,2.559351
19.920618,2.065855
21.570184,0.892155
20.916868,2.586138
21.478017,2.227313
20.773132,1.277955
20.472275,1.680251
21.367837,3.113431
20.782760,3.490256
2.566417,20.394416
2.949041,20.229034
1.308827,20.843544
1.764557,21.039224
1.338233,21.552027
0.000000,20.609336
0.827451,20.006430
0.500565,20.019865
1.677976,20.485133
1.241178,19.989372
0.617298,20.932204
0.996579,21.147937
0.446061,21.589080
0.000000,21.108417
0.457207,20.488963
0.957865,20.487946
20.006050,0.827461
19.988989,1.241194
20.823541,0.000000
20.019492,0.500566
20.960488,0.645385
21.153413,1.047076
20.505461,0.853981
21.588699,0.446045
21.108014,0.000000
20.539098,0.000000
20.445323,0.423978
20.999730,1.762810
