22.886972,0.000000
22.806730,1.889976
22.572255,3.766530
22.184045,5.618095
21.643919,7.430990
20.956344,9.193044
20.125545,10.892131
19.157246,12.516919
18.058589,14.055925
16.835473,15.499919
15.499016,16.836340
14.054694,18.059779
12.515947,19.158469
10.892083,20.126119
9.192265,20.956635
7.430457,21.644584
5.617536,22.184566
3.766627,22.572730
1.889808,22.808006
0.000000,22.888264
-0.000000,24.272396
2.005336,24.188099
3.995593,23.940748
5.958733,23.528931
7.881445,22.956277
9.749905,22.227164
11.552258,21.346144
13.275874,20.319724
14.908376,19.153664
16.438571,17.857408
17.857327,16.438367
19.153507,14.908167
20.319328,13.275647
21.345823,11.551882
22.226964,9.749948
22.956088,7.881095
23.528757,5.958171
23.940276,3.995544
24.187909,2.004375
24.270954,-0.000000
11.705774,19.645221
12.414915,20.835541
11.656351,20.477214
11.300746,19.885920
12.432151,19.947256
11.906001,20.027764
12.111286,19.402657
14.093351,19.739238
12.205662,20.430200
12.846689,20.577591
13.304730,19.448625
12.773641,19.514938
12.993258,19.935177
12.648111,20.258487
11.983627,21.092223
10.652100,21.789395
13.287680,18.611489
12.904158,18.885051
14.038654,18.855447
13.518389,18.978509
13.672019,18.336918
15.675010,18.508030
13.848624,19.354466
14.502644,19.446803
14.865399,18.283395
14.340339,18.394635
13.684791,20.030888
10.818615,20.978970
9.899140,21.399015
14.779228,17.449978
14.419569,17.755175
15.548468,17.631829
15.039865,17.796990
15.140438,17.144760
17.149766,17.150109
15.399405,18.144886
16.058653,18.182969
16.324740,16.993189
15.810714,17.147400
15.291396,18.832401
14.595222,18.794006
11.366433,20.932132
11.103971,21.568264
11.105225,20.522009
10.200467,22.009725
8.816054,22.594641
10.043461,20.544128
10.468469,20.336820
10.257764,20.958329
9.620297,20.751983
10.445830,21.388699
16.169666,16.170147
15.836736,16.503546
16.950107,16.287607
16.457561,16.494109
16.503785,15.836436
18.507374,15.675421
16.845302,16.810898
17.505528,16.794580
17.671817,15.587367
17.172420,15.783342
16.794209,17.505499
16.098226,17.523877
9.060000,21.829490
9.593329,21.817634
9.285546,22.411181
8.104291,22.137601
9.347223,21.381319
8.639838,22.186053
8.347960,22.776670
17.449646,14.779731
17.144908,15.139958
18.237804,14.832257
17.763753,15.078725
17.755455,14.419237
19.738584,14.093808
18.175750,15.362605
18.832543,15.291911
18.898937,14.074878
18.417309,14.311192
18.182730,16.058739
17.489405,16.135195
8.312568,21.303675
8.752531,21.131184
8.512120,21.729988
7.873575,21.475518
8.892651,21.466163
6.919768,23.245584
18.610641,13.287886
18.337019,13.672077
19.400416,13.275654
18.948154,13.560282
18.885495,12.904016
20.834829,12.415605
19.382413,13.809270
20.030951,13.684675
19.996436,12.465975
19.536066,12.741419
19.446515,14.502775
18.762449,14.635757
7.224511,22.496639
7.759865,22.531617
7.402925,23.101716
6.247775,22.731825
7.555640,22.078135
6.779763,22.822273
6.438570,23.388346
19.644269,11.705775
19.403102,12.111507
20.430018,11.628292
20.003079,11.949140
19.886480,11.300605
21.788835,10.652459
20.456454,12.161398
21.092349,11.983600
20.957513,10.772389
20.521528,11.084640
20.577628,12.847370
19.907107,13.036216
6.525031,21.917598
6.977929,21.781640
6.073168,22.052556
4.976379,23.737885
20.543948,10.043622
20.336953,10.468039
21.320643,9.901635
20.921648,10.256627
20.751617,9.619946
22.594139,8.816827
21.390643,10.430793
22.009849,10.200878
21.775498,9.005071
21.366803,9.352230
21.568093,11.103935
20.915146,11.347989
6.684359,22.359286
7.091291,22.129476
5.342115,23.017333
5.872450,23.095955
5.469888,23.634400
4.349125,23.170350
5.706125,22.626914
4.871702,23.304374
4.485384,23.840374
21.303206,8.312858
21.131890,8.753014
22.065490,8.107262
21.697317,8.493875
21.475146,7.873611
23.245086,6.920776
22.178984,8.628909
22.776977,8.348428
22.444760,7.176196
22.066177,7.555767
22.411365,9.285050
21.780944,9.582140
4.692769,22.381757
5.155114,22.283600
4.231165,22.478592
2.998992,24.067291
21.917074,6.525003
21.782578,6.978140
22.659863,6.257422
22.324693,6.673002
22.052080,6.073156
23.737195,4.977165
22.815718,6.767867
23.388645,6.438974
22.960714,5.298051
22.615044,5.707855
23.101481,7.402439
22.497812,7.750683
4.815409,22.834982
5.239472,22.639467
3.423482,23.380047
3.945226,23.502385
3.499525,24.005671
2.421198,23.449835
3.818175,23.021024
2.931042,23.626942
2.501839,24.129586
22.381164,4.692931
22.284321,5.155523
23.099232,4.364279
22.799929,4.806370
22.477484,4.231324
24.067352,2.999578
23.296707,4.860815
23.840320,4.485520
23.319897,3.383423
23.008753,3.821045
23.634152,5.469287
23.061260,5.866264
2.828897,22.693274
3.297219,22.633226
2.360561,22.751053
1.002341,24.232830
22.692634,2.829436
22.633785,3.297464
23.379771,2.442232
23.119318,2.906907
22.750196,2.360976
24.232977,1.003050
23.618748,2.920626
24.128591,2.501246
23.519266,1.447200
23.246322,1.908193
24.005020,3.499330
23.466729,3.940863
2.913802,23.155219
3.352023,22.994323
1.480432,23.582441
1.990984,23.747305
1.504295,24.212921
-0.000000,23.384561
0.944587,22.849558
0.570882,22.863496
1.904971,23.258454
1.416624,22.829012
0.697280,23.669237
1.125179,23.856624
0.500051,24.253638
-0.000000,23.825945
0.521444,23.277699
1.087868,23.272260
22.848712,0.944942
22.827769,1.417137
23.572628,0.000000
22.863171,0.570812
23.694384,0.729738
23.860122,1.182081
23.288268,0.970039
24.252801,0.499120
23.824065,0.000000
23.322779,0.000000
23.239060,0.484132
23.712034,1.989968
