26.621811,-0.000000
26.527357,2.198387
26.254542,4.380742
25.802723,6.534806
25.174372,8.643552
24.374680,10.693053
23.408306,12.669326
22.281936,14.559136
21.004002,16.349213
19.581511,18.028664
18.027046,19.583010
16.346845,21.006112
14.557249,22.284021
12.669374,23.409073
10.691519,24.375068
8.642488,25.175284
6.533640,25.803240
4.381056,26.254845
2.198260,26.528951
0.000000,26.623248
0.000000,27.821750
2.299435,27.725274
4.580216,27.442000
6.830476,26.970028
9.034460,26.313707
11.176011,25.477961
13.242334,24.468093
15.217998,23.291353
17.089063,21.954708
18.842990,20.468988
20.469119,18.842292
21.954685,17.088469
23.291014,15.217319
24.467743,13.241461
25.477681,11.176082
26.313501,9.033935
26.970024,6.829588
27.441427,4.580615
27.725766,2.297905
27.820428,-0.000000
13.617009,22.852741
14.232125,23.885452
13.457530,23.640906
13.147323,23.131365
14.361880,23.043012
13.784134,23.187363
14.087453,22.570488
16.156234,22.628572
14.057145,23.528856
14.728128,23.588185
15.360003,22.452926
14.784942,22.587287
14.964673,22.959106
14.554766,23.310207
13.736859,24.180103
12.211555,24.978852
15.457016,21.650161
15.012539,21.967067
16.217376,21.781101
15.650330,21.972264
15.903211,21.331170
17.969459,21.217225
15.949351,22.289690
16.626672,22.292253
17.162022,21.107590
16.597924,21.290423
15.686965,22.963474
12.484985,24.209445
11.427151,24.700920
17.191980,20.298875
16.775404,20.652744
17.960932,20.367594
17.411721,20.604323
17.611732,19.944593
19.660075,19.660365
17.735477,20.896789
18.410452,20.843458
18.846809,19.618389
18.299912,19.846917
17.528287,21.589891
16.809092,21.644878
13.087599,24.101860
12.731160,24.724379
12.852434,23.750393
11.692223,25.231790
10.106536,25.902008
11.683253,23.897878
12.177092,23.657562
11.871594,24.254973
11.192936,24.139743
12.029800,24.631526
18.809433,18.810230
18.423628,19.196882
19.580241,18.814986
19.053097,19.096039
19.197510,18.422723
21.216200,17.970012
19.400477,19.360331
20.068978,19.251911
20.401876,17.995387
19.875951,18.268185
19.251306,20.069002
18.540090,20.182154
10.451899,25.182719
11.044148,25.117296
10.647027,25.690348
9.355583,25.554395
10.816944,24.744505
9.949803,25.548273
9.568370,26.110772
20.298347,17.192919
19.945205,17.610590
21.067535,17.133855
20.565286,17.457478
20.653520,16.774278
22.627634,16.156917
20.932683,17.692445
21.590187,17.529150
21.818548,16.249245
21.316727,16.564208
20.843235,18.410661
20.142260,18.582948
9.669903,24.781712
10.180273,24.580758
9.851300,25.147329
9.160871,24.981369
10.302700,24.869623
7.932254,26.648215
21.648817,15.457418
21.331797,15.903109
22.410526,15.335755
21.936379,15.699535
21.968194,15.011978
23.884282,14.233310
22.322220,15.903599
22.963773,15.686684
23.085571,14.392007
22.611623,14.747357
22.292012,16.627047
21.608279,16.856093
8.335123,25.954166
8.933269,25.940257
8.488821,26.482223
7.212315,26.240147
8.743737,25.550985
7.807988,26.281118
7.379630,26.811673
22.851253,13.617013
22.571798,14.087836
23.599960,13.433015
23.157785,13.834320
23.132679,13.146998
24.978038,12.212026
23.559173,14.005870
24.180478,13.736731
24.195130,12.436819
23.752312,12.829767
23.588713,14.729519
22.926590,15.014053
7.590561,25.495772
8.116256,25.337047
7.066497,25.652733
5.704207,27.212572
23.897916,11.683519
23.657984,12.176177
24.628740,11.438402
24.221360,11.874905
24.138976,11.192040
25.901287,10.107777
24.635080,12.012800
25.232193,11.692935
25.139532,10.396501
24.730614,10.824550
24.724438,12.731044
24.087633,13.069880
7.736272,25.875863
8.215189,25.637120
6.163335,26.554781
6.760122,26.589777
6.272910,27.092994
5.020646,26.746447
6.603273,26.185879
5.610655,26.836201
5.140713,27.329726
24.781182,9.670211
24.582546,10.181077
25.489088,9.365601
25.119457,9.834126
24.980750,9.160769
26.647519,7.934262
25.543016,9.937678
26.111534,9.569276
25.912096,8.285112
25.540136,8.745173
25.691224,10.645968
25.084733,11.036150
5.459099,26.035743
5.995808,25.920849
4.923654,26.148356
3.436951,27.589921
25.495185,7.590172
25.339403,8.116610
26.175883,7.228864
25.845663,7.725859
25.652074,7.066342
27.211696,5.705799
26.276230,7.794315
26.812544,7.380409
26.507636,6.116668
26.175395,6.606349
26.482454,8.487683
25.910453,8.926934
5.573316,26.426234
6.069924,26.228022
3.949716,26.972975
4.541108,27.057576
4.014279,27.518927
2.794931,27.068882
4.418604,26.642080
3.376007,27.207599
2.867390,27.661546
26.035239,5.459190
25.922890,5.996430
26.683222,5.041616
26.396261,5.564599
26.146592,4.923932
27.590732,3.438495
26.830258,5.598245
27.330176,5.140837
26.922888,3.906072
26.630941,4.422828
27.093295,6.271645
26.559468,6.756423
3.291232,26.398322
3.834440,26.327429
2.747680,26.464784
1.149053,27.779413
26.397830,3.292117
26.329346,3.834771
27.007248,2.821590
26.766509,3.365466
26.464089,2.748329
27.780967,1.150639
27.201523,3.364192
27.660427,2.866159
27.152249,1.671159
26.906260,2.209016
27.518661,4.013792
27.026147,4.538666
3.372407,26.797261
3.883172,26.638959
1.708192,27.207126
2.291410,27.339718
1.725602,27.757224
0.000000,27.047923
1.098872,26.579857
0.663988,26.595247
2.204766,26.917111
1.646594,26.555630
0.803105,27.293139
1.295849,27.450884
0.571698,27.803386
-0.000000,27.430514
0.606020,26.954288
1.259124,26.943924
26.579408,1.099526
26.554306,1.647618
27.210479,0.000000
26.595726,0.663874
27.315978,0.841343
27.453272,1.361483
26.959492,1.122691
27.802858,0.569730
27.428339,0.000000
26.995178,0.000000
26.921608,0.563239
27.309278,2.291316
