25.506197,-0.000000
25.415861,2.106239
25.154490,4.197231
24.721650,6.260931
24.119647,8.281288
23.353451,10.244924
22.427577,12.138388
21.348426,13.949020
20.124047,15.664096
18.761116,17.273213
17.271782,18.762456
15.662039,20.125918
13.947383,21.350296
12.138403,22.428314
10.243612,23.353815
8.280389,24.120509
6.259956,24.722180
4.197501,25.154839
2.106093,25.417374
0.000000,25.507609
-0.000000,26.756329
2.211182,26.663403
4.404765,26.390931
6.568817,25.937019
8.688359,25.305821
10.747912,24.502089
12.734994,23.530910
14.634975,22.399306
16.434430,21.113857
18.121194,19.685009
19.685066,18.120648
21.113786,16.433945
22.398927,14.634431
23.530560,12.734252
24.501839,10.747954
25.305625,8.687847
25.936971,6.567982
26.390406,4.404990
26.663713,2.209767
26.754909,0.000000
13.046034,21.894565
13.686604,22.969923
12.918110,22.693422
12.595667,22.161833
13.784062,22.116081
13.222181,22.242028
13.497133,21.624113
15.536966,21.761252
13.502214,22.600125
14.163316,22.684459
14.744455,21.553160
14.183068,21.667926
14.373766,22.052745
13.983132,22.395262
13.210598,23.253145
11.743411,24.021441
14.808938,20.742405
14.382658,21.046367
15.564996,20.905074
15.012420,21.076533
15.236703,20.436656
17.280682,20.403976
15.319715,21.409935
15.989058,21.438100
16.474212,20.261750
15.922348,20.423875
15.085976,22.083130
11.985857,23.241805
10.969513,23.711964
16.471183,19.447786
16.071600,19.787152
17.238557,19.548420
16.702017,19.764352
16.873515,19.108152
18.906500,18.906835
17.035301,20.071984
17.704464,20.044833
18.091473,18.832159
17.555026,19.039112
16.856812,20.762098
16.145496,20.790381
12.571635,23.151733
12.242687,23.776973
12.329547,22.784316
11.244437,24.264554
9.719106,24.909202
11.193363,22.896000
11.666722,22.665503
11.388638,23.268497
10.723113,23.127715
11.555030,23.659578
18.020815,18.021536
17.650806,18.392303
18.792684,18.058224
18.276476,18.317525
18.392838,17.650075
20.403038,17.281212
18.634630,18.596212
19.299465,18.514271
19.584249,17.274201
19.066930,17.524614
18.513734,19.299444
17.808162,19.385385
10.034919,24.178248
10.609217,24.128135
10.238334,24.706003
8.980811,24.531052
10.377115,23.738060
9.557167,24.540521
9.202037,25.109900
19.447313,16.471996
19.108632,16.872548
20.220219,16.444688
19.727027,16.745736
19.787799,16.070716
21.760369,15.537605
20.106366,16.994136
20.762374,16.857587
20.944150,15.598030
20.449088,15.890004
20.044598,17.704619
19.347090,17.849276
9.264374,23.742700
9.753795,23.550218
9.450543,24.124711
8.776289,23.934063
9.880917,23.851514
7.628280,25.626802
20.741180,14.809277
20.437125,15.236648
21.509194,14.718905
21.042261,15.059445
21.047317,14.382221
22.968873,13.687664
21.441092,15.275875
22.083377,15.085729
22.160408,13.815167
21.691277,14.147083
21.437838,15.989343
20.755269,16.190583
8.002419,24.918466
8.581491,24.918452
8.162838,25.467474
6.923430,25.189387
8.388192,24.511737
7.499802,25.244404
7.097143,25.784018
21.893193,13.046032
21.625177,13.497465
22.650777,12.892633
22.213861,13.270253
22.162959,12.595381
24.020680,11.743870
22.629222,13.453033
23.253469,13.210488
23.225500,11.938327
22.785523,12.307539
22.684830,14.164501
22.021530,14.421226
7.272210,24.426849
7.776244,24.274884
6.769734,24.577239
5.485683,26.169519
22.895948,11.193597
22.665859,11.665931
23.638194,10.978256
23.234050,11.390696
23.127086,10.722371
24.908527,9.720251
23.662652,11.538631
24.264895,11.245067
24.132036,9.979770
23.724017,10.383957
23.776954,12.242582
23.136720,12.553774
7.421475,24.823562
7.879003,24.587816
5.917313,25.495139
6.494000,25.542422
6.031837,26.054802
4.819521,25.675385
6.334794,25.120848
5.389181,25.777601
4.944001,26.282249
23.742162,9.264693
23.551697,9.754510
24.463951,8.988831
24.095519,9.433096
23.933530,8.776226
25.626156,7.630020
24.534744,9.545405
25.110549,9.202817
24.873662,7.952996
24.500575,8.389233
24.706657,10.237415
24.094468,10.600333
5.230136,24.944172
5.744695,24.834229
4.716753,25.052067
3.305464,26.532449
24.426260,7.271942
24.276835,7.776550
25.123070,6.937989
24.792158,7.410826
24.576635,6.769609
26.168685,5.487060
25.239037,7.486655
25.784739,7.097826
25.445357,5.871478
25.109989,6.337472
25.467530,8.161887
24.887558,8.574365
5.346504,25.351580
5.821515,25.154506
3.792069,25.896697
4.362460,25.991827
3.859718,26.464337
2.682978,25.984938
4.238915,25.558481
3.242646,26.134346
2.757666,26.601301
24.943620,5.230260
24.835894,5.745269
25.610058,4.838803
25.320213,5.337716
25.050490,4.716987
26.533062,3.306712
25.771163,5.377224
26.282560,4.944155
25.843832,3.749543
25.547033,4.242745
26.054913,6.030760
25.510924,6.489609
3.153098,25.291489
3.673990,25.223793
2.632010,25.355344
1.105018,26.714762
25.290954,3.153896
25.225327,3.674298
25.921034,2.707999
25.675273,3.228234
25.354581,2.632602
26.715912,1.106355
26.127691,3.231243
26.600205,2.756631
26.064197,1.604070
25.811082,2.118984
26.463918,3.859341
25.959260,4.359459
3.235154,25.707420
3.724284,25.548660
1.639911,26.121351
2.201346,26.262805
1.659147,26.693315
0.000000,25.951437
1.052736,25.465498
0.636103,25.480376
2.115022,25.822277
1.577944,25.442299
0.771405,26.207433
1.244686,26.373294
0.550205,26.737776
-0.000000,26.349959
0.580731,25.854295
1.207902,25.845339
25.464916,1.053314
25.440976,1.578812
26.120865,0.000000
25.480629,0.636001
26.230874,0.807918
26.375960,1.307690
25.860978,1.077052
26.737151,0.548534
26.347813,0.000000
25.896273,0.000000
25.819975,0.539593
26.231056,2.200976
