28.095010,0.000000
27.995234,2.320116
27.707328,4.623134
27.230469,6.896527
26.567332,9.122012
25.723405,11.284906
24.703546,13.370543
23.514821,15.364923
22.166157,17.254051
20.665014,19.026382
19.024533,20.666710
17.251290,22.168573
15.362729,23.517170
13.370630,24.704359
11.283073,25.723858
9.120719,26.568332
6.895094,27.231007
4.623473,27.707626
2.320016,27.996972
0.000000,28.096517
0.000000,29.234389
2.416417,29.133305
4.812795,28.835688
7.177377,28.339767
9.493337,27.650127
11.743627,26.771927
13.915016,25.710746
15.991052,24.474148
17.957057,23.069628
19.800039,21.508503
21.508719,19.799155
23.069649,17.956347
24.473855,15.990209
25.710372,13.914000
26.771565,11.743769
27.649861,9.492842
28.339767,7.176474
28.834987,4.813469
29.133964,2.414794
29.233203,-0.000000
14.371096,24.118153
14.955458,25.099371
14.171356,24.894787
13.875880,24.411815
15.126419,24.269468
14.527229,24.437397
14.867018,23.820383
16.977350,23.778557
14.791986,24.758709
15.477048,24.786451
16.174608,23.643673
15.580910,23.803113
15.747188,24.159360
15.311900,24.522118
14.434595,25.409210
12.832292,26.248293
16.312921,22.849011
15.844414,23.183008
17.080569,22.940225
16.493885,23.156720
16.783393,22.512560
18.882726,22.295526
16.783120,23.454691
17.472095,23.424791
18.072232,22.226981
17.491360,22.436424
16.483779,24.130774
13.145575,25.490173
12.032781,26.009773
18.143924,21.422908
17.704901,21.795894
18.916749,21.451497
18.350219,21.715059
18.586599,21.049290
20.659259,20.659480
18.662653,21.989017
19.346529,21.902360
19.846385,20.658878
19.285009,20.915221
18.418587,22.687516
17.687878,22.776456
13.770942,25.360145
13.378841,25.980565
13.543987,25.028032
12.285927,26.514307
10.620286,27.218383
12.330258,25.221030
12.851045,24.967793
12.510317,25.559556
11.813422,25.476284
12.658509,25.918615
19.850950,19.851839
19.444271,20.259452
20.622308,19.816293
20.080068,20.125509
20.260147,19.443175
22.294382,18.883310
20.414616,20.372200
21.089275,20.229950
21.483883,18.949799
20.945861,19.251543
20.229238,21.089409
19.509361,21.237281
11.003841,26.512258
11.620182,26.427372
11.188897,26.995512
9.851564,26.908731
11.398635,26.075569
10.469745,26.882794
10.054076,27.437889
21.422290,18.145037
21.050039,18.585277
22.188660,18.045731
21.673764,18.398656
21.796785,17.703482
23.777553,16.978076
22.026895,18.617171
22.687789,18.419565
22.975688,17.111061
22.464154,17.455837
21.902136,19.346843
21.195276,19.554519
10.205514,26.153909
10.743452,25.941801
10.381302,26.499738
9.668782,26.364502
10.860321,26.215686
8.335339,28.002531
22.847513,16.313419
22.513360,16.783255
23.603126,16.151935
23.118716,16.545971
23.184302,15.843711
25.098029,14.956794
23.489010,16.734858
24.131086,16.483481
24.309884,15.155396
23.828750,15.541221
23.424554,17.472617
22.737885,17.737404
8.775501,27.325026
9.399184,27.293544
8.921045,27.827685
7.594624,27.630772
9.213954,26.925420
8.216094,27.653991
7.754179,28.174298
24.116532,14.371114
23.821959,14.867488
24.855867,14.148015
24.405980,14.580224
24.413289,13.875534
26.247403,12.832764
24.790610,14.737959
25.409591,14.434463
25.478287,13.096521
25.030851,13.520415
24.787164,15.478707
24.125124,15.799112
8.011037,26.907472
8.565239,26.739860
7.458429,27.073103
5.993996,28.595594
25.221181,12.330570
24.968237,12.850003
25.939370,12.047235
25.526922,12.515210
25.475281,11.812344
27.217588,10.621612
25.922767,12.640716
26.514722,12.286742
26.472802,10.948003
26.061799,11.407241
25.980696,13.378728
25.346879,13.753337
8.152600,27.267512
8.659640,27.024458
6.488989,27.957332
7.112597,27.976918
6.592555,28.469540
5.286812,28.163945
6.958347,27.594424
5.903923,28.238071
5.401531,28.718635
26.153382,10.205800
25.943938,10.744378
26.845492,9.864106
26.473450,10.364449
26.363717,9.668637
28.001740,8.337674
26.878162,10.457143
27.438728,10.055143
27.286307,8.724630
26.914915,9.215922
26.996655,11.187695
26.396087,11.613285
5.761518,27.477353
6.327401,27.355970
5.196919,27.596197
3.611310,28.992097
26.906867,8.010484
26.742687,8.565663
27.568905,7.613724
27.238749,8.142461
27.072325,7.458258
28.594632,5.995847
27.649676,8.201741
28.175303,7.755065
27.913412,6.441170
27.584345,6.961950
27.828139,8.919677
27.265018,9.393832
5.873276,27.847456
6.398329,27.647375
4.158379,28.397568
4.777726,28.469075
4.219249,28.917204
2.943101,28.503442
4.656259,28.075169
3.552594,28.628894
3.012870,29.067360
27.476892,5.761556
27.358441,6.328069
28.103170,5.309959
27.819145,5.864641
27.594149,5.197265
28.993088,3.613262
28.232713,5.890918
28.719206,5.401584
28.350849,4.113215
28.064359,4.660992
28.470071,6.591061
27.947999,7.109758
3.473679,27.860100
4.046294,27.785025
2.900452,27.930012
1.207431,29.191099
27.859617,3.474666
27.787377,4.046656
28.444487,2.971878
28.209445,3.546975
27.929374,2.901167
29.193107,1.209328
28.623475,3.540246
29.066177,3.011369
28.592126,1.759965
28.354544,2.328104
28.917135,4.218586
28.438966,4.776011
3.553937,28.238556
4.093236,28.080517
1.798622,28.644274
2.410698,28.766007
1.813745,29.167855
0.000000,28.498310
1.159850,28.051555
0.700884,28.067706
2.323490,28.365036
1.737190,28.026042
0.845066,28.730376
1.363598,28.878217
0.600195,29.216346
-0.000000,28.861639
0.639435,28.408820
1.326835,28.396651
28.051241,1.160585
28.024684,1.738428
28.652541,0.000000
28.068414,0.700750
28.752457,0.885575
28.880235,1.432724
28.412129,1.183008
29.215895,0.597844
28.859425,0.000000
28.448405,0.000000
28.378097,0.594478
28.737100,2.410972
