20.102892,-0.000000
20.034430,1.660125
19.828405,3.308870
19.487675,4.935025
19.013269,6.527495
18.409196,8.075332
17.679459,9.567974
16.829086,10.995381
15.864129,12.347313
14.789627,13.615823
13.615621,14.789858
12.347126,15.864407
10.995231,16.829400
9.567880,17.679782
8.075226,18.409543
6.527414,19.013682
4.934958,19.488139
3.308838,19.828925
1.660097,20.035032
0.000000,20.103515
-0.000000,21.666060
1.789154,21.591663
3.566089,21.370666
5.318615,21.003013
7.034887,20.491726
8.703029,19.840822
10.311534,19.054313
11.850297,18.138222
13.307697,17.097572
14.673697,15.940437
15.940264,14.673827
17.097360,13.307795
18.137959,11.850369
19.054020,10.311578
19.840497,8.703067
20.491353,7.034883
21.002580,5.318583
21.370160,3.566062
21.591107,1.789094
21.665425,-0.000000
10.281624,17.254705
11.080947,18.596365
10.324508,18.137911
9.924818,17.467256
11.004444,17.656640
10.513307,17.684440
10.638451,17.042081
12.579044,17.617993
10.840006,18.144509
11.465667,18.367293
11.785256,17.227372
11.282753,17.237361
11.539345,17.704830
11.243054,18.009516
10.696249,18.825388
9.507319,19.447674
11.671269,16.346995
11.333333,16.588204
12.426870,16.691029
11.937645,16.758389
12.009235,16.105748
13.990753,16.519098
12.299152,17.189510
12.943434,17.357799
13.167400,16.195531
12.666995,16.248203
12.214684,17.878153
9.587080,18.591435
8.769520,18.958107
12.981464,15.327203
12.664387,15.595822
13.763815,15.607986
13.281375,15.715345
13.298601,15.058589
15.307047,15.307217
13.676415,16.115153
14.332292,16.229781
14.460121,15.052390
13.965734,15.146403
13.649218,16.808385
12.962694,16.691474
10.097549,18.594704
9.909489,19.251017
9.810392,18.128863
9.105160,19.644300
7.868967,20.166387
8.821603,18.044769
9.194777,17.862335
9.061721,18.514447
8.448502,18.227218
9.277652,18.996694
14.202717,14.202917
13.909256,14.496405
15.004451,14.417830
14.533100,14.564790
14.496225,13.909421
16.518883,13.990892
14.960710,14.930486
15.623728,14.990536
15.653411,13.807101
15.168520,13.941525
14.990377,15.623884
14.297536,15.563397
8.031793,19.351760
8.523854,19.385058
8.286090,20.003621
7.179325,19.611622
8.257943,18.888484
7.673675,19.706174
7.451903,20.329100
15.326978,12.981635
15.058387,13.298742
16.144426,13.129580
15.686529,13.314919
15.595611,12.664525
17.617741,12.579156
16.142324,13.644212
16.808198,13.649352
16.740352,12.467396
16.268160,12.641246
16.229592,14.332421
15.533103,14.330007
7.301363,18.711730
7.688307,18.560674
7.519608,19.196861
6.914462,18.862761
7.846138,18.940546
6.176734,20.747485
16.346712,11.671400
16.105508,12.009371
17.173527,11.751564
16.732440,11.974102
16.587964,11.333449
18.596075,11.081044
17.214040,12.264560
17.877922,12.214765
17.712367,11.042031
17.256259,11.254602
17.357570,12.943534
16.663786,12.998279
6.404021,19.941763
6.894982,20.018509
6.605891,20.619643
5.534781,20.138237
6.675043,19.503896
6.021380,20.271163
5.747653,20.875286
17.254384,10.281723
17.041821,10.638566
18.084722,10.293069
17.663744,10.551267
17.466988,9.924908
19.447352,9.507382
18.167755,10.800907
18.825123,10.696311
18.563516,9.541784
18.126483,9.791070
18.367038,11.465766
17.680289,11.577543
5.731223,19.251026
6.129334,19.132370
5.333156,19.369636
4.442317,21.186956
18.044444,8.821691
17.862033,9.194847
18.873022,8.764595
18.474683,9.056614
18.226881,8.448569
20.166025,7.869025
18.997312,9.263852
19.643995,9.105218
19.288060,7.976314
18.873093,8.260844
19.250717,9.909540
18.575304,10.077983
5.904815,19.752508
6.257210,19.526808
4.735524,20.403422
5.218215,20.520181
4.880545,21.095029
3.852758,20.526662
5.041188,19.988966
4.326610,20.699510
4.004184,21.278849
18.711350,7.301445
18.560352,7.688400
19.532472,7.176179
19.159550,7.500070
18.862376,6.914529
20.747069,6.176776
19.697416,7.663512
20.328758,7.451941
19.880972,6.356298
19.490902,6.674123
20.003293,8.286102
19.344158,8.509705
4.121922,19.658651
4.528444,19.573404
3.715429,19.743835
2.677563,21.481273
19.250591,5.731279
19.132007,6.129399
20.058601,5.538711
19.713651,5.892254
19.369193,5.333207
21.186470,4.442334
20.263078,6.010783
20.874888,5.747666
20.338253,4.692918
19.975742,5.041823
20.619245,6.605881
19.980818,6.883174
4.253758,20.172899
4.623164,19.976831
3.034806,20.725215
3.506094,20.881317
3.121899,21.426042
2.145140,20.774486
3.373186,20.336922
2.602804,20.986098
2.233348,21.536541
19.658155,4.121970
19.572976,4.528505
20.447731,3.863175
20.133094,4.244148
19.743308,3.715471
21.480755,2.677563
20.690391,4.316870
21.278371,4.004175
20.655981,2.997016
20.323674,3.374911
21.094570,4.880512
20.481242,5.209743
2.484493,19.932090
2.896652,19.880510
2.072335,19.983573
0.894565,21.628960
19.931537,2.484543
19.880018,2.896694
20.696493,2.161636
20.414629,2.567004
19.982997,2.072376
21.628396,0.894582
20.976097,2.593480
21.535966,2.233307
20.833400,1.281675
20.533250,1.685269
21.425504,3.121872
20.841602,3.500145
2.574058,20.455294
2.957912,20.290039
1.312592,20.903845
1.769527,21.098768
1.341874,21.610409
0.000000,20.670527
0.830028,20.069321
0.502108,20.082760
1.682969,20.546293
1.245048,20.052174
0.619056,20.992452
0.999401,21.207491
0.447248,21.647541
0.000000,21.168181
0.458622,20.550492
0.960728,20.549365
20.068716,0.830051
20.051561,1.245083
20.883865,0.000000
20.082176,0.502108
21.020443,0.647239
21.212704,1.050033
20.566626,0.856541
21.646936,0.447208
21.167521,0.000000
20.600286,0.000000
20.506760,0.425306
21.059177,1.767795
