22.565592,-0.000000
22.486643,1.863445
22.255467,3.713696
21.872740,5.539236
21.340208,7.326680
20.662277,9.064002
19.843142,10.739244
18.888445,12.341235
17.805212,13.858638
16.599249,15.282372
15.281546,16.600044
13.857520,17.806301
12.340353,18.889568
10.739191,19.843679
9.063291,20.662552
7.326192,21.340832
5.538725,21.873247
3.713768,22.255949
1.863279,22.487871
0.000000,22.566849
-0.000000,23.969555
1.980230,23.886353
3.945696,23.642060
5.884349,23.235373
7.783069,22.669853
9.628241,21.949836
11.408073,21.079802
13.110197,20.066202
14.722345,18.914702
16.233454,17.634612
17.634521,16.233288
18.914542,14.722169
20.065819,13.110007
21.079495,11.407746
21.949645,9.628289
22.669670,7.782752
23.235189,5.883837
23.641595,3.945629
23.886105,1.979345
23.968147,-0.000000
11.541350,19.369248
12.259890,20.575330
11.502060,20.206210
11.141887,19.606693
12.266796,19.681970
11.744862,19.756651
11.941254,19.130123
13.917367,19.492725
12.047282,20.165126
12.686190,20.320734
13.128689,19.191283
12.601112,19.251378
12.824633,19.676509
12.485096,19.997567
11.834035,20.828789
10.519063,21.517274
13.101052,18.350052
12.722783,18.619882
13.851969,18.604753
13.335482,18.721636
13.480048,18.079317
15.479270,18.276888
13.668924,19.103379
14.321441,19.204036
14.668675,18.041491
14.146688,18.146233
13.513961,19.780705
10.675913,20.702321
9.768263,21.116210
14.571660,17.204883
14.216905,17.505873
15.341756,17.397409
14.836381,17.556123
14.927801,16.903890
16.935609,16.935940
15.199574,17.909479
15.858018,17.955981
16.108709,16.768324
15.597196,16.915829
15.100555,18.597163
14.405868,18.550147
11.219246,20.661024
10.965155,21.298988
10.955370,20.245074
10.073189,21.734839
8.705978,22.312462
9.902393,20.255582
10.321441,20.051133
10.119344,20.675527
9.485006,20.460506
10.310344,21.111295
15.942567,15.943012
15.614189,16.271815
16.724747,16.071037
16.234879,16.270866
16.272016,15.613939
18.276279,15.479656
16.626730,16.592810
17.286832,16.584925
17.437971,15.381105
16.940516,15.570190
16.584579,17.286810
15.889368,17.296492
8.940834,21.542361
9.469266,21.535457
9.169393,22.131408
7.997121,21.844945
9.221162,21.092835
8.527785,21.898446
8.243833,22.492230
17.204572,14.572121
16.904001,14.927385
17.995339,14.635039
17.523398,14.874633
17.506107,14.216634
19.492114,13.917792
17.939919,15.163306
18.597283,15.101030
18.648856,13.888634
18.168601,14.117930
17.955749,15.858100
17.262500,15.925820
8.195812,21.004437
8.629678,20.834410
8.397254,21.436846
7.762835,21.173880
8.771614,21.174033
6.833407,22.955281
18.349267,13.101242
18.079380,13.480116
19.142496,13.099127
18.691782,13.376743
18.620262,12.722673
20.574671,12.260525
19.130938,13.630119
19.780744,13.513864
19.731831,12.301002
19.272249,12.569354
19.203755,14.321558
18.519037,14.445836
7.129422,22.200573
7.659530,22.240107
7.310291,22.813289
6.165163,22.431332
7.453731,21.780237
6.691808,22.526401
6.358281,23.096293
19.368367,11.541355
19.130496,11.941459
20.158399,11.473648
19.732419,11.787398
19.607178,11.141767
21.516753,10.519402
20.191040,12.003619
20.828888,11.834021
20.680186,10.629822
20.244391,10.934946
20.320741,12.686807
19.648842,12.867039
6.433375,21.609744
6.879972,21.475765
5.987720,21.742809
4.914303,23.441440
20.255400,9.902546
20.051239,10.321061
21.037184,9.769950
20.638546,10.117785
20.460172,9.484705
22.311994,8.706690
21.113106,10.295466
21.734936,10.073570
21.487347,8.885890
21.078254,9.225938
21.298810,10.965132
20.643789,11.200702
6.594137,22.057625
6.994818,21.828419
5.271810,22.714424
5.796550,22.797168
5.401389,23.339312
4.291611,22.864054
5.629173,22.321635
4.808487,23.002265
4.429470,23.542689
21.003993,8.196090
20.835023,8.630128
21.772137,7.999433
21.403710,8.378891
21.173532,7.762883
22.954812,6.834315
21.891217,8.516955
22.492493,8.244260
22.147760,7.081212
21.768183,7.453746
22.131548,9.168957
21.498353,9.457768
4.626853,22.067379
5.082771,21.970689
4.171605,22.162862
2.961637,23.766768
21.609242,6.433371
21.476580,6.880173
22.358594,6.174181
22.022605,6.582672
21.742356,5.987724
23.440781,4.915007
22.519701,6.680067
23.096539,6.358645
22.656903,5.227941
22.309637,5.630785
22.813040,7.309864
22.205914,7.650073
4.750403,22.526919
5.168188,22.331470
3.378431,23.072396
3.894278,23.198349
3.455629,23.705914
2.389200,23.139869
3.766676,22.710414
2.892977,23.320663
2.470647,23.828255
22.066798,4.627015
21.971294,5.083153
22.792138,4.306241
22.491375,4.741322
22.161823,4.171757
23.766762,2.962145
22.994448,4.797733
23.542595,4.429594
23.011277,3.338656
22.698041,3.769423
23.339039,5.400850
22.762044,5.790124
2.789128,22.374505
3.250981,22.315413
2.327269,22.431547
0.989821,23.930254
22.373863,2.789628
22.315854,3.251217
23.068968,2.409729
22.806385,2.867575
22.430697,2.327656
23.930287,0.990449
23.312270,2.882684
23.827288,2.470107
23.208086,1.428022
22.932360,1.882394
23.705258,3.455450
23.162275,3.889741
2.874473,22.842790
3.306434,22.681514
1.460958,23.272059
1.965295,23.440088
1.485422,23.910515
0.000000,23.070428
0.931337,22.528608
0.562909,22.542460
1.879270,22.944610
1.396819,22.508417
0.688218,23.359005
1.110586,23.549306
0.493928,23.950798
0.000000,23.517681
0.514180,22.962210
1.073165,22.957230
22.527749,0.931660
22.507206,1.397286
23.261079,0.000000
22.542073,0.562845
23.384407,0.720179
23.552942,1.166750
22.973321,0.956924
23.949950,0.493094
23.515873,0.000000
23.007743,0.000000
22.923001,0.477334
23.404346,1.964197
