28.367876,0.000000
28.267127,2.342668
27.976427,4.668035
27.494934,6.963529
26.825354,9.210636
25.973233,11.394532
24.943466,13.500426
23.743192,15.514174
22.381426,17.421648
20.865714,19.211182
19.209300,20.867434
17.418824,22.383885
15.511932,23.745573
13.500524,24.944273
11.392648,25.973684
9.209303,26.826354
6.962046,27.495460
4.668376,27.976711
2.342573,28.268875
-0.000000,28.369379
0.000000,29.496668
2.438133,29.394739
4.855974,29.094455
7.241784,28.594088
9.578536,27.898262
11.849019,27.012179
14.039916,25.941470
16.134592,24.693758
18.118225,23.276637
19.977743,21.701512
21.701752,19.976818
23.276674,18.117490
24.693485,16.133715
25.941103,14.038874
27.011813,11.849175
27.897997,9.578051
28.594103,7.240883
29.093745,4.856701
29.395441,2.436500
29.495528,-0.000000
14.510777,24.352529
15.089767,25.324757
14.303738,25.127320
14.010829,24.648981
15.268195,24.496889
14.664978,24.669103
15.011409,24.051893
17.129815,23.992073
14.928320,24.986876
15.616109,25.008931
16.325684,23.864500
15.728470,24.028493
15.892372,24.382039
15.452390,24.746991
14.564143,25.637420
12.947550,26.483987
16.471460,23.071062
15.998501,23.408224
17.240640,23.155164
16.650258,23.376273
16.946422,22.731380
19.052301,22.495734
16.937810,23.670827
17.629071,23.635069
18.241038,22.434576
17.656988,22.648864
16.631724,24.347509
13.268094,25.727704
12.145101,26.252510
18.320253,21.631104
17.877071,22.007627
19.093998,21.652488
18.524192,21.920948
18.767164,21.253907
20.844787,20.844985
18.834673,22.191652
19.520338,22.098964
20.031765,20.851839
19.467630,21.113256
18.583894,22.891316
17.850925,22.986393
13.897734,25.593597
13.499100,26.213799
13.672195,25.264875
12.396161,26.752435
10.715683,27.462791
12.450104,25.466103
12.975872,25.210478
12.628727,25.801390
11.928354,25.723836
12.775155,26.157400
20.043872,20.044767
19.633324,20.456260
20.815551,20.001967
20.270442,20.316335
20.456970,19.632188
22.494577,19.052883
20.602772,20.559927
21.278720,20.411541
21.684551,19.126798
21.144204,19.433832
20.410815,21.278872
19.689196,21.433035
11.106217,26.758848
11.727065,26.670444
11.289506,27.237840
9.943549,27.159900
11.506473,26.322319
10.566211,27.130381
10.144258,27.684296
21.630479,18.321391
21.254686,18.765807
22.396564,18.214823
21.879247,18.573117
22.008545,17.875592
23.991069,17.130541
22.229907,18.788731
22.891589,18.584886
23.190290,17.270888
22.676869,17.621124
22.098749,19.520667
21.390649,19.734772
10.304729,26.408066
10.847762,26.193896
10.479556,26.750439
9.762861,26.620682
10.963674,26.465168
8.410187,28.253984
23.069549,16.471971
22.732220,16.946273
23.824285,16.303280
23.337891,16.702872
23.409555,15.997769
25.323397,15.091124
23.705487,16.889079
24.347830,16.631420
24.536945,15.296969
24.054386,15.688386
23.634842,17.629617
22.947469,17.900912
8.857182,27.579279
9.485635,27.544630
9.001297,28.077493
7.665526,27.888671
9.301126,27.180209
8.291810,27.908692
7.823724,28.427298
24.350901,14.510792
24.053526,15.011892
25.088766,14.280599
24.637362,14.718489
24.650490,14.010478
26.483098,12.948018
25.019082,14.873782
25.637810,14.564009
25.716261,13.218866
25.267871,13.648446
25.009690,15.617811
24.347497,15.944762
8.088925,27.168945
8.648396,26.999691
7.531025,27.336180
6.047808,28.852378
25.466291,12.450421
25.210935,12.974806
26.182416,12.160132
25.768940,12.633902
25.722798,11.927240
27.461999,10.717017
26.161675,12.757211
26.752860,12.396992
26.720070,11.050282
26.308580,11.515260
26.213955,13.498987
25.580516,13.880137
8.229781,27.525485
8.742017,27.281593
6.549392,28.217462
7.178000,28.234286
6.651905,28.725119
5.336175,28.426828
7.024174,27.855537
5.958332,28.498153
5.449958,28.976514
26.407556,10.305007
26.196109,10.848708
27.097028,9.956544
26.724445,10.462755
26.619878,9.762706
28.253191,8.412577
27.125875,10.553519
27.685159,10.145352
27.541169,8.806140
27.169777,9.303191
27.239046,11.288280
26.639392,11.720361
5.817539,27.744366
6.388816,27.621787
5.247536,27.864363
3.643686,29.252441
27.168354,8.088339
27.002617,8.648831
27.827231,7.685089
27.496990,8.219686
27.335395,7.530852
28.851417,6.049703
27.904496,8.277330
28.428339,7.824625
28.174129,6.501352
27.845541,7.027872
28.078006,8.999887
27.516341,9.480455
5.928884,28.110912
6.459197,27.910444
4.197081,28.661788
4.821631,28.730962
4.257311,29.176815
2.970581,28.769490
4.700319,28.340830
3.585355,28.892583
3.039881,29.328374
27.743931,5.817564
27.624349,6.389489
28.366490,5.359718
28.082909,5.920261
27.862279,5.247894
29.253477,3.645716
28.492916,5.945215
28.977120,5.449993
28.615679,4.151630
28.330091,4.705144
28.725709,6.650369
28.205624,7.175313
3.507475,28.130850
4.085530,28.055005
2.928750,28.201401
1.218269,29.453209
28.130383,3.508479
28.057449,4.085897
28.711015,2.999745
28.476923,3.580625
28.200791,2.929475
29.455311,1.220222
28.887294,3.572909
29.327196,3.038328
28.859167,1.776438
28.623028,2.350183
29.176803,4.256611
28.701098,4.820049
3.587591,28.505733
4.132171,28.347703
1.815400,28.910821
2.432832,29.030639
1.830114,29.429760
-0.000000,28.767206
1.171150,28.324140
0.707725,28.340441
2.345504,28.633444
1.753962,28.298396
0.852850,28.996960
1.376166,29.143059
0.605487,29.478692
-0.000000,29.127170
0.645627,28.678429
1.339385,28.665931
28.323867,1.171898
28.297048,1.755241
28.920001,0.000000
28.341204,0.707586
29.018925,0.893778
29.145030,1.445941
28.681413,1.194184
29.478270,0.603065
29.124969,0.000000
28.717808,0.000000
28.648066,0.600264
29.002014,2.433175
