27.900116,-0.000000
27.801037,2.304009
27.515126,4.591063
27.041579,6.848669
26.383043,9.058709
25.544968,11.206602
24.532185,13.277771
23.351709,15.258315
22.012403,17.134339
20.521665,18.894382
18.892564,20.523334
17.131629,22.014778
15.256161,23.354023
13.277853,24.532989
11.204810,25.545408
9.057448,26.384028
6.847273,27.042109
4.591401,27.515419
2.303905,27.802752
-0.000000,27.901608
-0.000000,29.047159
2.400914,28.946681
4.781973,28.650966
7.131402,28.158219
9.432519,27.472996
11.668397,26.600423
13.825860,25.546044
15.888592,24.317380
17.842015,22.921856
19.673193,21.370725
21.370932,19.672332
22.921873,17.841317
24.317083,15.887769
25.545676,13.824861
26.600076,11.668527
27.472742,9.432018
28.158224,7.130496
28.650288,4.782607
28.947324,2.399300
29.045957,-0.000000
14.271329,23.950739
14.859588,24.938478
14.076831,24.728743
13.779492,24.242409
15.025185,24.107069
14.428861,24.271923
14.763885,23.655018
16.868519,23.626139
14.694648,24.595799
15.377786,24.627633
16.066735,23.485989
15.475538,23.642159
15.643534,24.000370
15.211600,24.361566
14.342120,25.246303
12.750019,26.080042
16.199684,22.690402
15.734357,23.022137
16.966272,22.786741
16.382217,22.999926
16.666948,22.356259
18.761683,22.152609
16.672679,23.300372
17.360044,23.274685
17.951701,22.078746
17.373085,22.284713
16.378173,23.976059
13.058095,25.320563
11.952582,25.836445
18.017981,21.274196
17.581928,21.644655
18.790187,21.307973
18.225983,21.568022
18.457628,20.903136
20.526828,20.527058
18.539839,21.844338
19.222463,21.762014
19.714020,20.521092
19.154601,20.773796
18.300589,22.542036
17.571471,22.626563
13.680420,25.193463
13.292998,25.814070
13.452435,24.858893
12.207240,26.344321
10.552191,27.043911
12.244657,25.045975
12.761886,24.794445
12.425760,25.386852
11.731332,25.299459
12.575229,25.748124
19.713156,19.714033
19.309240,20.118873
20.484325,19.683707
19.944121,19.989231
20.119564,19.308166
22.151482,18.762261
20.280283,20.238165
20.954047,20.100322
21.340602,18.823412
20.804224,19.121363
20.099626,20.954163
19.380968,21.097515
10.930744,26.336180
11.543875,26.253824
11.117080,26.822526
9.785883,26.729381
11.321628,25.899355
10.400872,26.706018
9.989702,27.261991
21.273592,18.019070
20.903870,18.456326
22.040210,17.924987
21.527028,18.274065
21.645536,17.580546
23.625145,16.869240
21.881956,18.494679
22.542315,18.301551
22.822457,16.996936
22.312256,17.337801
21.761793,19.222760
21.055790,19.425821
10.134650,25.972365
10.668947,25.761731
10.311139,26.320701
9.601585,26.181512
10.786512,26.037512
8.281912,27.823030
22.688925,16.200168
22.357039,16.666812
23.445211,16.043862
22.962203,16.433922
23.023415,15.733670
24.937162,14.860904
23.334457,16.624747
23.976373,16.377875
24.147759,15.054304
23.667625,15.436127
23.274450,17.360544
22.588254,17.620662
8.717180,27.143477
9.337463,27.114273
8.863759,27.649359
7.543997,27.446616
9.151705,26.743465
8.162036,27.472135
7.704537,27.993694
23.949136,14.271344
23.656564,14.764341
24.689570,14.053340
24.240749,14.481483
24.243869,13.779146
26.079164,12.750492
24.627494,14.640985
25.246688,14.341987
25.308369,13.009161
24.861596,13.428984
24.628325,15.379409
23.966363,15.695120
7.955405,26.720702
8.505842,26.554263
7.406577,26.885187
5.955586,28.412288
25.046114,12.244963
24.794892,12.760858
25.765827,11.966618
25.354098,12.430448
25.298492,11.730276
27.043129,10.553508
25.752200,12.557540
26.344740,12.208041
26.296248,10.874971
25.885576,11.330102
25.814195,13.292883
25.180077,13.662804
8.097485,27.083281
8.600812,26.840818
6.445861,27.771586
7.065904,27.793161
6.550190,28.287094
5.251566,27.976230
6.911341,27.407952
5.865077,28.052373
5.366963,28.534547
25.971840,10.134939
25.763828,10.669856
26.665888,9.798099
26.294215,10.294245
26.180755,9.601445
27.822255,8.284205
26.701309,10.388333
27.262825,9.990748
27.104332,8.666427
26.732920,9.153601
26.823637,11.115894
26.222382,11.536836
5.721506,27.286626
6.283534,27.166099
5.160765,27.404646
3.588200,28.806250
26.720103,7.954874
26.557034,8.506257
27.384452,7.562765
27.054339,8.087311
26.884429,7.406406
28.411341,5.957403
27.467749,8.147771
27.994687,7.705410
27.727257,6.398197
27.397827,6.914874
27.649786,8.862420
27.085590,9.331985
5.833567,27.659309
6.354861,27.459498
4.130745,28.208901
4.746380,28.282092
4.192081,28.731878
2.923480,28.313467
4.624797,27.885449
3.529204,28.440621
2.993588,28.881033
27.286162,5.721551
27.168518,6.284197
27.915153,5.274428
27.630792,5.824921
27.402639,5.161102
28.807224,3.590097
28.046944,5.852150
28.535108,5.367027
28.161757,4.085785
27.874602,4.629463
28.287598,6.548725
27.764071,7.062954
3.449540,27.666704
4.018269,27.592180
2.880240,27.736159
1.199694,29.003992
27.666225,3.450514
27.594481,4.018626
28.254178,2.951979
28.018439,3.522945
27.735518,2.880947
29.005947,1.201552
28.435124,3.516926
28.879862,2.992124
28.401456,1.748204
28.162821,2.312337
28.731786,4.191443
28.251822,4.744570
3.529905,28.047753
4.065431,27.889699
1.786643,28.453945
2.394895,28.577065
1.802061,28.980892
-0.000000,28.306284
1.151780,27.856848
0.695998,27.872893
2.307770,28.173353
1.725209,27.831501
0.839509,28.540025
1.354624,28.689127
0.596418,29.029070
-0.000000,28.672055
0.635014,28.216276
1.317873,28.204342
27.856520,1.152505
27.830151,1.726418
28.461574,0.000000
27.873577,0.695868
28.562206,0.879718
28.691197,1.423287
28.219834,1.175025
29.028614,0.594117
28.669849,0.000000
28.256027,0.000000
28.185308,0.590345
28.547969,2.395120
