28.711439,0.000000
28.609469,2.371068
28.315254,4.724575
27.827926,7.047897
27.150234,9.322233
26.287797,11.532574
25.245557,13.663974
24.030740,15.702112
22.652479,17.632687
21.118424,19.443881
19.441949,21.120188
17.629774,22.655008
15.699802,24.033181
13.664080,25.246377
11.530618,26.288271
9.320844,27.151262
7.046349,27.828466
4.724915,28.315549
2.370978,28.611260
0.000000,28.712968
-0.000000,29.827198
2.465497,29.724207
4.910382,29.420563
7.322946,28.914592
9.685900,28.210968
11.981828,27.314951
14.197309,26.232233
16.315473,24.970513
18.321318,23.537512
20.201675,21.944744
21.945000,20.200711
23.537553,18.320564
24.970247,16.314562
26.231854,14.196240
27.314556,11.982007
28.210679,9.685431
28.914596,7.322051
29.419809,4.911182
29.724933,2.463854
29.826088,-0.000000
14.686656,24.647656
15.259016,25.608793
14.470493,25.420248
14.180748,24.947625
15.446779,24.783367
14.838466,24.960943
15.193216,24.343414
17.321944,24.261147
15.100077,25.274341
15.791346,25.289303
16.515988,24.142682
15.914319,24.312371
16.075278,24.662589
15.629390,25.030322
14.727392,25.925016
13.092794,26.781013
16.671084,23.350670
16.192519,23.691818
17.442267,23.425918
16.847204,23.652804
17.151694,23.006921
19.265990,22.748038
17.132690,23.943133
17.826883,23.900063
18.453672,22.696090
17.865594,22.916443
16.818154,24.620643
13.422428,26.026936
12.286585,26.558298
18.542276,21.893267
18.093856,22.274242
19.317262,21.905673
18.743305,22.180271
18.994517,21.511562
21.078578,21.078760
19.051385,22.446949
19.739361,22.346726
20.265278,21.094915
19.697638,21.362692
18.792204,23.148147
18.056336,23.250891
14.057473,25.887726
13.650646,26.507726
13.833672,25.563192
12.535072,27.052529
10.835901,27.770799
12.601009,25.774702
13.133042,25.516072
12.777865,26.105992
12.073069,26.035554
12.922109,26.458245
20.286787,20.287701
19.871367,20.704081
21.058962,20.235854
20.510208,20.556684
20.704794,19.870195
22.746851,19.266580
20.839811,20.796441
21.517447,20.640382
21.937320,19.349767
21.394013,19.663434
20.639627,21.517635
19.915757,21.679663
11.235182,27.069497
11.861722,26.976697
11.416287,27.543226
10.059420,27.476308
11.642295,26.633118
10.687741,27.442316
10.257900,27.994827
21.892617,18.543456
21.512364,18.993129
22.658439,18.427823
22.138043,18.792854
22.275175,18.092316
24.260128,17.322678
22.485661,19.004877
23.148405,18.793222
23.460612,17.472225
22.944776,17.829309
22.346508,19.739721
21.636783,19.961870
10.429657,26.728104
10.979101,26.511339
10.603305,27.066213
9.881321,26.943268
11.093838,26.779388
8.504509,28.570871
23.349121,16.671620
23.007793,17.151544
24.102857,16.493925
23.613929,16.900491
23.693174,16.191760
25.607389,15.260407
23.978205,17.083378
24.620956,16.817852
24.822958,15.475311
24.338567,15.873745
23.899831,17.827469
23.211504,18.106912
8.960078,27.899579
9.594552,27.860980
9.102428,28.392305
7.754840,28.213558
9.410919,27.501133
8.387199,28.229591
7.911361,28.746135
24.646001,14.686676
24.345097,15.193724
25.382124,14.447609
24.928776,14.892636
24.949152,14.180400
26.780104,13.093261
25.306910,15.044901
25.925394,14.727261
26.016020,13.372985
25.566389,13.809706
25.290101,15.793110
24.627645,16.128265
8.187001,27.498197
8.753099,27.326877
7.622434,27.667452
6.115622,29.175984
25.774914,12.601338
25.516520,13.131954
26.488555,12.302343
26.073746,12.783395
26.034449,12.071917
27.769985,10.837246
26.462650,12.903981
27.052941,12.535927
27.031537,11.179124
26.619390,11.651314
26.507890,13.650537
25.874853,14.039890
8.326991,27.850419
8.845762,27.605453
6.625484,28.545168
7.260399,28.558553
6.726695,29.047204
5.398356,28.757994
7.107083,28.184428
6.026877,28.825832
5.510984,29.301502
26.727592,10.429928
26.513621,10.980076
27.413859,10.072982
27.040557,10.586573
26.942413,9.881158
28.570049,8.506970
27.437943,10.674939
27.995691,10.259031
27.862200,8.908819
27.490765,9.413110
27.544488,11.415036
26.945908,11.855262
5.888079,28.080594
6.466144,27.956510
5.311271,28.202043
3.684486,29.580536
27.497597,8.186376
27.329899,8.753553
28.152615,7.774983
27.822228,8.316954
27.666629,7.622262
29.174997,6.117573
28.225515,8.372564
28.747193,7.912282
28.502536,6.577165
28.174507,7.110904
28.392866,9.100968
27.832956,9.589590
5.998922,28.442753
6.535855,28.241780
4.245834,28.994648
4.876946,29.060922
4.305275,29.503984
3.005197,29.104645
4.755813,28.675450
3.626628,29.224807
3.073920,29.657313
28.080163,5.888090
27.959158,6.466824
28.698163,5.422396
28.415101,5.990316
28.199884,5.311646
29.581597,3.686615
28.820717,6.013622
29.302121,5.510997
28.949265,4.200020
28.664770,4.760754
29.047842,6.725109
28.530178,7.257903
3.550030,28.471784
4.134931,28.394971
2.964381,28.543140
1.231927,29.783528
28.471308,3.551057
28.397501,4.135306
29.046732,3.034846
28.813791,3.623011
28.542535,2.965119
29.785718,1.233948
29.219649,3.614059
29.656111,3.072302
29.195538,1.797190
28.961171,2.377993
29.504014,4.304529
29.031330,4.875532
3.629979,28.842260
4.181206,28.684224
1.836538,29.246612
2.460718,29.364058
1.850743,29.759819
0.000000,29.105913
1.185381,28.667384
0.716342,28.683878
2.373232,28.971523
1.775078,28.641352
0.862655,29.332806
1.392000,29.476751
0.612156,29.809309
0.000000,29.461724
0.653423,29.018011
1.355189,29.005100
28.667132,1.186144
28.639988,1.776409
29.256906,0.000000
28.684678,0.716197
29.354598,0.904112
29.478632,1.462592
29.020559,1.208260
29.808892,0.609646
29.459509,0.000000
29.057108,0.000000
28.988061,0.607551
29.335751,2.461149
