26.088028,-0.000000
25.995533,2.154293
25.728192,4.292933
25.285452,6.403760
24.669707,8.470214
23.886042,10.478630
22.939046,12.415281
21.835269,14.267206
20.582959,16.021397
19.188966,17.667195
17.665665,19.190390
16.019176,20.584956
14.265437,21.837252
12.415314,22.939798
10.477203,23.886415
8.469230,24.670592
6.402687,25.285972
4.293229,25.728512
2.154158,25.997084
0.000000,26.089448
0.000000,27.311483
2.257171,27.216698
4.496191,26.938600
6.705161,26.475278
8.868702,25.830990
10.970980,25.010577
12.999351,24.019240
14.938766,22.864118
16.775535,21.551992
18.497295,20.093510
20.093607,18.496669
21.551948,16.774991
22.863761,14.938151
24.018892,12.998538
25.010316,10.971034
25.830794,8.868179
26.475258,6.704294
26.938056,4.496503
27.217111,2.255690
27.310114,0.000000
13.343808,22.394276
13.970854,23.446972
13.199303,23.187331
12.883367,22.667463
14.085281,22.599295
13.515169,22.734903
13.805002,22.117663
15.859643,22.213182
13.791451,23.084189
14.457617,23.155358
15.065331,22.022192
14.496863,22.147247
14.681751,22.525147
14.281060,22.872114
13.484818,23.736146
11.987343,24.520314
15.146924,21.215818
14.711153,21.526531
15.905085,21.361749
15.345009,21.543545
15.584306,20.903161
17.639578,20.827731
15.647889,21.868472
16.321296,21.883169
16.832759,20.702671
16.274568,20.875659
15.399134,22.541843
12.246039,23.746206
11.208072,24.227483
16.847093,19.891644
16.438648,20.238577
17.615134,19.975458
17.072037,20.202291
17.258517,19.544370
19.299161,19.299473
17.400242,20.501881
18.072329,20.460969
18.485219,19.242007
17.943382,19.460272
17.206695,21.193428
16.491366,21.235751
12.840553,23.646940
12.497212,24.270632
12.602157,23.287991
11.477765,24.768542
9.920978,25.426518
11.448849,23.418500
11.932897,23.182878
11.640431,23.782810
10.968135,23.655509
11.802485,24.166167
18.432095,18.432856
18.053849,18.811909
19.203240,18.452727
18.681385,18.723422
18.812498,18.053023
20.826748,17.640120
19.033799,18.994479
19.700432,18.898630
20.010467,17.650143
19.488724,17.912284
18.898059,19.700430
18.189648,19.800667
10.252273,24.701841
10.835900,24.643678
10.451291,25.218909
9.176172,25.064499
10.606423,24.262778
9.761813,25.065769
9.392922,25.631415
19.891144,16.847971
19.544922,17.257455
20.661929,16.803953
20.164073,17.116819
20.239296,16.437636
22.212271,15.860306
20.537053,17.358102
21.193719,17.207516
21.399962,15.937497
20.901444,16.241508
20.460741,18.072510
19.761539,18.231671
9.475862,24.284566
9.976217,24.087662
9.659482,24.657864
8.976855,24.480256
10.100834,24.382350
7.786666,26.159023
21.214531,15.147294
20.903715,15.584224
21.979062,15.040472
21.508431,15.393170
21.527580,14.710650
23.445861,13.971981
21.900347,15.603051
22.542121,15.398867
22.642683,14.115864
22.171112,14.460042
21.882919,16.321625
21.199864,16.537452
8.175845,25.458340
8.764834,25.451011
8.332696,25.996224
7.074020,25.737125
8.573559,25.053558
7.660432,25.784747
7.244337,26.319488
22.392842,13.343808
22.118861,13.805359
23.145590,13.174337
22.705999,13.564342
22.668694,12.883057
24.519526,11.987809
23.113925,13.741177
23.736503,13.484696
23.730956,12.198182
23.289573,12.579808
23.155813,14.458910
22.493254,14.730212
7.438233,24.984314
7.953573,24.828820
6.924501,25.138132
5.599545,26.713015
23.418496,11.449099
23.183274,11.932039
24.154571,11.218133
23.748808,11.643149
23.654814,10.967311
25.425821,9.922177
24.169495,11.785772
24.768922,11.478438
24.657231,10.197004
24.248821,10.613665
24.270657,12.497100
23.632344,12.822772
7.585597,25.372192
8.054291,25.134914
6.045554,26.047492
6.632700,26.088297
6.157451,26.595767
4.924364,26.233706
6.474768,25.676110
5.504617,26.329350
5.046501,26.828047
24.284033,9.476177
24.089308,9.976978
24.998360,9.185244
24.629375,9.642181
24.479683,8.976771
26.158354,7.788549
25.060269,9.749861
25.632129,9.393768
25.414984,8.126123
25.042565,8.574805
25.219682,10.450295
24.610603,10.827484
5.349542,25.513448
5.875659,25.400919
4.824654,25.623804
3.373975,27.083455
24.983728,7.437903
24.830988,7.953903
25.671907,7.089624
25.341430,7.575075
25.137503,6.924359
26.712162,5.601036
25.779636,7.647010
26.320294,7.245072
25.999109,5.999290
25.665455,6.477653
25.996372,8.331646
25.420700,8.758126
5.464755,25.911863
5.951035,25.714227
3.874245,26.457720
4.455569,26.547289
3.940251,27.013847
2.741336,26.549972
4.332596,26.123424
3.312156,26.693731
2.814840,27.153755
25.512924,5.349650
25.402786,5.876260
26.169504,4.944531
25.881239,5.456005
25.622133,4.824910
27.084179,3.375376
26.323177,5.492423
26.828437,5.046642
26.406331,3.831140
26.112145,4.336633
26.595980,6.156274
26.057435,6.628674
3.225136,25.868724
3.757672,25.799357
2.692333,25.933938
1.127963,27.269509
25.868216,3.225981
25.801097,3.757992
26.487281,2.767215
26.244221,3.299780
25.933213,2.692956
27.270878,1.129432
26.687388,3.300538
27.152650,2.813703
26.631384,1.639041
26.382073,2.165922
27.013510,3.939819
26.515331,4.452860
3.306711,26.275622
3.807128,26.117130
1.675499,26.687326
2.248287,26.824085
1.693772,27.247681
0.000000,26.523077
1.076793,26.046660
0.650639,26.061797
2.161808,26.393079
1.613752,26.022918
0.787929,26.773356
1.271352,26.934914
0.561405,27.293022
0.000000,26.913136
0.593918,26.427807
1.234609,26.418111
26.046151,1.077411
26.021598,1.614701
26.688856,0.000000
26.062175,0.650532
26.796481,0.825342
26.937435,1.335727
26.433713,1.100850
27.292453,0.559578
26.910975,0.000000
26.469206,0.000000
26.394361,0.551924
26.793036,2.248060
