20.009276,0.000000
19.941234,1.652373
19.736143,3.293438
19.396989,4.911996
18.924774,6.497037
18.323499,8.037658
17.597163,9.523352
16.750770,10.944116
15.790324,12.289747
14.720829,13.552339
13.552288,14.720890
12.289704,15.790397
10.944083,16.750854
9.523329,17.597257
8.037638,18.323602
6.497023,18.924890
4.911986,19.397117
3.293433,19.736280
1.652369,19.941382
-0.000000,20.009428
-0.000000,21.578749
1.781921,21.504713
3.551731,21.284619
5.297231,20.918467
7.006615,20.409255
8.668079,19.760988
10.270120,18.977665
11.802730,18.065290
13.254305,17.028863
14.614845,15.876394
15.876345,14.614882
17.028802,13.254332
18.065215,11.802748
18.977578,10.270130
19.760890,8.668085
20.409144,7.006615
20.918344,5.297226
21.284484,3.551727
21.504569,1.781915
21.578597,0.000000
10.233712,17.174066
11.036427,18.521486
10.279886,18.059357
9.878527,17.385663
10.956602,17.579703
10.466577,17.605619
10.588899,16.962463
12.528522,17.547086
10.794315,18.067869
11.419582,18.293387
11.734367,17.152812
11.232745,17.160786
11.490711,17.630061
11.196071,17.934153
10.653275,18.749581
9.469102,19.369336
11.616901,16.270635
11.280500,16.510745
12.372876,16.618365
11.884622,16.683742
11.953306,16.030521
13.934580,16.452636
12.247326,17.116949
12.891419,17.287976
13.110544,16.125478
12.610883,16.176068
12.165627,17.806191
9.545826,18.511269
8.731670,18.876127
12.921005,15.255650
12.605362,15.523025
13.704043,15.540064
13.222405,15.645382
13.236652,14.988275
15.245601,15.245645
13.618803,16.047146
14.274718,16.164517
14.397696,14.987286
13.903875,15.079172
13.594442,16.740754
12.908105,16.621020
10.055102,18.516328
9.869617,19.173503
9.766955,18.048376
9.068589,19.565166
7.837348,20.085132
8.780487,17.960438
9.151911,17.778853
9.021594,18.432242
8.409071,18.142025
9.238562,18.916462
14.136568,14.136622
13.844436,14.428758
14.939292,14.355088
14.468566,14.499961
14.428703,13.844486
16.452579,13.934614
14.897702,14.867495
15.560980,14.930264
15.585838,13.747387
15.101333,13.879654
14.930223,15.561025
14.237336,15.497721
7.997352,19.268555
8.488072,19.303480
8.252722,19.923063
7.148329,19.526762
8.221393,18.804626
7.641337,19.622978
7.421980,20.247198
15.255586,12.921049
14.988215,13.236696
16.074315,13.072450
15.616869,13.255659
15.522960,12.605402
17.547017,12.528547
16.074339,13.586652
16.740697,13.594474
16.668078,12.413479
16.196097,12.585151
16.164465,14.274754
15.467704,14.269543
7.267334,18.624256
7.652487,18.473932
7.486304,19.111638
6.882185,18.774579
7.810996,18.855525
6.151921,20.663872
16.270557,11.616936
16.030449,11.953343
17.098934,11.700421
16.658126,11.920810
16.510669,11.280532
18.521404,11.036445
17.141535,12.212814
17.806122,12.165648
17.635877,10.994263
17.179801,11.204655
17.287911,12.891444
16.593624,12.943432
6.376531,19.855945
6.866040,19.934206
6.579275,20.536567
5.510884,20.051086
6.645490,19.417278
5.995991,20.185557
5.724574,20.791172
17.173977,10.233738
16.962381,10.588928
18.006147,10.248257
17.585268,10.504294
17.385576,9.878550
19.369243,9.469113
18.091211,10.755325
18.749499,10.653288
18.483331,9.500495
18.046145,9.747607
18.293311,11.419602
17.605829,11.528679
5.704508,19.161014
6.100767,19.042954
5.308253,19.279070
4.424477,21.101555
17.960341,8.780508
17.778759,9.151931
18.791010,8.726429
18.392586,9.016282
18.141924,8.409089
20.085026,7.837355
18.917258,9.224751
19.565072,9.068599
19.204746,7.941796
18.789442,8.224169
19.173414,9.869627
18.497050,10.035432
5.878655,19.664784
6.229199,19.439179
4.715200,20.315601
5.196319,20.433758
4.860861,21.010014
3.836120,20.437806
5.018870,19.900186
4.308357,20.612081
3.988102,21.193090
18.624146,7.267350
18.473829,7.652505
19.447606,7.144925
19.074410,7.466668
18.774467,6.882199
20.663754,6.151924
19.614413,7.631165
20.247093,7.421984
19.795115,6.328789
19.404527,6.644496
19.922962,8.252725
19.262655,8.473771
4.102712,19.566710
4.507349,19.481913
3.698077,19.651499
2.666821,21.394676
19.160892,5.704518
19.042840,6.100779
19.971469,5.514590
19.626068,5.866011
19.278946,5.308262
21.101424,4.424477
20.177715,5.985421
20.791054,5.724574
20.250455,4.672620
19.887240,5.019442
20.536452,6.579274
19.896644,6.854111
4.234909,20.083295
4.602464,19.887164
3.021782,20.635998
3.491395,20.793351
3.109282,21.339654
2.135890,20.684547
3.358249,20.246565
2.591810,20.897438
2.224370,21.449701
19.566577,4.102719
19.481788,4.507358
20.358940,3.846360
20.043665,4.225253
19.651362,3.698084
21.394537,2.666819
20.603261,4.298652
21.192959,3.988100
20.566820,2.984056
20.233661,3.359920
21.009887,4.860857
20.394981,5.187752
2.472903,19.838842
2.883167,19.787562
2.062640,19.890114
0.890959,21.541741
19.838700,2.472910
19.787426,2.883173
20.606670,2.152224
20.323950,2.555584
19.889969,2.062645
21.541595,0.890960
20.887774,2.582526
21.449556,2.224365
20.743527,1.276125
20.442321,1.677781
21.339515,3.109278
20.753856,3.485390
2.562658,20.364391
2.944676,20.198947
1.306974,20.813803
1.762111,21.009858
1.336441,21.523235
0.000000,20.579155
0.826183,19.975409
0.499806,19.988842
1.675520,20.454968
1.239275,19.958396
0.616432,20.902489
0.995190,21.118566
0.445477,21.560248
0.000000,21.078942
0.456511,20.458616
0.956456,20.457653
19.975260,0.826185
19.958246,1.239279
20.793909,0.000000
19.988694,0.499806
20.931039,0.644473
21.124291,1.045620
20.475413,0.852721
21.560098,0.445473
21.078787,0.000000
20.509039,0.000000
20.415141,0.423325
20.970531,1.760357
