26.722526,0.000000
26.627704,2.206708
26.353857,4.397313
25.900325,6.559536
25.269596,8.676263
24.466881,10.733517
23.496850,12.717268
22.366219,14.614227
21.083449,16.411077
19.655581,18.096879
18.095237,19.657104
16.408675,21.085592
14.612314,22.368335
12.717315,23.497635
10.731960,24.467288
8.675182,25.270530
6.558351,25.900861
4.397629,26.354176
2.206583,26.629325
0.000000,26.723985
0.000000,27.918144
2.307418,27.821351
4.596087,27.537099
6.854146,27.063492
9.065769,26.404898
11.214739,25.566255
13.288230,24.552885
15.270741,23.372061
17.148284,22.030783
18.908286,20.539918
20.540046,18.907582
22.030754,17.147686
23.371714,15.270055
24.552521,13.287349
25.565955,11.214816
26.404673,9.065246
27.063472,6.853255
27.536500,4.596503
27.821838,2.305879
27.916812,-0.000000
13.668561,22.939262
14.281476,23.968284
13.506281,23.726549
13.197130,23.218913
14.414098,23.126789
13.834903,23.272777
14.140749,22.655945
16.212256,22.707041
14.107314,23.612830
14.779224,23.669949
15.415635,22.534255
14.839320,22.670359
15.018096,23.041058
14.606451,23.392945
13.784466,24.263971
12.253906,25.065473
15.515529,21.732130
15.069409,22.050204
16.276331,21.860277
15.707962,22.053197
15.963386,21.411944
18.031768,21.290803
16.006274,22.369236
16.684353,22.369532
17.224184,21.184045
16.658960,21.368723
15.741331,23.043124
12.530097,24.296916
11.468512,24.790315
17.257058,20.375727
16.838948,20.730904
18.026213,20.441632
17.475839,20.680217
17.678380,20.020122
19.728245,19.728539
17.798777,20.971365
18.474317,20.915712
18.915073,19.689455
18.367211,19.919909
17.589030,21.664786
16.869086,21.722140
13.134249,24.187772
12.775350,24.810095
12.899677,23.837688
11.732731,25.319303
10.141587,25.991832
11.727484,23.988346
12.223169,23.747145
11.915229,24.344110
11.235355,24.231127
12.072723,24.719409
18.880634,18.881447
18.493403,19.269532
19.651412,18.883382
19.123258,19.166381
19.270158,18.492492
21.289760,18.032329
19.469713,19.429420
20.138589,19.318647
20.475769,18.060573
19.949043,18.335372
19.318028,20.138628
18.606262,20.254196
10.489589,25.273521
11.083473,25.206741
10.683999,25.779407
9.389455,25.646897
10.856683,24.835449
9.985300,25.639394
9.601509,26.201328
20.375182,17.258016
20.020735,17.677232
21.144106,17.196142
20.641016,17.521786
20.731679,16.837808
22.706088,16.212947
21.007386,17.755583
21.665072,17.589907
21.897572,16.308106
21.395114,16.625128
20.915480,18.474539
20.214149,18.649284
9.706519,24.875533
10.218776,24.673816
9.887509,25.239734
9.195594,25.075939
10.340801,24.961607
7.959754,26.740628
21.730763,15.515943
21.412572,15.963287
22.491977,15.391505
22.017154,15.757369
22.051333,15.068843
23.967090,14.282675
22.401877,15.960355
23.043413,15.741053
23.169182,14.444146
22.694771,14.801596
22.369281,16.684743
21.685396,16.916266
8.365195,26.047792
8.965075,26.032654
8.518311,26.574033
7.238424,26.335128
8.775861,25.644893
7.835851,26.374857
7.405185,26.904652
22.937750,13.668570
22.657262,14.141143
23.685735,13.481854
23.243060,13.885285
23.220227,13.196807
25.064640,12.254380
23.643243,14.055854
24.264335,13.784339
24.282759,12.481876
23.839655,12.876953
23.670478,14.780638
23.008412,15.067654
7.619305,25.592295
8.146953,25.432961
7.093292,25.749849
5.723978,27.306944
23.988377,11.727757
23.747556,12.222249
24.718252,11.479989
24.310553,11.918654
24.230331,11.234450
25.991091,10.142837
24.722990,12.055672
25.319694,11.733453
25.230583,10.434167
24.821554,10.864361
24.810146,12.775236
24.173599,13.116544
7.764715,25.970949
8.245559,25.731924
6.185573,26.650571
6.784185,26.684485
6.294719,27.186925
5.038823,26.843264
6.627530,26.282117
5.630678,26.931920
5.158509,27.424499
24.874988,9.706829
24.675614,10.219592
25.581725,9.399652
25.211959,9.870360
25.075295,9.195491
26.739909,7.961787
25.634165,9.973145
26.202081,9.602428
26.005942,8.315130
25.634054,8.777335
25.780286,10.682930
25.174256,11.075554
5.479773,26.134311
6.018479,26.018972
4.942335,26.247351
3.448846,27.685599
25.591690,7.618907
25.435334,8.147314
26.271022,7.255152
25.940836,7.754323
25.749166,7.093137
27.306045,5.725589
26.369994,7.822132
26.905518,7.405974
26.603638,6.138830
26.271647,6.630644
26.574262,8.517158
26.002926,8.958812
5.593809,26.523341
6.092364,26.325013
3.963965,27.070270
4.557261,27.153948
4.028263,27.614341
2.805050,27.166864
4.434839,26.739997
3.388063,27.304644
2.877317,27.757473
26.133793,5.479862
26.021026,6.019106
26.780200,5.059946
26.493470,5.585099
26.245550,4.942619
27.686406,3.450418
26.926001,5.618227
27.424941,5.158629
27.020405,3.920220
26.728865,4.439099
27.187225,6.293438
26.654260,6.780547
3.303704,26.498269
3.848925,26.427089
2.758124,26.564967
1.153036,27.875740
26.497761,3.304597
26.429019,3.849259
27.105405,2.831856
26.865088,3.377867
26.564258,2.758779
27.877309,1.154645
27.298598,3.376213
27.756332,2.876068
27.250580,1.677223
27.005200,2.217152
27.614071,4.027765
27.122596,4.554870
3.384808,26.895739
3.897526,26.737468
1.714366,27.305279
2.299554,27.437099
1.731615,27.853481
0.000000,27.147012
1.103039,26.680483
0.666508,26.695922
2.212876,27.016042
1.652791,26.656166
0.805970,27.391292
1.300474,27.548331
0.573643,27.899800
0.000000,27.528224
0.608303,27.053678
1.263750,27.043188
26.680025,1.103699
26.654821,1.653829
27.308954,0.000000
26.696401,0.666394
27.414059,0.844364
27.550675,1.366347
27.058731,1.126814
27.899260,0.571648
27.526028,0.000000
27.094455,0.000000
27.021120,0.565375
27.406752,2.299484
