21.632299,0.000000
21.557194,1.786404
21.335592,3.560283
20.968796,5.310255
20.458314,7.023802
19.808386,8.689305
19.023123,10.295318
18.107931,11.831116
17.069493,13.285795
15.913339,14.650697
14.650092,15.913931
13.285009,17.070292
11.830498,18.108762
10.295241,19.023568
8.688795,19.808645
7.023439,20.458842
5.309882,20.969289
3.560281,21.336127
1.786253,21.558298
0.000000,21.633460
0.000000,23.092909
1.907537,23.012946
3.801240,22.777501
5.669025,22.385662
7.498296,21.840789
9.276069,21.147090
10.990703,20.308852
12.630627,19.332355
14.183859,18.223013
15.639722,16.989716
16.989588,15.639673
18.222831,14.183791
19.332005,12.630550
20.308564,10.990531
21.146892,9.276137
21.840582,7.498093
22.385408,5.668673
22.777011,3.801144
23.012499,1.906905
23.091619,-0.000000
11.063904,18.567880
11.811150,19.822107
11.054764,19.420579
10.680603,18.795887
11.787369,18.912803
11.277433,18.970211
11.447502,18.338768
13.407954,18.779155
11.588373,19.397073
12.221612,19.577221
12.618354,18.445271
12.100684,18.486917
12.336050,18.927032
12.012844,19.241693
11.400992,20.066249
10.133968,20.729572
12.559135,17.590908
12.196135,17.849898
13.310705,17.877918
12.804918,17.976513
12.922598,17.331325
14.912671,17.607812
13.148237,18.375866
13.796920,18.501308
14.098376,17.340243
13.584998,17.425754
13.019442,19.056526
10.262257,19.900407
9.388864,20.296414
13.968937,16.493210
13.628440,16.781963
14.742431,16.717763
14.246138,16.857444
14.310332,16.204485
16.315700,16.315991
14.620563,17.227393
15.277253,17.298929
15.482441,16.116468
14.977887,16.244163
14.548125,17.916257
13.857235,17.843590
10.792809,19.875539
10.563336,20.519520
10.520732,19.441827
9.704750,20.939149
8.387364,21.495647
9.492769,19.417718
9.894475,19.221590
9.717868,19.855255
9.092161,19.614128
9.917781,20.307521
15.283131,15.283482
14.967975,15.598924
16.071354,15.443134
15.588941,15.623307
15.598991,14.967886
17.607338,14.912983
15.993412,15.960904
16.653779,15.978046
16.760057,14.783171
16.267871,14.951949
15.977761,16.653805
15.284221,16.637663
8.595438,20.710108
9.109836,20.717947
8.833173,21.321559
7.686451,20.996583
8.855528,20.256108
8.203114,21.065125
7.942412,21.668892
16.492941,13.969290
16.204476,14.310120
17.292350,14.063249
16.826196,14.282625
16.782040,13.628345
18.778665,13.408282
17.256592,14.585844
17.916282,14.548488
17.923875,13.348736
17.447216,13.557381
17.298706,15.277342
16.605061,15.319176
7.856795,20.135531
8.272922,19.972675
8.064096,20.586599
7.441284,20.298001
8.420448,20.326526
6.583437,22.114963
17.590299,12.559297
17.331266,12.922702
18.394695,12.587323
17.948115,12.844358
17.850062,12.196123
19.821589,11.811616
18.402281,13.111033
19.056474,13.019417
18.964737,11.822763
18.507032,12.070287
18.501035,13.797019
17.813769,13.895558
6.853807,21.342410
7.368850,21.395546
7.042158,21.978382
5.925686,21.560257
7.158147,20.916196
6.436959,21.669139
6.125865,22.250924
18.567205,11.063936
18.338910,11.447674
19.370870,11.025284
18.947296,11.318234
18.796120,10.680560
20.729145,10.134239
19.421983,11.546458
20.066239,11.401025
19.876205,10.216534
19.440528,10.500763
19.577125,12.222047
18.900532,12.376863
6.167243,20.715820
6.595506,20.587615
5.739615,20.843397
4.734634,22.583348
19.417510,9.492906
19.221582,9.894261
20.215317,9.388148
19.817325,9.715043
19.613847,9.092013
21.495253,8.387878
20.308916,9.903355
20.939134,9.705040
20.651987,8.540395
20.241290,8.859628
20.519306,10.563358
19.857534,10.773945
6.332459,21.182663
6.714926,20.955033
5.068037,21.836433
5.576664,21.931536
5.203123,22.485128
4.124890,21.976159
5.405975,21.436200
4.625318,22.126938
4.267610,22.681020
20.135137,7.857036
19.972981,8.273271
20.921588,7.686794
20.552016,8.045359
20.297684,7.441367
22.114543,6.584042
21.057381,8.192568
21.668984,7.942718
21.286749,6.805861
20.903827,7.157836
21.321546,8.832923
20.679542,9.097407
4.435462,21.154513
4.872690,21.062112
3.998676,21.246078
2.853512,22.896880
20.715358,6.167301
20.588027,6.595681
21.485102,5.932843
21.146307,6.320651
20.842971,5.739668
22.582747,4.735087
21.661964,6.425669
22.250970,6.126110
21.776156,5.024705
21.423773,5.407243
21.978079,7.041902
21.360139,7.358566
4.561864,21.633394
4.961372,21.437956
3.247858,22.180665
3.746684,22.317508
3.328585,22.838210
2.296459,22.241348
3.617307,21.809507
2.782681,22.433258
2.380347,22.956017
21.153940,4.435618
21.062339,4.872990
21.901755,4.137970
21.596323,4.552636
21.245208,3.998813
22.896637,2.853800
22.118638,4.614951
22.680774,4.267689
22.116584,3.208880
21.796789,3.619691
22.484767,5.202768
21.895069,5.569513
2.673656,21.448891
3.116703,21.392601
2.230615,21.503804
0.953577,23.054406
21.448214,2.674029
21.392656,3.116903
22.167855,2.315496
21.898618,2.753493
21.502961,2.230912
23.054090,0.953968
22.424231,2.772748
22.955113,2.379970
22.305984,1.372430
22.021684,1.807567
22.837529,3.328449
22.280121,3.741630
2.760414,21.936595
3.174174,21.774042
1.404545,22.372393
1.890869,22.550033
1.430795,23.035138
0.000000,22.159407
0.892892,21.596642
0.539801,21.610284
1.804737,22.034314
1.339297,21.577530
0.661947,22.459859
1.068312,22.659011
0.476189,23.074195
-0.000000,22.624574
0.493103,22.047019
1.030504,22.043421
21.595739,0.893118
21.576408,1.339627
22.357954,0.000000
21.609698,0.539759
22.486041,0.692468
22.663066,1.122349
22.059774,0.918858
23.073303,0.475640
22.623002,0.000000
22.093930,0.000000
22.006066,0.457605
22.512832,1.889533
