20.163348,-0.000000
20.094616,1.665120
19.887984,3.318814
19.546231,4.949865
19.070404,6.547120
18.464520,8.099607
17.732585,9.596725
16.879641,11.028411
15.911771,12.384400
14.834035,13.656719
13.656498,14.834280
12.384185,15.912067
11.028237,16.879971
9.596625,17.732904
8.099475,18.464853
6.547017,19.070818
4.949774,19.546701
3.318774,19.888523
1.665081,20.095272
-0.000000,20.164033
-0.000000,21.722239
1.793817,21.647612
3.575346,21.426041
5.332405,21.057430
7.053123,20.544818
8.725576,19.892228
10.338257,19.103680
11.880997,18.185206
13.342164,17.141847
14.711697,15.981714
15.981541,14.711823
17.141638,13.342261
18.184943,11.881072
19.103395,10.338301
19.891918,8.725623
20.544460,7.053114
21.057003,5.332359
21.425521,3.575310
21.647030,1.793727
21.721535,-0.000000
10.312540,17.306619
11.109677,18.644598
10.353301,18.188495
9.954687,17.519781
11.035319,17.706186
10.543460,17.735192
10.670426,17.093339
12.611654,17.663678
10.869491,18.193868
11.495408,18.414902
11.818100,17.275395
11.315025,17.286674
11.570733,17.752988
11.273374,18.058057
10.723979,18.874216
9.531976,19.498122
11.706355,16.396164
11.367427,16.638077
12.461720,16.737835
11.971865,16.806463
12.045330,16.154189
14.027019,16.561929
12.332603,17.236252
12.977011,17.402789
13.204101,16.240661
12.703213,16.294667
12.246347,17.924516
9.613698,18.643050
8.793939,19.010885
13.020486,15.373285
12.702481,15.642703
13.802400,15.651746
13.319439,15.760412
13.338583,15.103876
15.346725,15.346903
13.713608,16.158970
14.369464,16.271842
14.500423,15.094339
14.005665,15.189715
13.684580,16.851968
12.997931,16.736863
10.124939,18.645175
9.935216,19.300937
9.838419,18.180683
9.128754,19.695258
7.889364,20.218702
8.848129,18.099048
9.222434,17.916070
9.087611,18.567368
8.473941,18.282050
9.302873,19.048352
14.245415,14.245620
13.951094,14.539978
15.046520,14.458259
14.574761,14.606557
14.539809,13.951250
16.561703,14.027171
15.001392,14.971080
15.664248,15.029386
15.697040,13.845581
15.211895,13.981391
15.029218,15.664400
14.336403,15.605717
8.054012,19.405322
8.546939,19.437579
8.307616,20.055490
7.199320,19.666243
8.281522,18.942463
7.694536,19.759731
7.471205,20.381828
15.373061,13.020666
15.103683,13.338712
16.189694,13.166398
15.731502,13.353104
15.642507,12.702614
17.663418,12.611783
16.186223,13.681309
16.851791,13.684730
16.787019,12.502145
16.314687,12.677393
16.271651,14.369595
15.575330,14.368975
7.323314,18.768022
7.711415,18.616498
7.541092,19.251715
6.935283,18.919506
7.868809,18.995269
6.192737,20.801306
16.395871,11.706491
16.153960,12.045468
17.221692,11.784525
16.780420,12.008446
16.637860,11.367544
18.644304,11.109799
17.260860,12.297913
17.924295,12.246431
17.761758,11.072819
17.305625,11.286791
17.402559,12.977116
16.709093,13.033630
6.421752,19.996996
6.913649,20.072774
6.623056,20.673122
5.550193,20.194323
6.694106,19.559642
6.037755,20.326260
5.762537,20.929428
17.306289,10.312641
17.093102,10.670548
18.135460,10.321952
17.714413,10.581539
17.519542,9.954778
19.497805,9.532058
18.217186,10.830289
18.873969,10.724050
18.615295,9.568397
18.178355,9.819082
18.414658,11.495529
17.728373,11.609040
5.748455,19.308941
6.147760,19.189905
5.349218,19.427906
4.453820,21.241920
18.098737,8.848227
17.915790,9.222498
18.925981,8.789195
18.527692,9.082607
18.281727,8.474008
20.218348,7.889449
19.049012,9.289059
19.694975,9.128831
19.341863,7.998565
18.927108,8.284482
19.300648,9.935274
18.625841,10.105413
5.921688,19.808960
6.275277,19.583200
4.748632,20.459935
5.232336,20.575801
4.893239,21.149745
3.863488,20.583836
5.055582,20.046093
4.338381,20.755772
4.014552,21.334040
18.767649,7.323414
18.616210,7.711528
19.587278,7.196325
19.214527,7.521599
18.919131,6.935361
20.800894,6.192804
19.751024,7.684366
20.381514,7.471259
19.936423,6.374031
19.546679,6.693220
20.055184,8.307625
19.396795,8.532870
4.134312,19.717800
4.542050,19.632266
3.726620,19.803236
2.684489,21.536999
19.308506,5.748523
19.189576,6.147840
20.114875,5.554260
19.770211,5.909169
19.427462,5.349281
21.241420,4.453853
20.318216,6.027136
20.929050,5.762560
20.394963,4.706004
20.032899,5.056249
20.672731,6.623041
20.035186,6.901912
4.265915,20.230553
4.636514,20.034526
3.043205,20.782618
3.515572,20.937922
3.130033,21.481633
2.151105,20.832350
3.382819,20.395057
2.609894,21.043144
2.239136,21.592421
19.717289,4.134375
19.631856,4.542131
20.505083,3.874015
20.190853,4.256328
19.802681,3.726676
21.536468,2.684494
20.746677,4.328617
21.333560,4.014545
20.713577,3.005371
20.381813,3.384575
21.149283,4.893191
20.536963,5.223922
2.491968,19.992073
2.905349,19.940303
2.078587,20.043691
0.896889,21.685081
19.991489,2.492039
19.939811,2.905406
20.754518,2.167704
20.473200,2.574366
20.043074,2.078646
21.684488,0.896919
21.033158,2.600543
21.591804,2.239076
20.891461,1.285255
20.591984,1.690096
21.481068,3.129997
20.898288,3.509660
2.581410,20.513777
2.966448,20.348644
1.316215,20.961774
1.774308,21.155972
1.345375,21.666502
0.000000,20.729307
0.832509,20.129726
0.503593,20.143171
1.687773,20.605044
1.248772,20.112496
0.620748,21.050330
1.002117,21.264705
0.448390,21.703710
-0.000000,21.225595
0.459984,20.609595
0.963483,20.608364
20.129071,0.832543
20.111825,1.248824
20.941980,0.000000
20.142548,0.503592
21.078204,0.649022
21.269829,1.052880
20.625546,0.859004
21.703054,0.448327
21.224853,0.000000
20.659228,0.000000
20.565939,0.426582
21.116449,1.772591
