28.800675,-0.000000
28.698389,2.378444
28.403261,4.739259
27.914417,7.069808
27.234619,9.351215
26.369501,11.568424
25.324021,13.706447
24.105427,15.750918
22.722880,17.687492
21.184061,19.504312
19.502375,21.185826
17.684564,22.725415
15.748597,24.107869
13.706560,25.324829
11.566453,26.369965
9.349814,27.235636
7.068245,27.914942
4.739599,28.403540
2.378356,28.700171
0.000000,28.802191
-0.000000,29.913077
2.472608,29.809812
4.924521,29.505294
7.344036,28.997867
9.713799,28.292217
12.016341,27.393619
14.238210,26.307782
16.362479,25.042422
18.374096,23.605295
20.259868,22.007943
22.008214,20.258886
23.605350,18.373330
25.042172,16.361554
26.307415,14.237130
27.393233,12.016523
28.291939,9.713334
28.997887,7.343143
29.504549,4.925338
29.810563,2.470963
29.911996,0.000000
14.732337,24.724297
15.302998,25.682594
14.513816,25.496339
14.224881,25.025179
15.493174,24.857781
14.883534,25.036743
15.240436,24.419119
17.371872,24.331061
15.144703,25.349020
15.836885,25.362152
16.565429,24.214943
15.962599,24.386105
16.122802,24.735472
15.675380,25.103930
14.769814,25.999742
13.130538,26.858188
16.722932,23.423281
16.242911,23.765465
17.494648,23.496248
16.898365,23.724628
17.205009,23.078476
19.321521,22.813594
17.183325,24.013874
17.878288,23.968917
18.508915,22.764021
17.919785,22.985943
16.866601,24.691612
13.462525,26.104666
12.323342,26.637729
18.599943,21.961348
18.150161,22.343480
19.375265,21.971439
18.800226,22.247626
19.053566,21.578473
21.139334,21.139502
19.107693,22.513272
19.796278,22.411103
20.325946,21.158058
19.757389,21.427480
18.846337,23.214881
18.109707,23.319604
14.098978,25.964137
13.690027,26.584096
13.875621,25.640676
12.571171,27.130502
10.867141,27.850827
12.640203,25.854841
13.173863,25.595431
12.816607,26.185108
12.110655,26.116503
12.960290,26.536398
20.349880,20.350789
19.933194,20.768437
21.122200,20.296609
20.572495,20.619112
20.769161,19.932004
22.812410,19.322106
20.901401,20.857884
21.579486,20.699842
22.002991,19.407686
21.458909,19.723071
20.699089,21.579674
19.974623,21.743734
11.268687,27.150193
11.896709,27.056257
11.449232,27.622574
10.089524,27.558498
11.677578,26.713844
10.719317,27.523351
10.287431,28.075511
21.960703,18.601125
21.579291,19.052163
22.726474,18.483152
22.205273,18.849928
22.344427,18.148597
24.330050,17.372603
22.552114,19.061029
23.215145,18.847355
23.530843,17.524526
23.014374,17.883383
22.410894,19.796639
21.700736,20.020867
10.462104,26.811214
11.013212,26.593775
10.635452,27.148230
9.912087,27.027039
11.127650,26.860998
8.529020,28.653207
23.421735,16.723468
23.079369,17.204852
24.175231,16.543447
23.685639,16.951820
23.766839,16.242138
25.681193,15.304394
24.049065,17.133855
24.691935,16.866294
24.897267,15.521639
24.412393,15.921891
23.968696,17.878878
23.280109,18.160430
8.986810,27.982782
9.622852,27.943163
9.128707,28.474101
7.778044,28.297950
9.439440,27.584488
8.411983,28.312954
7.934135,28.828978
24.722649,14.732352
24.420829,15.240944
25.458339,14.490993
25.004480,14.937869
25.026725,14.224529
26.857290,13.131001
25.381697,15.089357
26.000132,14.769681
26.093901,13.413021
25.643940,13.851593
25.362973,15.838660
24.700436,16.175937
8.212473,27.583698
8.780293,27.411843
7.646175,27.753477
6.133244,29.260065
25.855075,12.640531
25.595892,13.172765
26.568091,12.339284
26.152930,12.822225
26.115397,12.109490
27.850025,10.868487
26.540854,12.942111
27.130926,12.572028
27.112460,11.212593
26.700134,11.686654
26.584278,13.689916
25.951332,14.081393
8.352243,27.934815
8.872710,27.689567
6.645253,28.630293
7.281808,28.642793
6.746130,29.130890
5.414510,28.844016
7.128620,28.269852
6.044686,28.910956
5.526842,29.385942
26.810718,10.462371
26.596092,11.014192
27.496175,10.103228
27.122678,10.618734
27.026188,9.911920
28.652395,8.531498
27.519029,10.706484
28.076393,10.288570
27.945608,8.935492
27.574154,9.441662
27.623866,11.447973
27.025551,11.890308
5.906400,28.167907
6.486227,28.043432
5.327824,28.289733
3.695089,29.665783
27.583114,8.211837
27.414907,8.780748
28.237152,7.798334
27.906720,8.342219
27.752663,7.646001
29.259090,6.135209
28.308928,8.397305
28.830058,7.935059
28.587860,6.596860
28.259969,7.132472
28.474693,9.127233
27.915225,9.617943
6.017115,28.528942
6.555768,28.327835
4.258500,29.081113
4.891318,29.146640
4.317740,29.588990
3.014190,29.191703
4.770229,28.762361
3.637351,29.311112
3.082765,29.742779
28.167496,5.906406
28.046122,6.486908
28.784335,5.438677
28.501400,6.008513
28.287574,5.328203
29.666870,3.697243
28.905892,6.031394
29.386584,5.526848
29.035935,4.212590
28.751715,4.775199
29.131559,6.744530
28.614510,7.279360
3.561083,28.560319
4.147762,28.483255
2.973636,28.631883
1.235476,29.869353
28.559860,3.562114
28.485826,4.148137
29.133954,3.043964
28.901304,3.634021
28.631300,2.974376
29.871585,1.237514
29.306007,3.624750
29.741591,3.081129
29.282932,1.802581
29.049016,2.385217
29.589051,4.316980
29.117137,4.889947
3.640990,28.929666
4.193943,28.771627
1.842030,29.333838
2.467964,29.450674
1.856104,29.845575
-0.000000,29.193888
1.189078,28.756519
0.718581,28.773064
2.380436,29.059333
1.780561,28.730412
0.865202,29.420047
1.396114,29.563440
0.613889,29.895211
0.000000,29.548635
0.655448,29.106209
1.359294,29.093192
28.756292,1.189844
28.729064,1.781906
29.344440,0.000000
28.773893,0.718433
29.441816,0.906796
29.565318,1.466917
29.108665,1.211915
29.894816,0.611357
29.546438,0.000000
29.145254,0.000000
29.076386,0.609443
29.422469,2.468417
