23.810225,-0.000000
23.726344,1.966196
23.482386,3.918323
23.078432,5.844658
22.516493,7.730671
21.801207,9.563777
20.936898,11.331370
19.929524,13.021657
18.786553,14.622722
17.514158,16.124918
16.123819,17.515200
14.621188,18.787995
13.020441,19.930991
11.331345,20.937535
9.562809,21.801515
7.730014,22.517229
5.843958,23.078952
3.918491,23.482802
1.966030,23.727701
0.000000,23.811560
-0.000000,25.144866
2.077655,25.057472
4.139334,24.801307
6.173031,24.374707
8.164872,23.781494
10.100438,23.026177
11.967676,22.113497
13.753225,21.050140
15.444368,19.842139
17.029555,18.499312
18.499279,17.029229
19.842014,15.444056
21.049743,13.752884
22.113170,11.967160
23.025974,10.100470
23.781319,8.164442
24.374595,6.172347
24.800841,4.139357
25.057482,2.076502
25.143405,0.000000
12.178155,20.438039
12.861568,21.585216
12.100274,21.256926
11.757146,20.688090
12.907854,20.710420
12.369376,20.807338
12.599764,20.185615
14.600392,20.449448
12.661563,21.193200
13.309119,21.317602
13.811249,20.189038
13.269802,20.272861
13.478664,20.679751
13.117439,21.009667
12.414605,21.851202
11.035400,22.573378
13.823857,19.362554
13.425252,19.646834
14.575730,19.576649
14.044370,19.717149
14.223527,19.076978
16.238973,19.173959
14.365897,20.077214
15.024721,20.146222
15.431418,18.979405
14.897251,19.108981
14.176960,20.751693
11.229237,21.774995
10.275711,22.212715
15.375568,18.154111
15.001827,18.471375
16.143159,18.306217
15.625028,18.489618
15.751309,17.836759
17.766788,17.767140
15.974627,18.822501
16.636716,18.836929
16.946316,17.640168
16.424760,17.813340
15.841234,19.510156
15.140309,19.495961
11.790160,21.712544
11.503921,22.344049
11.536198,21.318403
10.567159,22.801689
9.133214,23.407605
10.448745,21.373072
10.890841,21.157567
10.655849,21.771585
10.008986,21.589342
10.835841,22.187193
16.822115,16.822682
16.476114,17.169268
17.598452,16.910640
17.097922,17.136059
17.169629,16.475653
19.173196,16.239434
17.474475,17.438659
18.135624,17.398604
18.344653,16.180824
17.839343,16.396319
17.398178,18.135575
16.699457,18.178413
9.402926,22.655703
9.950490,22.629954
9.620199,23.217210
8.412655,22.979635
9.709763,22.210938
8.962389,23.013926
8.647953,23.596167
18.153737,15.376176
17.837033,15.750641
18.935358,15.399623
18.454936,15.665609
18.471801,15.001301
20.448705,14.600924
18.854604,15.936288
19.510368,15.841844
19.618487,14.610744
19.132556,14.866975
18.836693,16.636811
18.142587,16.737891
8.648019,22.163335
9.105461,21.983779
8.842462,22.572995
8.191734,22.342066
9.240650,22.306082
7.168601,24.081953
19.361565,13.824101
19.077214,14.223543
20.142432,13.783494
19.685399,14.088069
19.647479,13.425005
21.584384,12.862401
20.106298,14.324960
20.751838,14.176786
20.757772,12.940640
20.294767,13.236246
20.145945,15.024891
19.463148,15.182455
7.498145,23.348563
8.048722,23.370790
7.669825,23.932670
6.485475,23.596411
7.848716,22.934821
7.032945,23.673936
6.669889,24.229774
20.436924,12.178147
20.186292,12.600019
21.211442,12.073179
20.781406,12.414246
20.688878,11.756942
22.572745,11.035805
21.220461,12.615565
21.851420,12.414540
21.755447,11.182583
21.318530,11.515130
21.317759,13.309978
20.650564,13.523204
6.788363,22.802011
7.259331,22.660385
6.318666,22.942406
5.155242,24.591955
21.372935,10.448928
21.157800,10.890269
22.136130,10.280471
21.735753,10.655882
21.588906,10.008490
23.407043,9.134141
22.189547,10.820333
22.801911,10.567650
22.604583,9.347983
22.196621,9.715422
22.343934,11.503852
21.696285,11.771962
6.943834,23.226785
7.368668,22.995077
5.544437,23.888947
6.090963,23.956084
5.667253,24.484545
4.514613,24.051634
5.927429,23.504829
5.053665,24.173996
4.646473,24.698028
22.162838,8.648327
21.984777,9.106030
22.909443,8.417467
22.541631,8.824527
22.341655,8.191733
24.081411,7.169883
23.007339,8.951169
23.596619,8.648533
23.299305,7.449486
22.923163,7.849163
23.217562,9.619538
22.594418,9.940151
4.882153,23.284908
5.362937,23.182566
4.402296,23.385636
3.106626,24.933121
22.801465,6.788257
22.661704,7.259572
23.526596,6.496894
23.193394,6.932755
22.941900,6.318608
24.591221,5.156252
23.667825,7.020605
24.230247,6.670399
23.834863,5.499782
23.493350,5.929494
23.932527,7.669171
23.338084,8.040298
5.002362,23.720895
5.444427,23.525028
3.553130,24.265314
4.091906,24.377624
3.626014,24.869262
2.513280,24.341686
3.966282,23.914267
3.040613,24.508573
2.591701,24.997735
23.284330,4.882307
23.183643,5.363411
23.982722,4.531250
23.687227,4.993428
23.384371,4.402475
24.933405,3.107440
24.166788,5.042399
24.698121,4.646630
24.207879,3.512230
23.902315,3.969496
24.484419,5.666477
23.922600,6.085440
2.943156,23.609039
3.430038,23.546269
2.456220,23.668949
1.038408,25.104562
23.608449,2.943797
23.547197,3.430307
24.273952,2.535745
24.019192,3.020019
23.668125,2.456705
25.105080,1.039345
24.500965,3.029845
24.996708,2.590953
24.414625,1.502383
24.149220,1.982391
24.868683,3.625766
24.343144,4.088033
3.026915,24.053673
3.483103,23.893717
1.536498,24.475551
2.064941,24.631702
1.558674,25.084143
0.000000,24.288030
0.982677,23.771582
0.593825,23.785804
1.978898,24.160988
1.473508,23.750055
0.723357,24.561998
1.167193,24.741363
0.517678,25.126137
-0.000000,24.713342
0.542326,24.184855
1.130138,24.178134
23.770829,0.983117
23.748780,1.474147
24.469092,0.000000
23.785700,0.593742
24.586501,0.757243
24.744544,1.226231
24.193985,1.007735
25.125383,0.516479
24.711340,0.000000
24.228757,0.000000
24.147832,0.503670
24.597763,2.064154
