26.322291,-0.000000
26.228934,2.173645
25.959190,4.331471
25.512465,6.461274
24.891188,8.546289
24.100489,10.572737
23.144989,12.526779
22.031297,14.395330
20.767742,16.165272
19.361242,17.825840
17.824265,19.362708
16.162981,20.769798
14.393505,22.033337
12.526814,23.145760
10.571261,24.100882
8.545269,24.892099
6.460159,25.512999
4.331774,25.959518
2.173513,26.230520
-0.000000,26.323734
-0.000000,27.535332
2.275712,27.439804
4.533051,27.159435
6.760134,26.692318
8.941415,26.042751
11.060921,25.215612
13.105940,24.216145
15.061256,23.051540
16.913069,21.728657
18.648939,20.258226
20.258330,18.648287
21.728613,16.912507
23.051180,15.060616
24.215785,13.105103
25.215330,11.060984
26.042537,8.940892
26.692290,6.759257
27.158863,4.533401
27.440235,2.274208
27.533967,0.000000
13.463709,22.595494
14.085465,23.639327
13.312605,23.386354
12.999210,22.871067
14.206646,22.793996
13.633193,22.933455
13.928963,22.316405
15.989747,22.395407
13.908020,23.279288
14.576281,23.345233
15.194623,22.211192
14.623272,22.340347
14.805878,22.715547
14.401141,23.064323
13.595381,23.930904
12.085697,24.721468
15.283015,21.406449
14.843423,21.719880
16.042110,21.545758
15.478986,21.731679
15.724266,21.091011
17.784285,20.998596
15.780151,22.053282
16.455254,22.062628
16.977229,20.880343
16.416457,21.057666
15.525397,22.726805
12.350880,23.949466
11.304197,24.435220
16.998455,20.070375
16.586441,20.420352
17.766861,20.147524
17.221092,20.378713
17.413535,19.720024
19.457481,19.457790
17.547320,20.675147
18.220651,20.628761
18.643872,19.407157
18.099828,19.629940
17.347767,21.367349
16.630762,21.415256
12.948939,23.846536
12.599838,24.469684
12.711978,23.490903
11.571841,24.971763
10.002376,25.635109
11.551723,23.628897
12.040069,23.391214
11.741866,23.990006
11.066795,23.868038
11.902216,24.370345
18.597698,18.598482
18.216135,18.980871
19.368658,18.611684
18.844494,18.886936
18.981470,18.215281
20.997586,17.784838
19.194672,19.154996
19.862100,19.053608
20.182203,17.801630
19.658639,18.068460
19.053016,19.862116
18.343397,19.968044
10.339860,24.912840
10.927264,24.851476
10.537155,25.425723
9.254892,25.279458
10.698800,24.474170
9.844290,25.277470
9.469886,25.841702
20.069854,16.999365
19.720595,17.412443
20.839898,16.948712
20.340126,17.266308
20.421088,16.585385
22.394474,15.990424
20.710628,17.504794
21.367635,17.348612
21.583622,16.074286
21.083670,16.383115
20.628527,18.220850
19.928572,18.385793
9.561021,24.502761
10.065773,24.304079
9.743652,24.872653
9.057615,24.700193
10.189417,24.596184
7.850530,26.373626
21.405126,15.283404
21.091588,15.724180
22.168376,15.170040
21.696216,15.527609
21.720953,14.842899
23.638179,14.086621
22.085435,15.734916
22.727084,15.525127
22.837006,14.237030
22.364407,14.586121
22.062373,16.455608
21.379047,16.677255
8.245729,25.675899
8.838731,25.665667
8.401183,26.209427
7.134700,25.957845
8.648234,25.271840
7.725170,26.002532
7.303686,26.535403
22.594025,13.463714
22.317641,13.929336
23.344954,13.287842
22.904244,13.682814
22.872324,12.998897
24.720657,12.086168
23.309268,13.857310
23.931257,13.595259
23.934617,12.302891
23.492621,12.689494
23.345709,14.577620
22.683370,14.854746
7.505085,25.208792
8.024972,25.051879
6.986820,25.363989
5.645456,26.932165
23.628899,11.551983
23.391610,12.039189
24.362622,11.314785
23.956165,11.744848
23.867299,11.065941
25.634388,10.003595
24.373760,11.885380
24.972141,11.572533
24.868845,10.284539
24.460231,10.706204
24.469713,12.599725
23.832091,12.931190
7.651714,25.593215
8.124897,25.355301
6.097231,26.270080
6.688603,26.308320
6.208099,26.813895
4.966609,26.458690
6.531156,25.899808
5.551140,26.551733
5.087829,27.048127
24.502216,9.561336
24.305775,10.066556
25.213676,9.264383
24.844424,9.726410
24.699587,9.057525
26.372930,7.852470
25.272063,9.832265
25.842424,9.470760
25.633097,8.195884
25.260897,8.649564
25.426528,10.536132
24.818616,10.919035
5.397623,25.742682
5.928391,25.629114
4.868102,25.854029
3.401600,27.305635
25.208190,7.504731
25.054115,8.025314
25.893036,7.150721
25.562688,7.641242
25.363332,6.986673
26.931286,5.646993
25.997505,7.711639
26.536224,7.304442
26.222230,6.050792
25.889214,6.534127
26.209596,8.400095
25.635567,8.832189
5.512392,26.137582
6.003206,25.939700
3.907358,26.683804
4.493097,26.771177
3.972724,27.235421
2.764852,26.777663
4.370337,26.351023
3.340170,26.919192
2.837893,27.376517
25.742151,5.397725
25.631043,5.929002
26.394907,4.987131
26.107232,5.503658
25.852301,4.868369
27.306382,3.403064
26.545647,5.538852
27.048529,5.087964
26.632976,3.864018
26.339791,4.374456
26.814131,6.206884
26.277689,6.684723
3.254144,26.101163
3.791365,26.031126
2.716623,26.166925
1.137215,27.493198
26.100647,3.255007
26.032928,3.791690
26.715425,2.791074
26.473402,3.328604
26.166197,2.717259
27.494632,1.138736
26.912952,3.328466
27.375390,2.836715
26.859919,1.653133
26.612084,2.184832
27.235098,3.972269
26.739438,4.490506
3.335538,26.504530
3.840498,26.346129
1.689842,26.915404
2.267206,27.050318
1.707735,27.471213
0.000000,26.753387
1.086482,26.280679
0.656496,26.295926
2.180658,26.623037
1.628167,26.256723
0.794587,27.001423
1.282100,27.161292
0.565920,27.516912
0.000000,27.140134
0.599229,26.658844
1.245367,26.648854
26.280180,1.087117
26.255385,1.629149
26.917720,0.000000
26.296333,0.656386
27.024405,0.832363
27.163738,1.347027
26.664424,1.110435
27.516346,0.564031
27.137951,0.000000
26.700001,0.000000
26.625721,0.556890
27.019523,2.267038
