20.826991,-0.000000
20.755326,1.719925
20.541962,3.427920
20.188913,5.112698
19.697449,6.762491
19.071675,8.366032
18.315639,9.912330
17.434549,11.391034
16.434776,12.791599
15.321599,14.105741
14.105336,15.322009
12.791111,16.435309
11.390647,17.435114
9.912229,18.316008
8.365704,19.071951
6.762244,19.697907
5.112452,20.189406
3.427869,20.542546
1.719812,20.756283
-0.000000,20.828010
-0.000000,22.340063
1.845087,22.262980
3.677168,22.035139
5.484117,21.656049
7.253755,21.128898
8.973667,20.457785
10.632303,19.646840
12.218832,18.702204
13.721479,17.629085
15.129908,16.435973
16.435813,15.129964
17.628883,13.721510
18.701893,12.218853
19.646560,10.632268
20.457549,8.973746
21.128631,7.253664
21.655702,5.483924
22.034601,3.677080
22.262374,1.844720
22.338964,0.000000
10.651978,17.876453
11.425816,19.175295
10.669798,18.744428
10.282627,18.096322
11.374671,18.250682
10.874777,18.292719
11.021485,17.656007
12.970523,18.166402
11.193718,18.736555
11.822688,18.938750
12.179156,17.803238
11.669650,17.828456
11.915894,18.282509
11.606837,18.591836
11.029108,19.411455
9.803283,20.053143
12.091596,16.935928
11.741787,17.185561
12.844797,17.252277
12.347893,17.334639
12.441639,16.685987
14.426143,17.033275
12.700459,17.750234
13.346517,17.897867
13.607570,16.736764
13.101212,16.805207
12.594771,18.434685
9.906302,19.210347
9.062358,19.590915
13.448941,15.879221
13.120767,16.157388
14.226552,16.132752
13.737723,16.255604
13.777578,15.601083
15.783395,15.783639
14.122639,16.640832
14.778561,16.734716
14.943475,15.555492
14.444479,15.665655
14.073749,17.331596
13.385463,17.235999
10.426139,19.200091
10.218296,19.850159
10.146390,18.749964
9.388351,20.255880
8.113792,20.794227
9.139357,18.694817
9.526057,18.505889
9.372087,19.148724
8.753231,18.883878
9.580201,19.616287
14.714202,14.714476
14.410463,15.018370
15.508937,14.902653
15.032538,15.065505
15.018306,14.410515
17.032926,14.426382
15.448785,15.417491
16.110184,15.456916
16.176642,14.268596
15.688519,14.419462
15.456686,16.110277
14.763850,16.071119
8.298264,19.993996
8.800792,20.015025
8.544469,20.626115
7.419100,20.266495
8.540611,19.535435
7.923911,20.348505
7.683572,20.961901
15.878977,13.449207
15.600967,13.777556
16.687236,13.571074
16.225632,13.772678
16.157316,13.120812
18.166028,12.970758
16.668958,14.089257
17.331514,14.074009
17.299949,12.884108
16.825878,13.074587
16.734502,14.778676
16.039721,14.797509
7.564318,19.385855
7.965097,19.229203
7.777156,19.854275
7.163873,19.542304
8.117859,19.596303
6.368809,21.393373
16.935484,12.091747
16.685828,12.441772
17.750997,12.146775
17.307518,12.385771
17.185520,11.741857
19.174900,11.426118
17.775657,12.664643
18.434541,12.594817
18.304549,11.411191
17.847928,11.640443
17.897608,13.346622
17.207295,13.422361
6.616666,20.604002
7.118929,20.669351
6.811929,21.261414
5.719603,20.810633
6.903561,20.171988
6.217800,20.931940
5.926284,21.525020
17.875966,10.652051
17.655943,11.021637
18.692953,10.639334
18.270966,10.914094
18.096311,10.282664
20.052788,9.803478
18.760595,11.153308
19.411326,11.029181
19.184250,9.860849
18.748114,10.126792
18.938568,11.822966
18.257032,11.955343
5.937644,19.944562
6.350047,19.821369
5.525576,20.067413
4.580373,21.846506
18.694570,9.139487
18.505752,9.526003
19.507826,9.059487
19.109884,9.368111
18.883601,8.753218
20.793874,8.114101
19.617298,9.566141
20.255738,9.388550
19.933029,8.243053
19.520356,8.544112
19.849910,10.218358
19.181380,10.406949
6.107091,20.429047
6.473760,20.202541
4.892722,21.080968
5.387615,21.187240
5.032891,21.751616
3.981423,21.212060
5.213737,20.673581
4.467796,21.374212
4.128610,21.941123
19.385487,7.564509
19.229207,7.965343
20.189415,7.417665
19.818323,7.758047
19.541975,7.163978
21.392968,6.369133
20.340265,7.913595
20.961798,7.683759
20.545718,6.568885
20.159312,6.902958
20.625956,8.544379
19.975376,8.787506
4.270352,20.366908
4.691424,20.278250
3.849509,20.455109
2.760669,22.149913
19.944115,5.937738
19.821390,6.350196
20.733198,5.725102
20.391424,6.094934
20.066979,5.525663
21.845939,4.580595
20.924307,6.206893
21.524846,5.926415
21.018160,4.849804
20.660737,5.214696
21.261066,6.811816
20.632796,7.107883
4.399490,20.863796
4.783173,20.668133
3.135525,21.413383
3.619794,21.560130
3.219513,22.093073
2.216675,21.468110
3.488658,21.033549
2.687827,21.670145
2.302790,22.207018
20.366338,4.270485
20.278117,4.691634
21.135317,3.993127
20.825299,4.390096
20.454375,3.849625
22.149455,2.760783
21.365462,4.457763
21.940723,4.128638
21.346591,3.097195
21.020507,3.490715
21.751178,5.032700
21.149505,5.379797
2.574040,20.650280
3.000834,20.596448
2.147252,20.703379
0.922445,22.302283
20.649583,2.574277
20.596153,3.000983
21.392228,2.234391
21.116634,2.655228
20.702573,2.147445
22.301706,0.922632
21.660540,2.678210
22.206191,2.302568
21.529642,1.324588
21.237297,1.743122
22.092393,3.219419
21.521509,3.614277
2.662196,21.156060
3.060223,20.992184
1.356047,21.598244
1.826876,21.784726
1.383881,22.283397
-0.000000,21.374845
0.859766,20.792521
0.519923,20.806035
1.740560,21.250248
1.289664,20.774408
0.639337,21.686267
1.031969,21.893554
0.460932,22.321432
0.000000,21.856599
0.474937,21.258564
0.993742,21.256228
20.791638,0.859898
20.773421,1.289858
21.580790,0.000000
20.805317,0.519905
21.713233,0.668622
21.898063,1.084196
21.272902,0.886038
22.320554,0.460642
21.855337,0.000000
21.306811,0.000000
21.216055,0.440595
21.746198,1.825331
