21.671023,0.000000
21.595755,1.789601
21.373757,3.566650
21.006300,5.319758
20.494903,7.036372
19.843814,8.704856
19.057146,10.313741
18.140315,11.852287
17.100019,13.309569
15.941798,14.676914
14.676292,15.942408
13.308764,17.100840
11.851653,18.141171
10.313663,19.057609
8.704335,19.844089
7.036002,20.495452
5.319378,21.006811
3.566650,21.374308
1.789449,21.596884
-0.000000,21.672208
-0.000000,23.129215
1.910548,23.049115
3.807221,22.813304
5.677940,22.420849
7.510086,21.875122
9.290649,21.180332
11.007982,20.340777
12.650481,19.362744
14.206151,18.251654
15.664300,17.016419
17.016285,15.664252
18.251464,14.206083
19.362380,12.650402
20.340475,11.007806
21.180121,9.290717
21.874900,7.509878
22.420581,5.677581
22.812797,3.807125
23.048657,1.909903
23.127899,-0.000000
11.083716,18.601144
11.829727,19.853299
11.073302,19.453148
10.699744,18.829542
11.807241,18.944693
11.296815,19.002829
11.467990,18.371615
13.429043,18.808703
11.607385,19.428902
12.240844,19.608011
12.639504,18.476197
12.121432,18.518621
12.356291,18.958090
12.032407,19.273012
11.418921,20.097826
10.149911,20.762192
12.581621,17.622417
12.217987,17.881858
13.333139,17.908052
12.826917,18.007417
12.945730,17.362371
14.936127,17.635517
13.169808,18.406013
13.818634,18.530408
14.122011,17.369312
13.608285,17.455633
13.039915,19.086514
10.279400,19.933650
9.404589,20.330399
13.993946,16.522748
13.652857,16.812010
14.767271,16.745940
14.270610,16.886420
14.335953,16.233514
16.341362,16.341662
14.644550,17.255658
15.301294,17.326136
15.508395,16.143489
15.003563,16.272017
14.570994,17.944451
13.879963,17.872869
10.810475,19.908090
10.579971,20.551799
10.538752,19.475140
9.720004,20.972100
8.400554,21.529473
9.509767,19.452497
9.912193,19.256022
9.734514,19.889275
9.108462,19.649260
9.934044,20.340830
15.310493,15.310855
14.994788,15.626853
16.098435,15.469165
15.615722,15.650163
15.626917,14.994700
17.635029,14.936447
16.019648,15.987089
16.679985,16.003175
16.788151,14.807957
16.295757,14.977587
16.002882,16.680015
15.309290,16.664964
8.609751,20.744608
9.124726,20.751823
8.847093,21.355096
7.699326,21.031753
8.870688,20.290810
8.216566,21.099659
7.954892,21.702988
16.522468,13.994310
16.233501,14.335740
17.321485,14.086953
16.855102,14.307177
16.812084,13.652761
18.808198,13.429379
17.284899,14.609772
17.944472,14.571367
17.953919,13.371115
17.477123,13.580626
17.325905,15.301389
16.632295,15.344313
7.870862,20.171599
8.287727,20.008444
8.077909,20.621862
7.454627,20.334358
8.435011,20.361682
6.593786,22.149762
17.621789,12.581789
17.362306,12.945837
18.425687,12.608540
17.978946,12.866437
17.882019,12.217976
19.852763,11.830203
18.432466,13.132542
19.086455,13.039890
18.996526,11.842586
18.538756,12.090982
18.530124,13.818738
17.842985,13.918359
6.865229,21.377985
7.380892,21.430544
7.053259,22.012958
5.935611,21.596370
7.170403,20.952031
6.447517,21.704666
6.135488,22.285932
18.600447,11.083750
18.371754,11.468168
19.403508,11.043871
18.979846,11.337691
18.829773,10.699701
20.761747,10.150187
19.453841,11.565400
20.097808,11.418953
19.909522,10.233665
19.473854,10.518767
19.607907,12.241290
18.931530,12.397174
6.178286,20.752926
6.607311,20.624481
5.749910,20.880731
4.742072,22.618884
19.452275,9.509907
19.256005,9.911975
20.249378,9.403976
19.851372,9.731745
19.648962,9.108310
21.529060,8.401078
20.342229,9.919602
20.972075,9.720299
20.686604,8.554716
20.275987,8.874818
20.551572,10.579992
19.890104,10.791628
6.343308,21.218951
6.726533,20.991262
5.076482,21.872829
5.585773,21.967407
5.211331,22.520503
4.131800,22.012968
5.415229,21.472922
4.632907,22.163213
4.274312,22.716704
20.171186,7.871107
20.008748,8.288082
20.956837,7.699754
20.587325,8.059190
20.334023,7.454711
22.149324,6.594404
21.091921,8.206009
21.703071,7.955203
21.322428,6.817274
20.939659,7.170106
21.355075,8.846835
20.713459,9.112338
4.443404,21.192406
4.881408,21.099825
4.005851,21.284134
2.857988,22.932904
20.752445,6.178344
20.624893,6.607489
21.521302,5.942847
21.182636,6.331517
20.880287,5.749962
22.618262,4.742536
21.697494,6.436210
22.285970,6.135737
21.812653,5.033128
21.460497,5.416512
22.012640,7.052996
21.395173,7.370644
4.569682,21.670452
4.969949,21.475020
3.253269,22.217631
3.752798,22.354010
3.333844,22.874145
2.300302,22.278598
3.623500,21.846872
2.787251,22.470035
2.384086,22.992139
21.191814,4.443561
21.100051,4.881713
21.938654,4.144945
21.633429,4.560460
21.283238,4.005989
22.932653,2.858285
22.154916,4.622524
22.716445,4.274393
22.153657,3.214259
21.834150,3.625900
22.520127,5.210969
21.930980,5.578654
2.678447,21.487313
3.122276,21.430906
2.234625,21.542314
0.955078,23.090678
21.486618,2.678827
21.430958,3.122478
22.205198,2.319402
21.936252,2.758223
21.541451,2.234926
23.090356,0.955479
22.461015,2.777303
22.991213,2.383702
22.343364,1.374734
22.059435,1.810670
22.873445,3.333707
22.316661,3.747766
2.765143,21.974179
3.179659,21.811685
1.406882,22.409689
1.893952,22.586917
1.433056,23.071391
0.000000,22.197189
0.894486,21.635328
0.540758,21.648978
1.807827,22.072069
1.341685,21.616170
0.663035,22.497131
1.070063,22.695903
0.476924,23.110498
-0.000000,22.661585
0.493977,22.084981
1.032274,22.081324
21.634407,0.894717
21.615024,1.342021
22.395375,0.000000
21.648380,0.540715
22.523259,0.693616
22.699920,1.124187
22.097645,0.920438
23.109588,0.476363
22.659982,0.000000
22.131812,0.000000
22.044082,0.458424
22.549759,1.892626
