20.656974,-0.000000
20.586052,1.705889
20.374420,3.399976
20.024272,5.070992
19.536819,6.707327
18.916144,8.297789
18.166280,9.831486
17.292395,11.298142
16.300788,12.687285
15.196688,13.990714
13.990344,15.197068
12.686857,16.301276
11.297800,17.292915
9.831377,18.166651
8.297501,18.916449
6.707107,19.537286
5.070777,20.024788
3.399919,20.375033
1.705789,20.586985
-0.000000,20.657967
-0.000000,22.181591
1.831937,22.105129
3.651048,21.878890
5.445195,21.502485
7.202280,20.979062
8.910015,20.312700
10.556861,19.507498
12.132152,18.569569
13.624153,17.504079
15.022599,16.319425
16.319250,15.022683
17.503862,13.624210
18.569256,12.132196
19.507203,10.556855
20.312432,8.910093
20.978755,7.202213
21.502092,5.445038
21.878320,3.650968
22.104477,1.831634
22.180532,-0.000000
10.565020,17.730496
11.344705,19.039150
10.588653,18.601914
10.198614,17.948648
11.287671,18.111108
10.789857,18.149841
10.931550,17.511883
12.878446,18.037427
11.110571,18.597401
11.738717,18.804360
12.086583,17.667919
11.578751,17.689603
11.827376,18.146727
11.521312,18.454952
10.950824,19.273631
9.733676,19.910762
11.992900,16.797668
11.645878,17.045325
12.746583,17.120399
12.251509,17.199276
12.340109,16.549765
14.323734,16.912346
12.606120,17.618434
13.251709,17.770853
13.504120,16.609575
12.999192,16.674355
12.505376,18.303801
9.831280,19.064915
8.993539,19.442223
13.339173,15.749619
13.013602,16.025548
14.117804,16.009441
13.630504,16.128688
13.665112,15.473716
15.671350,15.671589
14.017737,16.517264
14.673592,16.615961
14.829874,15.437261
14.331995,15.543667
13.973895,17.208540
13.286074,17.108002
10.348893,19.057799
10.145667,19.709266
10.067450,18.604068
9.321749,20.112063
8.056210,20.646588
9.064751,18.542219
9.448278,18.354813
9.299169,18.999734
8.681683,18.729729
9.509080,19.470662
14.594102,14.594370
14.292775,14.895823
15.390379,14.788726
14.915197,14.947876
14.895721,14.292865
16.912016,14.323961
15.334044,15.303013
15.995761,15.347228
16.053671,14.160143
15.566344,14.307179
15.347003,15.995879
14.654222,15.951769
8.235637,19.843082
8.735689,19.866954
8.483700,20.479733
7.362751,20.112621
8.474202,19.383468
7.865089,20.197537
7.629087,20.813094
15.749368,13.339427
15.473568,13.665139
16.559675,13.467330
16.098975,13.665140
16.025431,13.013682
18.037068,12.878663
16.545154,13.984642
17.208423,13.974137
17.168437,12.786182
16.694846,12.972783
16.615740,14.673720
15.920618,14.687614
7.502578,19.227607
7.900111,19.072266
7.716648,19.699851
7.105313,19.382784
8.054032,19.442288
6.323635,21.241492
16.797247,11.993056
16.549573,12.340253
17.615298,12.053910
17.172416,12.289063
17.045226,11.645970
19.038766,11.344971
17.643634,12.570601
18.303623,12.505440
18.165387,11.324444
17.708927,11.549801
17.770587,13.251822
17.079524,13.322675
6.566689,20.448390
7.066283,20.516378
6.763471,21.110503
5.676168,20.652644
6.849874,20.015058
6.171629,20.776638
5.884274,21.372233
17.730034,10.565107
17.511760,10.931703
18.550034,10.557975
18.128320,10.828864
17.948565,10.198673
19.910403,9.733851
18.621242,11.070479
19.273459,10.950905
19.038386,9.785877
18.602082,10.047929
18.804148,11.738964
18.121455,11.866540
5.889177,19.781759
6.298228,19.659628
5.480396,19.903615
4.547904,21.691415
18.541941,9.064881
18.354627,9.448262
19.358669,8.990203
18.960672,9.294943
18.729426,8.681700
20.646219,8.056470
19.471570,9.495094
20.111871,9.321925
19.781471,8.180379
19.368306,8.477574
19.708992,10.145736
19.038917,10.329630
6.059568,20.270133
6.422892,20.043835
4.855776,20.921762
5.347792,21.030457
4.997062,21.597223
3.951186,21.051021
5.173199,20.512771
4.434609,21.215641
4.099349,21.785392
19.227220,7.502756
19.072181,7.900334
20.035054,7.360929
19.663574,7.697452
19.382427,7.105421
21.241064,6.323895
20.189164,7.854819
20.812922,7.629246
20.389509,6.518934
20.002290,6.849207
20.479522,8.483642
19.827008,8.722214
4.235500,20.200654
4.653158,20.112792
3.818025,20.288146
2.741126,21.992690
19.781292,5.889275
19.659540,6.298368
20.574681,5.681309
20.232206,6.047328
19.903153,5.480486
21.690834,4.548077
20.768880,6.160800
21.371986,5.884378
20.858379,4.812940
20.499812,5.174090
21.110122,6.763385
20.479545,7.055069
4.365251,20.701513
4.745586,20.505772
3.111853,21.251686
3.593065,21.400589
3.196557,21.936231
2.199862,21.305142
3.461529,20.869924
2.667843,21.509384
2.286462,22.049365
20.200065,4.235624
20.112558,4.653345
20.973739,3.962593
20.662682,4.355816
20.287421,3.818133
21.992169,2.741207
21.206772,4.424646
21.784937,4.099366
21.184285,3.073655
20.856792,3.463514
21.596749,4.996905
20.992419,5.339827
2.553014,20.481700
2.976373,20.428392
2.129659,20.534419
0.915890,22.143968
20.480985,2.553215
20.428005,2.976506
21.228723,2.217295
20.951707,2.634505
20.533610,2.129824
22.143329,0.916035
21.499638,2.658293
22.048543,2.286276
21.366004,1.314504
21.071877,1.729532
21.935536,3.196473
21.361676,3.587449
2.641488,20.991467
3.036189,20.827283
1.345832,21.435093
1.813396,21.623512
1.374004,22.125161
0.000000,21.209415
0.852779,20.622772
0.515735,20.636265
1.727028,21.084908
1.279187,20.604879
0.634571,21.523246
1.024313,21.732314
0.457716,22.162983
0.000000,21.694815
0.471105,21.092275
0.985988,21.090216
20.621889,0.852889
20.603916,1.279350
21.416987,0.000000
20.635514,0.515722
21.550380,0.663597
21.736919,1.076163
21.106958,0.879112
22.162103,0.457483
21.693621,0.000000
21.140811,0.000000
21.049419,0.437005
21.584683,1.811806
