25.318861,0.000000
25.229225,2.090767
24.969776,4.166417
24.540125,6.214942
23.942547,8.220458
23.181974,10.169673
22.262901,12.049231
21.191678,13.846568
19.976292,15.549049
18.623362,17.146354
17.144963,18.624664
15.547052,19.978109
13.844979,21.193498
12.049245,22.263618
10.168402,23.182320
8.219587,23.943383
6.214000,24.540641
4.166679,24.970117
2.090619,25.230707
0.000000,25.320250
-0.000000,26.577802
2.196392,26.485480
4.375364,26.214815
6.524974,25.763931
8.630367,25.136941
10.676183,24.338574
12.649989,23.373878
14.537291,22.249836
16.324748,20.972966
18.000259,19.553649
19.553701,17.999732
20.972897,16.324277
22.249462,14.536766
23.373540,12.649268
24.338342,10.676221
25.136762,8.629860
25.763890,6.524150
26.214314,4.375562
26.485774,2.195001
26.576388,0.000000
12.950158,21.733658
13.595203,22.816517
12.827633,22.534493
12.503034,21.999021
13.687137,21.960584
13.127885,22.083389
13.398005,21.465192
15.433209,21.615923
13.409169,22.444397
14.068684,22.533031
14.641212,21.402237
14.082080,21.513657
14.274692,21.900771
13.887300,22.241868
13.122420,23.097826
11.664975,23.861016
14.700116,20.589967
14.276891,20.891755
15.455565,20.758119
14.905381,20.926220
15.124782,20.286444
17.165279,20.267708
15.214145,21.262420
15.882227,21.294979
16.358847,20.119874
15.808994,20.278469
14.985277,21.935622
11.902145,23.079507
10.892755,23.546084
16.350150,19.304866
15.953421,19.641794
17.117386,19.411003
16.582931,19.623398
16.749551,18.967693
18.780241,18.780574
16.917905,19.933684
17.586177,19.911015
17.964784,18.700281
17.430043,18.903563
16.744306,20.623397
16.034236,20.647103
12.485131,22.992425
12.160844,23.618225
12.241816,22.622209
11.169409,24.102485
9.654196,24.742846
11.111103,22.727755
11.581017,22.498910
11.307604,23.102965
10.644222,22.957765
11.475427,23.496604
17.888395,17.889093
17.521038,18.257191
18.660579,17.931275
18.146162,18.186885
18.257716,17.520329
20.266795,17.165798
18.506223,18.468087
19.170534,18.390672
19.447112,17.153233
18.931186,17.399844
18.390153,19.170501
17.685445,19.251788
9.964988,24.009776
10.536299,23.962287
10.169856,24.541065
8.917952,24.359402
10.303317,23.569181
9.491335,24.371544
9.140656,24.942195
19.304412,16.350935
18.968159,16.748609
20.078090,16.329080
19.586371,16.626301
19.642427,15.952571
21.615062,15.433835
19.967820,16.877047
20.623676,16.745060
20.797491,15.488799
20.303509,15.776874
19.910787,17.586319
19.213771,17.726259
9.196281,23.568220
9.682177,23.377163
9.383300,23.953115
8.711711,23.758189
9.810133,23.680648
7.577352,25.455653
20.588775,14.700439
20.286896,15.124730
21.358006,14.615428
20.892233,14.952034
20.892684,14.276471
22.815499,13.596238
21.293357,15.170622
21.935870,14.985034
22.005235,13.718412
21.536855,14.046359
21.294722,15.882493
20.612252,16.078995
7.946622,24.744756
8.522515,24.747129
8.108220,25.297440
6.874977,25.013138
8.328536,24.337352
7.448129,25.070570
7.049811,25.611825
21.732321,12.950152
21.466226,13.398324
22.491562,12.801984
22.055475,13.175600
22.000125,12.502752
23.860279,11.665427
22.473301,13.360337
23.098151,13.122311
23.062869,11.854714
22.623308,12.219912
22.533387,14.069831
21.869786,14.321826
7.218756,24.247345
7.719145,24.096518
6.719902,24.396631
5.449072,25.994744
22.727703,11.111329
22.499266,11.580245
23.472041,10.901067
23.068385,11.309443
22.957171,10.643503
24.742194,9.655319
23.499610,11.459126
24.102828,11.170023
23.963055,9.909871
23.555124,10.310028
23.618206,12.160740
22.977289,12.467237
7.368656,24.646984
7.822583,24.411716
5.876054,25.317412
6.449384,25.366816
5.991446,25.880840
4.785787,25.495731
6.289747,24.942138
5.352046,25.600098
4.911041,26.106734
23.567697,9.196598
23.378603,9.682875
24.291996,8.925627
23.923708,9.365802
23.757683,8.711654
25.455031,7.579043
24.365693,9.479632
24.942838,9.141414
24.699493,7.897290
24.326150,8.329510
24.541697,10.168961
23.928439,10.527259
5.191691,24.760865
5.702525,24.651756
4.682012,24.867967
3.283434,26.355260
24.246773,7.218505
24.098415,7.719442
24.946473,6.889195
24.615386,7.357963
24.396053,6.719782
25.993935,5.450411
25.065138,7.435069
25.612535,7.050476
25.267189,5.830354
24.931228,6.292356
25.297484,8.107300
24.716059,8.515250
5.308448,25.171251
5.779826,24.974344
3.765631,25.716181
4.332509,25.813137
3.833824,26.287626
2.664201,25.803124
4.208766,25.376653
3.220285,25.954388
2.739281,26.423645
24.760323,5.191819
24.653373,5.703089
25.430048,4.804782
25.139657,5.299645
24.866439,4.682238
26.355855,3.284633
25.593592,5.340164
26.107037,4.911198
25.662849,3.723288
25.365168,4.212529
25.880937,5.990400
25.335125,6.444873
3.129904,25.105620
3.647045,25.038464
2.612588,25.169037
1.097639,26.536370
25.105093,3.130686
25.039947,3.647348
25.738837,2.688944
25.492167,3.205209
25.168281,2.613169
26.537468,1.098934
25.947648,3.208952
26.422571,2.738277
25.881706,1.592819
25.627324,2.103878
26.287201,3.833463
25.780386,4.329413
3.212125,25.524542
3.697620,25.365681
1.628463,25.939242
2.186246,26.082243
1.648014,26.515042
0.000000,25.767465
1.044992,25.278363
0.631425,25.293161
2.099967,25.638563
1.566412,25.255342
0.766089,26.025348
1.236108,26.192628
0.546603,26.559223
0.000000,26.168787
0.576486,25.669700
1.199305,25.660985
25.277776,1.045556
25.254038,1.567254
25.938121,0.000000
25.293391,0.631326
26.048913,0.802312
26.195361,1.298672
25.676657,1.069390
26.558600,0.544983
26.166667,0.000000
25.711890,0.000000
25.635111,0.535623
26.050280,2.185831
