23.953355,-0.000000
23.868918,1.978014
23.623490,3.941859
23.217096,5.879786
22.651776,7.777136
21.932194,9.621258
21.062690,11.399473
20.049259,13.099916
18.899418,14.710602
17.619383,16.221822
16.220690,17.620456
14.709020,18.900903
13.098661,20.050768
11.399450,21.063343
9.620260,21.932513
7.776458,22.652531
5.879064,23.217625
3.942037,23.623907
1.977848,23.870296
-0.000000,23.954705
-0.000000,25.280450
2.088891,25.192582
4.161669,24.935046
6.206331,24.506148
8.208915,23.909740
10.154911,23.150350
12.032232,22.232749
13.827406,21.163650
15.527662,19.949132
17.121394,18.599067
18.599038,17.121052
19.949008,15.527336
21.163249,13.827049
22.232414,12.031696
23.150138,10.154943
23.909558,8.208476
24.506035,6.205632
24.934569,4.161706
25.192612,2.087712
25.278980,0.000000
12.251394,20.560960
12.930978,21.701718
12.169182,21.377963
11.827907,20.812462
12.981688,20.828875
12.441272,20.928297
12.675494,20.307010
14.679186,20.559817
12.732357,21.311687
13.380982,21.432603
13.889875,20.303975
13.346789,20.390469
13.554041,20.795378
13.190329,21.126334
12.481576,21.969151
11.094965,22.695211
13.906985,19.479003
13.506044,19.764944
14.659090,19.688593
14.125980,19.831757
14.309030,19.191721
16.326612,19.277446
14.446222,20.189450
15.105851,20.254914
15.519279,19.087450
14.983665,19.219828
14.253439,20.863710
11.292980,21.898573
10.334166,22.339033
15.468024,18.263285
15.092102,18.582417
16.235462,18.410894
15.715821,18.597088
15.846015,17.944052
17.862672,17.863028
16.063950,18.927727
16.726546,18.938556
17.042800,17.740601
16.520039,17.916674
15.926676,19.615484
15.224955,19.604970
11.855964,21.833740
11.566074,22.464609
11.603073,21.441981
10.624142,22.924765
9.182503,23.533943
10.511581,21.501596
10.956322,21.284822
10.717620,21.897779
10.069249,21.719170
10.896406,22.311192
16.923270,16.923854
16.575243,17.272483
17.699082,17.007345
17.197278,17.235666
17.272857,16.574762
19.276663,16.327082
17.572175,17.536143
18.233539,17.492470
18.449094,16.272947
17.942826,16.491435
17.492032,18.233493
16.792821,18.280057
9.456165,22.783972
10.005957,22.756111
9.672204,23.342470
8.460524,23.110350
9.766018,22.339674
9.012477,23.142489
8.694571,23.723522
18.262898,15.468653
17.944339,15.845323
19.043626,15.487688
18.562177,15.756671
18.582859,15.091548
20.559055,14.679730
18.960019,16.025375
19.615700,15.927304
19.730179,14.693928
19.243536,14.953217
18.938316,16.726647
18.244018,16.831485
8.700029,22.296621
9.160176,22.115972
8.893721,22.703807
8.241062,22.476419
9.294637,22.436393
7.207272,24.211929
19.477986,13.907239
19.191973,14.309042
20.257601,13.862319
19.799787,14.169962
19.765612,13.505783
21.700862,12.931833
20.218705,14.405041
20.863862,14.253260
20.875950,13.014323
20.412489,13.313029
20.254634,15.106032
19.571957,15.267353
7.540626,23.480823
8.093582,23.501116
7.711302,24.061803
6.522374,23.730628
7.894192,23.067756
7.072261,23.806194
6.705836,24.360538
20.559815,12.251387
20.307716,12.675758
21.332727,12.142232
20.902167,12.486412
20.813276,11.827696
22.694560,11.095377
21.339097,12.686092
21.969376,12.481508
21.879305,11.246258
21.442195,11.581930
21.432772,13.381870
20.766013,13.598829
6.829192,22.939135
7.302957,22.796633
6.356730,23.080374
5.183040,24.724683
21.501459,10.511770
21.285062,10.955731
22.262701,10.339272
21.862065,10.717831
21.718713,10.068733
23.533363,9.183452
22.313601,10.880824
22.924993,10.624646
22.733277,9.401214
22.325377,9.771779
22.464496,11.566002
21.817584,11.837801
6.984097,23.361397
7.411699,23.129375
5.575848,24.024264
6.124899,24.089666
5.697924,24.616660
4.540302,24.188444
5.961769,23.641060
5.081921,24.309044
4.671505,24.831315
22.296113,8.700340
22.117006,9.160759
23.040432,8.465615
22.672629,8.875832
22.475993,8.241057
24.211371,7.208595
23.135966,9.001212
23.723987,8.695168
23.431950,7.491909
23.056135,7.894689
23.342840,9.671520
22.720737,9.995747
4.911517,23.424938
5.395156,23.321950
4.428831,23.526270
3.123353,25.067678
22.938577,6.829073
22.798000,7.303203
23.661120,6.534063
23.328176,6.973059
23.079853,6.356665
24.723933,5.184083
23.800141,7.059852
24.361027,6.706362
23.970552,5.531098
23.629629,5.963886
24.061667,7.710622
23.468565,8.085273
5.031371,23.858365
5.476223,23.662423
3.573258,24.402753
4.114687,24.513553
3.645673,25.003466
2.527576,24.480137
3.989263,24.052875
3.057627,24.645487
2.605665,25.132650
23.424353,4.911670
23.323072,5.395640
24.119848,4.557167
23.824894,5.022452
23.524971,4.429014
25.067985,3.124203
24.301895,5.070596
24.831420,4.671664
24.345714,3.532225
24.040962,3.992530
24.616546,5.697123
24.056352,6.119476
2.960872,23.751025
3.450628,23.687836
2.471053,23.811267
1.044012,25.240035
23.750432,2.961527
23.688809,3.450901
24.412739,2.550261
24.158809,3.037571
23.810439,2.471548
25.240600,1.044984
24.637956,3.046806
25.131609,2.604893
24.553607,1.510950
24.289313,1.993905
25.002891,3.645416
24.479237,4.110888
3.044468,24.193088
3.503438,24.033259
1.545205,24.614205
2.076427,24.769053
1.567126,25.219534
0.000000,24.428239
0.988586,23.914537
0.597387,23.928808
1.990371,24.301037
1.482325,23.892863
0.727405,24.700608
1.173718,24.878774
0.520416,25.261730
0.000000,24.851158
0.545565,24.325609
1.136696,24.318694
23.913790,0.989038
23.891574,1.482983
24.608251,0.000000
23.928728,0.597302
24.725007,0.761513
24.881900,1.233089
24.334515,1.013582
25.260979,0.519177
24.849131,0.000000
24.369328,0.000000
24.288817,0.506700
24.735302,2.075675
