22.318634,0.000000
22.240689,1.843059
22.012048,3.673098
21.633535,5.478641
21.106838,7.246530
20.436318,8.964846
19.626146,10.621767
18.681901,12.206241
17.610521,13.707046
16.417738,15.115211
15.114445,16.418477
13.706016,17.611531
12.205430,18.682944
10.621710,19.626654
8.964189,20.436581
7.246075,21.107431
5.478167,21.634032
3.673151,22.012537
1.842895,22.241880
-0.000000,22.319863
-0.000000,23.737168
1.960963,23.654815
3.907405,23.412868
5.827270,23.010117
7.707580,22.450072
9.534883,21.737032
11.297433,20.875429
12.983067,19.871665
14.579597,18.731339
16.076061,17.463653
17.463556,16.075924
18.731177,14.579448
19.871293,12.982906
20.875132,11.297146
21.736847,9.534936
22.449891,7.707291
23.009923,5.826798
23.412406,3.907327
23.654522,1.960140
23.735792,-0.000000
11.415007,19.157187
12.140934,20.375659
11.383587,19.998120
11.019820,19.392134
12.139822,19.478257
11.621098,19.548421
11.810598,18.920709
13.782327,19.303565
11.925698,19.961635
12.563035,20.123637
12.993517,18.993686
12.468606,19.048956
12.695186,19.477937
12.359963,19.797281
11.719244,20.626645
10.416979,21.308463
12.957648,18.149163
12.583417,18.416125
13.708616,18.412249
13.195000,18.524343
13.332536,17.881377
15.329071,18.099523
13.530972,18.910627
14.182397,19.017750
14.517622,17.855748
13.997959,17.955455
13.382873,19.588730
10.566343,20.489906
9.667771,20.899065
14.412164,17.016554
14.061181,17.314308
15.183026,17.217402
14.680096,17.371126
14.764408,16.718806
16.771279,16.771598
15.046170,17.728763
15.704064,17.781804
15.942831,16.595665
15.433210,16.737977
14.954113,18.416658
14.260509,18.362946
11.106259,20.452907
10.858637,21.092361
10.840280,20.032381
9.975522,21.523908
8.621514,22.095933
9.793996,20.033862
10.208461,19.831612
10.013036,20.458327
9.381049,20.236533
10.206336,20.898339
15.768065,15.768481
15.443184,16.093751
16.551696,15.904736
16.063849,16.099405
16.093921,15.442974
18.098951,15.329437
16.458938,16.425390
17.119018,16.424048
17.258414,15.222728
16.762408,15.406484
16.423720,17.119003
15.729036,17.121936
8.849340,21.321904
9.374031,21.318847
9.080264,21.916726
7.914832,21.620234
9.124345,20.871274
8.441766,21.677659
8.163932,22.273968
17.016258,14.412594
16.718890,14.764042
17.809154,14.483599
17.338795,14.717880
17.314506,14.060955
19.302988,13.782727
17.758878,15.010310
18.416758,14.954558
18.456832,13.745629
17.977588,13.969500
17.781577,15.704144
17.088313,15.765091
8.106098,20.774501
8.535275,20.606370
8.309036,21.211706
7.677744,20.942100
8.678643,20.949648
6.767140,22.732520
18.148427,12.957827
17.881411,13.332612
18.944443,12.963575
18.494876,13.235777
18.416454,12.583332
20.375041,12.141525
18.937888,13.492589
19.588751,13.382793
19.528655,12.174329
19.069631,12.437204
19.017474,14.182506
18.332179,14.300040
7.056414,21.973253
7.582510,22.016332
7.239211,22.591965
6.101732,22.200604
7.375463,21.551444
6.624287,22.299271
6.296671,22.872190
19.156364,11.415016
18.921025,11.810793
19.949826,11.354898
19.524538,11.663173
19.392560,11.019717
21.307972,10.417301
19.987288,11.882497
20.626723,11.719241
20.467241,10.520354
20.031542,10.819978
20.123620,12.563602
19.450581,12.737168
6.362949,21.373188
6.804699,21.240733
5.922063,21.504800
4.866673,23.213966
20.033679,9.794143
19.831696,10.208122
20.819518,9.668830
20.421109,10.011147
20.236222,9.380787
22.095491,8.622177
20.900046,10.191579
21.523984,9.975880
21.266091,8.794379
20.856641,9.128942
21.092178,10.858625
20.435477,11.087635
6.524846,21.825941
6.920716,21.597179
5.217831,22.481852
5.738288,22.567808
5.348829,23.112877
4.247450,22.628870
5.570072,22.087176
4.759958,22.770347
4.386564,23.314265
20.774076,8.106367
20.606910,8.535698
21.546874,7.916631
21.178205,8.290578
20.941769,7.677800
22.732072,6.767970
21.670303,8.431011
22.274195,8.164327
21.919710,7.008280
21.539316,7.375391
21.916831,9.079877
21.281417,9.362292
4.576205,21.825810
5.027180,21.730251
4.125840,21.920255
2.932973,23.536166
21.372703,6.362962
21.241451,6.804893
22.127254,6.110263
21.790585,6.513295
21.504363,5.922080
23.213330,4.867312
22.292454,6.612666
22.872394,6.297004
22.423625,5.174109
22.075075,5.571593
22.591706,7.238828
21.981833,7.572839
4.700479,22.290319
5.113433,22.094900
3.343841,22.836182
3.855170,22.964959
3.421948,23.475896
2.364632,22.901870
3.727124,22.471859
2.863755,23.085545
2.446711,23.597032
21.825238,4.576366
21.730766,5.027542
22.556325,4.261674
22.254389,4.691361
21.919268,4.125988
23.536106,2.933422
22.762411,4.749306
23.314139,4.386678
22.774305,3.304282
22.459404,3.729777
23.112587,5.348338
22.532346,5.731674
2.758570,22.129563
3.215451,22.071209
2.301689,22.186039
0.980214,23.698075
22.128919,2.759039
22.071556,3.215678
22.830308,2.384770
22.566035,2.837367
22.185196,2.302054
23.698021,0.980780
23.076995,2.853557
23.596087,2.446214
22.969149,1.413297
22.691228,1.862580
23.475238,3.421781
22.928556,3.850498
2.844269,22.602837
3.271417,22.441248
1.446010,23.033747
1.945575,23.204257
1.470941,23.678464
0.000000,22.829181
0.921159,22.281987
0.556787,22.295778
1.859532,22.703570
1.381599,22.262075
0.681259,23.120818
1.099384,23.313404
0.489228,23.718418
0.000000,23.281045
0.508600,22.719893
1.061871,22.715271
22.281120,0.921458
22.260890,1.382031
23.021864,0.000000
22.295343,0.556729
23.146424,0.712839
23.317150,1.154983
22.731431,0.946848
23.717562,0.488468
23.279298,0.000000
22.765783,0.000000
22.680238,0.472112
23.168145,1.944415
