22.323662,0.000000
22.245697,1.843474
22.017004,3.673925
21.638406,5.479875
21.111590,7.248163
20.440918,8.966866
19.630564,10.624160
18.686107,12.208990
17.614485,13.710133
16.421434,15.118616
15.117847,16.422175
13.709101,17.615498
12.208177,18.687153
10.624102,19.631075
8.966207,20.441184
7.247706,21.112186
5.479400,21.638905
3.673978,22.017495
1.843310,22.246891
-0.000000,22.324894
0.000000,23.741900
1.961355,23.659529
3.908185,23.417534
5.828432,23.014703
7.709116,22.454546
9.536783,21.741365
11.299685,20.879589
12.985655,19.875626
14.582502,18.735072
16.079264,17.467134
17.467035,16.079127
18.734908,14.582353
19.875252,12.985493
20.879290,11.299397
21.741177,9.536836
22.454363,7.708827
23.014507,5.827959
23.417069,3.908107
23.659234,1.960530
23.740520,-0.000000
11.417580,19.161507
12.143355,20.379724
11.385999,20.002358
11.022306,19.396505
12.142407,19.482406
11.623618,19.552662
11.813259,18.924975
13.785076,19.307416
11.928173,19.965779
12.565541,20.127650
12.996269,18.997709
12.471303,19.053079
12.697821,19.481980
12.362510,19.801359
11.721580,20.630760
10.419057,21.312714
12.960568,18.153256
12.586255,18.420276
13.711535,18.416169
13.197860,18.528362
13.335540,17.885409
15.332128,18.103133
13.533781,18.914552
14.185227,19.021543
14.520697,17.859530
14.000987,17.959340
13.385541,19.592638
10.568574,20.494232
9.669817,20.903487
14.415412,17.020390
14.064352,17.318211
15.186257,17.221068
14.683278,17.374894
14.767735,16.722576
16.774623,16.774944
15.049293,17.732443
15.707197,17.785349
15.946208,16.599180
15.436549,16.741599
14.957094,18.420332
14.263467,18.366757
11.108558,20.457145
10.860805,21.096567
10.842624,20.036713
9.977510,21.528203
8.623233,22.100341
9.796204,20.038378
10.210761,19.836084
10.015200,20.462750
9.383166,20.241095
10.208453,20.902675
15.771618,15.772037
15.446666,16.097378
16.555219,15.908122
16.067331,16.102896
16.097548,15.446457
18.102560,15.332495
16.462353,16.428799
17.122433,16.427323
17.262069,15.225953
16.766034,15.409818
16.426994,17.122419
15.732300,17.125490
8.851203,21.326394
9.375970,21.323258
9.082078,21.921097
7.916507,21.624810
9.126316,20.875786
8.443517,21.682155
8.165558,22.278412
17.020093,14.415844
16.722659,14.767369
17.812944,14.486682
17.342553,14.721072
17.318408,14.064126
19.306837,13.785476
17.762563,15.013425
18.420432,14.957540
18.460741,13.748541
17.981476,13.972523
17.785121,15.707278
17.091859,15.768363
8.107925,20.779185
8.537198,20.611015
8.310832,21.216291
7.679476,20.946821
8.680536,20.954218
6.768489,22.737055
18.152516,12.960748
17.885443,13.335616
18.948475,12.966335
18.498885,13.238648
18.420604,12.586170
20.379103,12.143948
18.941817,13.495390
19.592658,13.385461
19.532790,12.176909
19.073755,12.439895
19.021265,14.185336
18.335983,14.303009
7.057900,21.977882
7.584078,22.020888
7.240657,22.596471
6.103023,22.205303
7.377057,21.556104
6.625662,22.303896
6.297925,22.876753
19.160680,11.417589
18.925291,11.813454
19.954072,11.357316
19.528770,11.665702
19.396930,11.022203
21.312221,10.419379
19.991435,11.884963
20.630836,11.721577
20.471576,10.522583
20.035875,10.822319
20.127631,12.566110
19.454617,12.739812
6.364383,21.378007
6.806232,21.245521
5.923400,21.509648
4.867642,23.218597
20.038193,9.796351
19.836166,10.210422
20.823948,9.670889
20.425536,10.013319
20.240782,9.382903
22.099896,8.623898
20.904383,10.193694
21.528276,9.977868
21.270594,8.796242
20.861152,9.130917
21.096382,10.860793
20.439717,11.089936
6.526257,21.830660
6.922225,21.601889
5.218930,22.486588
5.739474,22.572478
5.349899,23.117487
4.248350,22.633659
5.571275,22.091951
4.760946,22.775069
4.387437,23.318915
20.778758,8.108194
20.611555,8.537622
21.551459,7.918317
21.182795,8.292376
20.946488,7.679533
22.736605,6.769320
21.674799,8.432761
22.278637,8.165954
21.924352,7.009765
21.543975,7.376987
21.921200,9.081690
21.285832,9.364236
4.577236,21.830732
5.028312,21.735149
4.126772,21.925197
2.933557,23.540860
21.377519,6.364396
21.246239,6.806426
22.131963,6.111564
21.795308,6.514708
21.509208,5.923417
23.217958,4.868283
22.297079,6.614038
22.876955,6.298259
22.428373,5.175205
22.079850,5.572799
22.596210,7.240274
21.986394,7.574412
4.701495,22.295138
5.114548,22.099718
3.344546,22.840993
3.855966,22.969711
3.422633,23.480579
2.365133,22.906716
3.727930,22.476717
2.864350,23.090332
2.447198,23.601739
21.830156,4.577397
21.735663,5.028675
22.561125,4.262581
22.259213,4.692379
21.924207,4.126920
23.540799,2.934006
22.767134,4.750292
23.318788,4.387551
22.779128,3.304982
22.464262,3.730584
23.117194,5.349407
22.537021,5.732864
2.759192,22.134553
3.216174,22.076183
2.302210,22.191040
0.980409,23.702802
22.133906,2.759662
22.076530,3.216402
22.835166,2.385278
22.570927,2.837983
22.190194,2.302576
23.702747,0.980977
23.081783,2.854150
23.600791,2.446700
22.974012,1.413597
22.696137,1.862984
23.479919,3.422467
22.933312,3.851296
2.844884,22.607724
3.272130,22.446142
1.446315,23.038600
1.945976,23.209059
1.471236,23.683188
0.000000,22.834094
0.921366,22.287011
0.556912,22.300803
1.859934,22.708480
1.381909,22.267093
0.681401,23.125668
1.099612,23.318207
0.489324,23.723149
0.000000,23.285864
0.508714,22.724829
1.062101,22.720199
22.286142,0.921665
22.265905,1.382342
23.026733,0.000000
22.300367,0.556853
23.151267,0.712988
23.321949,1.155222
22.736355,0.947053
23.722291,0.488562
23.284112,0.000000
22.770709,0.000000
22.685180,0.472218
23.172952,1.944817
