22.655479,-0.000000
22.576167,1.870866
22.344068,3.728473
21.959807,5.561292
21.425152,7.355854
20.744523,9.100093
19.922126,10.782004
18.963625,12.390371
17.876078,13.913817
16.665317,15.343217
15.342369,16.666133
13.912667,17.877195
12.389464,18.964776
10.781952,19.922674
9.099363,20.744803
7.355353,21.425788
5.560767,21.960319
3.728552,22.344549
1.870698,22.577409
-0.000000,22.656746
-0.000000,24.054209
1.987248,23.970700
3.959644,23.725552
5.905142,23.317431
7.810568,22.749918
9.662249,22.027358
11.448377,21.154253
13.156508,20.137070
14.774346,18.981499
16.290790,17.696890
17.696802,16.290613
18.981340,14.774161
20.136683,13.156308
21.153942,11.448037
22.027164,9.662296
22.749733,7.810242
23.317250,5.904615
23.725085,3.959582
23.970468,1.986341
24.052791,0.000000
11.587337,19.446434
12.303225,20.648067
11.545200,20.281984
11.186317,19.684790
12.313032,19.756147
11.789922,19.832464
11.988810,19.206347
13.966560,19.561634
12.091562,20.239236
12.731054,20.392534
13.177911,19.263237
12.649357,19.325078
12.871777,19.748827
12.530670,20.070513
11.875851,20.902427
10.556251,21.593341
13.153249,18.423173
12.773511,18.694047
13.904168,18.674850
13.386629,18.793467
13.533740,18.151365
15.533985,18.341500
13.719164,19.173578
14.372093,19.271897
14.723680,18.109128
14.200839,18.215694
13.561714,19.850639
10.715812,20.779672
9.804857,21.195284
14.629714,17.273433
14.273587,17.575600
15.399555,17.462956
14.893282,17.623478
14.987273,16.971258
16.995473,16.995807
15.255443,17.975294
15.914102,18.019431
16.169112,16.831197
15.656903,16.980584
15.153901,18.662919
14.458807,18.618325
11.260396,20.736820
11.003958,21.374260
10.997274,20.322514
10.108768,21.811678
8.736747,22.391340
9.941847,20.336285
10.362563,20.131035
10.158051,20.754607
9.522845,20.542028
10.348223,21.188851
16.006084,16.006539
15.676432,16.336627
16.787760,16.131593
16.297148,16.333293
16.336839,15.676169
18.340877,15.534378
16.687838,16.653783
17.347964,16.643530
17.503355,15.438777
17.005363,15.629794
16.643177,17.347940
15.947761,17.360064
8.974152,21.622642
9.503951,21.614346
9.201861,22.209614
8.027086,21.926773
9.256413,21.173504
8.559113,21.978855
8.272940,22.571740
17.273116,14.630187
16.971379,14.986839
18.063135,14.690183
17.590610,14.931704
17.575847,14.273299
19.561010,13.966994
18.005853,15.219026
18.663045,15.154388
18.718780,13.940709
18.238147,14.171972
18.019198,15.914184
17.325937,15.984357
8.228467,21.088130
8.664039,20.917413
8.429374,21.518818
7.793807,21.258244
8.805461,21.255726
6.857547,23.036430
18.422370,13.153444
18.151438,13.533805
19.214613,13.148486
18.763472,13.428067
18.694445,12.773392
20.647393,12.303875
19.201245,13.680206
19.850685,13.561612
19.805816,12.347129
19.346021,12.617469
19.271614,14.372214
18.587090,14.498934
7.156009,22.283353
7.687581,22.321606
7.336185,22.893914
6.188262,22.515351
7.482228,21.863539
6.716398,22.609121
6.380724,23.177931
19.445533,11.587341
19.206740,11.989019
20.234347,11.516888
19.808105,11.832627
19.685296,11.186191
21.592809,10.556596
20.265245,12.047731
20.902534,11.875833
20.757728,10.669684
20.321888,10.976805
20.392549,12.731689
19.721047,12.914337
6.459010,21.695847
6.907370,21.561314
6.011618,21.829441
4.931655,23.524306
20.336103,9.942003
20.131150,10.362169
21.116443,9.806771
20.717712,10.156610
20.541686,9.522530
22.390863,8.737477
21.190700,10.333301
21.811783,10.109157
21.567916,8.919214
21.158942,9.261253
21.374084,11.003932
20.719655,11.241880
6.619366,22.141979
7.021796,21.912607
5.291467,22.799117
5.817770,22.880701
5.420537,23.421799
4.307692,22.949695
5.650691,22.407001
4.826160,23.086728
4.445099,23.625901
21.087678,8.228748
20.918053,8.664498
21.854162,8.029583
21.485813,8.411044
21.257890,7.793852
23.035953,6.858483
21.971671,8.548255
22.572015,8.273378
22.230803,7.107770
21.851512,7.482274
22.209766,9.201409
21.577359,9.492540
4.645289,22.155307
5.103004,22.058206
4.188263,22.251168
2.972079,23.850773
21.695339,6.458999
21.562164,6.907574
22.442833,6.197456
22.107079,6.607932
21.828982,6.011618
23.523638,4.932382
22.602461,6.704614
23.178192,6.381100
22.741850,5.247544
22.395038,5.652336
22.893668,7.335741
22.287523,7.678202
4.768581,22.613063
5.188122,22.417599
3.391027,23.158415
3.908522,23.283350
3.467899,23.789706
2.398146,23.226537
3.781077,22.797270
2.903619,23.406293
2.479367,23.912487
22.154722,4.645450
22.058844,5.103395
22.878005,4.322469
22.577657,4.759511
22.250109,4.188416
23.850786,2.972608
23.078953,4.815370
23.625818,4.445227
23.097569,3.351173
22.784926,3.783858
23.421533,5.419980
22.845699,5.811411
2.800250,22.463661
3.263914,22.404301
2.336580,22.520908
0.993321,24.014834
22.463019,2.800762
22.404775,3.264152
23.155871,2.418817
22.893892,2.878574
22.520056,2.336975
24.014898,0.993972
23.397955,2.893292
23.911511,2.478812
23.295094,1.433384
23.020154,1.889608
23.789051,3.467716
23.247394,3.904033
2.885471,22.930155
3.319183,22.768988
1.466403,23.358841
1.972477,23.525978
1.490698,23.995048
0.000000,23.158268
0.935042,22.618374
0.565138,22.632249
1.886457,23.032371
1.402358,22.598083
0.690752,23.445744
1.114666,23.635223
0.495640,24.035452
0.000000,23.603864
0.516211,23.050433
1.077276,23.045324
22.617518,0.935375
22.596862,1.402838
23.348188,0.000000
22.631879,0.565072
23.471074,0.722852
23.638820,1.171036
23.061391,0.960592
24.034606,0.494778
23.602036,0.000000
23.095837,0.000000
23.011384,0.479235
23.490369,1.971402
