20.997079,-0.000000
20.924677,1.733967
20.709576,3.455877
20.353625,5.154425
19.858146,6.817683
19.227272,8.434311
18.465063,9.993219
17.576768,11.483981
16.568826,12.895974
15.446572,14.220838
14.220386,15.447026
12.895419,16.569422
11.483542,17.577396
9.993122,18.465454
8.433942,19.227549
6.817409,19.858625
5.154149,20.354127
3.455834,20.710161
1.733843,20.925682
-0.000000,20.998148
-0.000000,22.498791
1.858256,22.421092
3.703327,22.191645
5.523100,21.809867
7.305309,21.278981
9.037418,20.603107
10.707860,19.786408
12.305644,18.835055
13.818955,17.754296
15.237381,16.552710
16.552554,15.237419
17.754093,13.818967
18.834728,12.305647
19.786121,10.707798
20.602875,9.037497
21.278722,7.305194
21.809533,5.522872
22.191109,3.703234
22.420503,1.857828
22.497629,-0.000000
10.738979,18.022494
11.507051,19.311661
10.751027,18.887103
10.366681,18.244082
11.461758,18.390408
10.959768,18.435730
11.111463,17.800216
13.062740,18.295585
11.276966,18.875890
11.906787,19.073356
12.271826,17.938711
11.760627,17.967441
12.004520,18.418467
11.692469,18.728906
11.107510,19.549502
9.872998,20.195754
12.190340,17.074269
11.837744,17.325879
12.943110,17.384300
12.444358,17.470129
12.543220,16.822290
14.528709,17.154399
12.794912,17.882206
13.441468,18.025087
13.711128,16.864098
13.203321,16.936186
12.684301,18.565783
9.981405,19.355949
9.131250,19.739778
13.558764,16.008900
13.227985,16.289306
14.335408,16.256199
13.845033,16.382639
13.890098,15.728526
15.895611,15.895870
14.227668,16.764561
14.883691,16.853664
15.057193,15.673857
14.557060,15.787760
14.173754,17.454852
13.484974,17.364164
10.503479,19.342571
10.291036,19.991280
10.225399,18.896000
9.455055,20.399932
8.171464,20.942106
9.214000,18.847505
9.603872,18.657055
9.445068,19.297856
8.824815,19.038119
9.651408,19.762101
14.834360,14.834654
14.528209,15.140989
15.627612,15.016704
15.149978,15.183244
15.140949,14.528235
17.154018,14.528968
15.563665,15.532119
16.224780,15.566781
16.299739,14.377171
15.810797,14.531852
15.566535,16.224861
14.873611,16.190624
8.360961,20.145090
8.865977,20.163295
8.605332,20.772735
7.475509,20.420547
8.607079,19.687550
7.982805,20.499673
7.738141,21.110952
16.008646,13.559051
15.728428,13.890039
16.814921,13.674931
16.352392,13.880315
16.289261,13.228006
18.295180,13.062998
16.792909,14.194006
17.454790,14.174040
17.431595,12.982144
16.957019,13.176489
16.853443,14.883803
16.158967,14.907548
7.626090,19.544198
8.030113,19.386234
7.837718,20.008849
7.222463,19.701919
8.181735,19.750456
6.414055,21.545503
17.073782,12.190496
16.822145,12.543349
17.886825,12.239738
17.442730,12.482568
17.325876,11.837800
19.311233,11.507391
17.907833,12.758804
18.565653,12.684333
18.443848,11.498033
17.987042,11.731169
18.024818,13.441573
17.335218,13.522176
6.666698,20.759801
7.171642,20.822531
6.860464,21.412572
5.763085,20.968807
6.957295,20.329071
6.264029,21.087448
5.968360,21.678058
18.021960,10.739043
17.800189,11.111621
18.836005,10.720778
18.413723,10.999399
18.244118,10.366702
20.195378,9.873212
18.900107,11.236241
19.549393,11.107576
19.330254,9.935900
18.894262,10.205727
19.073186,11.907100
18.392767,12.044258
5.986136,20.107463
6.401892,19.983209
5.570781,20.231312
4.612892,22.001851
18.847261,9.214133
18.656941,9.603785
19.657120,9.128843
19.259209,9.441342
19.037837,8.824775
20.941739,8.171821
19.763188,9.637275
20.399812,9.455276
20.084730,8.305795
19.672523,8.610709
19.991031,10.291091
19.324005,10.484364
6.154657,20.588116
6.524669,20.361392
4.929709,21.240365
5.427489,21.344237
5.068778,21.906262
4.011693,21.373289
5.254312,20.834549
4.501024,21.532995
4.157915,22.097111
19.543818,7.626295
19.386298,8.030384
20.343916,7.474458
19.973189,7.818694
19.701588,7.222566
21.545089,6.414440
20.491534,7.972444
21.110887,7.738355
20.702076,6.618888
20.316455,6.956756
20.772601,8.605209
20.123911,8.852878
4.305223,20.533263
4.729709,20.443811
3.881011,20.622173
2.780242,22.307393
20.107006,5.986226
19.983308,6.402048
20.891860,5.768940
20.550761,6.142579
20.230873,5.570863
22.001268,4.613164
21.079907,6.253042
21.677926,5.968516
21.178095,4.886709
20.821788,5.255338
21.412225,6.860322
20.786219,7.160763
4.433760,21.026238
4.820790,20.830642
3.159224,21.575274
3.646557,21.719887
3.242506,22.250171
2.233507,21.631267
3.515811,21.197334
2.707836,21.831120
2.319143,22.364928
20.532682,4.305364
20.443746,4.729942
21.297045,4.023691
20.988041,4.424406
20.621400,3.881134
22.306969,2.780391
21.524332,4.490920
22.096734,4.157954
21.509055,3.120761
21.184351,3.517939
21.905830,5.068552
21.306769,5.419816
2.595078,20.818961
3.025307,20.764606
2.164857,20.872441
0.929009,22.460855
20.818254,2.595347
20.764374,3.025470
21.555889,2.251504
21.281689,2.675969
20.871611,2.165074
22.460314,0.929238
21.821627,2.698151
22.364070,2.318885
21.693442,1.334683
21.402849,1.756724
22.249477,3.242402
21.681524,3.641139
2.682925,21.320814
3.084277,21.157235
1.366276,21.761589
1.840374,21.946157
1.393772,22.441890
-0.000000,21.540440
0.866758,20.962369
0.524116,20.975906
1.754104,21.415747
1.300147,20.944039
0.644108,21.849485
1.039634,22.055013
0.464150,22.480138
0.000000,22.018598
0.478772,21.425005
1.001503,21.422397
20.961462,0.866911
20.943004,1.300372
21.744759,0.000000
20.975198,0.524093
21.876261,0.673654
22.059403,1.092241
21.438980,0.892968
22.479238,0.463805
22.017246,0.000000
21.472943,0.000000
21.382813,0.444187
21.907901,1.838873
