23.777337,0.000000
23.693583,1.963481
23.449963,3.912915
23.046570,5.836586
22.485407,7.719994
21.771109,9.550568
20.907993,11.315721
19.902012,13.003674
18.760619,14.602528
17.489979,16.102650
16.101560,17.491013
14.601006,18.762050
13.002468,19.903467
11.315696,20.908625
9.549608,21.771413
7.719341,22.486137
5.835892,23.047085
3.913081,23.450376
1.963314,23.694933
0.000000,23.778666
-0.000000,25.113721
2.075074,25.026436
4.134204,24.770586
6.165381,24.344514
8.154755,23.752035
10.087925,22.997654
11.952848,22.086104
13.736185,21.024066
15.425236,19.817562
17.008460,18.476397
18.476364,17.008136
19.817438,15.424926
21.023672,13.735848
22.085780,11.952335
22.997454,10.087957
23.751864,8.154327
24.344404,6.164702
24.770124,4.134223
25.026444,2.073927
25.112264,0.000000
12.161326,20.409792
12.845624,21.558454
12.084443,21.229118
11.740886,20.659510
12.890891,20.683204
12.352858,20.779546
12.582362,20.157719
14.582293,20.424096
12.645300,21.165980
13.292612,21.291186
13.793186,20.162631
13.252114,20.245839
13.461348,20.653188
13.100695,20.982865
12.399221,21.824107
11.021718,22.545391
13.804755,19.335795
13.406688,19.619693
14.556578,19.550930
14.025620,19.690816
14.203879,19.050610
16.218842,19.150187
14.347445,20.051429
15.006086,20.121255
15.411233,18.954582
14.877398,19.083513
14.159392,20.725961
11.214592,21.746603
10.262281,22.183694
15.354323,18.129024
14.981084,18.445858
16.121953,18.282167
15.604168,18.464925
15.729548,17.812104
17.744764,17.745114
15.954107,18.798326
16.616082,18.813584
16.924149,17.617094
16.402870,17.789597
15.821607,19.485962
15.120864,19.470918
11.775043,21.684701
11.489645,22.316355
11.520834,21.290009
10.554070,22.773417
9.121892,23.378584
10.434307,21.343538
10.875794,21.128325
10.641657,21.742590
9.995138,21.559508
10.821928,22.158706
16.798871,16.799433
16.453335,17.145550
17.575332,16.888421
17.075094,17.113173
17.145908,16.452879
19.149430,16.219300
17.452031,17.416263
18.113133,17.377042
18.320659,16.159658
17.815568,16.374465
17.376619,18.113083
16.678009,18.155062
9.390695,22.626233
9.937747,22.600972
9.608253,23.188436
8.401658,22.949603
9.696838,22.181359
8.950882,22.984391
8.637245,23.566912
18.128654,15.354926
17.812376,15.728884
18.910484,15.379390
18.430297,15.644686
18.446281,14.980563
20.423357,14.582821
18.830388,15.915822
19.486173,15.822214
19.592827,14.591633
19.107058,14.847160
18.813351,16.616175
18.119286,16.716390
8.636068,22.132706
9.092888,21.953402
8.830685,22.542939
8.180399,22.311192
9.228246,22.276141
7.159719,24.052096
19.334813,13.804996
19.050844,14.203896
20.115973,13.765384
19.659118,14.069253
19.620334,13.406443
21.557629,12.846452
20.080476,14.306563
20.726107,14.159220
20.730622,12.923711
20.267720,13.218605
20.120980,15.006253
19.438152,15.162951
7.488386,23.318176
8.038416,23.340849
7.660297,23.903007
6.476998,23.565575
7.838268,22.904277
7.023913,23.643551
6.661632,24.199736
20.408686,12.161318
20.158391,12.582615
21.183578,12.057314
20.753660,12.397664
20.660293,11.740684
22.544764,11.022121
21.193208,12.599362
21.824326,12.399157
21.726992,11.167954
21.290118,11.499782
21.291341,13.293464
20.624043,13.505830
6.778981,22.770500
7.249307,22.629076
6.309920,22.910702
5.148857,24.561466
21.343403,10.434488
21.128558,10.875226
22.107052,10.266961
21.706733,10.641648
21.559078,9.994647
23.378027,9.122815
22.161048,10.806436
22.773640,10.554558
22.575018,9.335753
22.167039,9.702474
22.316242,11.489576
21.668420,11.756836
6.934583,23.195856
7.358781,22.964220
5.537221,23.857858
6.083167,23.925395
5.660207,24.454196
4.508711,24.020202
5.919539,23.473528
5.047173,24.142971
4.640723,24.667411
22.132214,8.636375
21.954394,9.093453
22.879349,8.406405
22.511534,8.812739
22.310786,8.180399
24.051560,7.160991
22.977790,8.939673
23.567363,8.637821
23.268832,7.439739
22.892612,7.838702
23.188786,9.607598
22.565399,9.927379
4.875406,23.252730
5.355533,23.150536
4.396199,23.353319
3.102784,24.902212
22.769959,6.778877
22.630385,7.249545
23.495690,6.488354
23.162427,6.923495
22.910201,6.309863
24.560738,5.149859
23.637430,7.011588
24.200207,6.662138
23.803691,5.492587
23.462040,5.921592
23.902864,7.659649
23.308109,8.029966
4.995696,23.689309
5.437122,23.493459
3.548506,24.233738
4.086673,24.346397
3.621498,24.838433
2.509996,24.309877
3.961001,23.882419
3.036704,24.477119
2.588494,24.966743
23.252156,4.875560
23.151606,5.356005
23.951219,4.525296
23.655598,4.986759
23.352064,4.396377
24.902493,3.103589
24.135751,5.035921
24.667504,4.640879
24.176214,3.507636
23.870462,3.964203
24.454071,5.659438
23.891874,6.077621
2.939085,23.576411
3.425306,23.513737
2.452812,23.636245
1.037120,25.073442
23.575824,2.939722
23.514657,3.425575
24.242067,2.532411
23.987115,3.015987
23.635424,2.453294
25.073952,1.038050
24.469496,3.025949
24.965722,2.587751
24.382697,1.500415
24.117033,1.979746
24.837856,3.621253
24.311881,4.082782
3.022883,24.021640
3.478430,23.861654
1.534497,24.443695
2.062302,24.600148
1.556733,25.053042
0.000000,24.255815
0.981320,23.738731
0.593007,23.752943
1.976262,24.128809
1.471482,23.717238
0.722427,24.530153
1.165694,24.709795
0.517049,25.094990
-0.000000,24.681680
0.541581,24.152514
1.128632,24.145838
23.737980,0.981757
23.715969,1.472116
24.437123,0.000000
23.752835,0.592924
24.554682,0.756262
24.712992,1.224656
24.161699,1.006392
25.094237,0.515860
24.679687,0.000000
24.196461,0.000000
24.115440,0.502973
24.566167,2.061508
