27.502246,-0.000000
27.404597,2.271130
27.122760,4.525596
26.655974,6.750975
26.006832,8.929486
25.180705,11.046754
24.182366,13.088386
23.018731,15.040688
21.698527,16.889960
20.229031,18.624920
18.623161,20.230650
16.887355,21.700822
15.038615,23.020977
13.088458,24.183160
11.045042,25.181127
8.928287,26.007794
6.749651,26.656498
4.525930,27.123053
2.271019,27.406272
0.000000,27.503719
0.000000,28.665260
2.369291,28.566021
4.719100,28.274185
7.037621,27.787913
9.308466,27.111698
11.514945,26.250603
13.644004,25.210096
15.679599,23.997616
17.607356,22.620441
19.414458,21.089695
21.089879,19.413647
22.620447,17.606688
23.997306,15.678820
25.209735,13.643041
26.250279,11.515053
27.111462,9.307952
27.787918,7.036716
28.273544,4.719657
28.566622,2.367697
28.664019,0.000000
14.067665,23.608981
14.664036,24.610301
13.883945,24.389925
13.582724,23.896586
14.818602,23.775677
14.228103,23.934211
14.553344,23.317445
16.646533,23.315246
14.496051,24.263420
15.175317,24.303688
15.846616,23.164229
15.260490,23.313680
15.432050,23.675988
15.006966,24.034014
14.153493,24.914017
12.582204,25.736855
15.968521,22.366619
15.509684,22.693739
16.733033,22.473540
16.154318,22.679930
16.429234,22.037190
18.514784,21.861095
16.447345,22.985519
17.131487,22.968508
17.705749,21.776267
17.131704,21.975097
16.162761,23.660482
12.879588,24.974478
11.788931,25.482766
17.760881,20.970618
17.330891,21.335915
18.531920,21.015097
17.972433,21.267942
18.194342,20.604779
20.256702,20.256951
18.289261,21.549153
18.969398,21.475745
19.443918,20.239934
18.888456,20.485172
18.059901,22.245295
17.333967,22.320741
13.495734,24.853393
13.117900,25.474465
13.265594,24.513712
12.046735,25.997595
10.413297,26.688036
12.069914,24.688621
12.579870,24.440578
12.253194,25.034394
11.563752,24.938490
12.405314,25.400275
19.431863,19.432717
19.033586,19.831897
20.202752,19.413150
19.666669,19.711105
19.832573,19.032561
21.859999,18.515355
20.006202,19.964698
20.678214,19.835914
21.048227,18.565514
20.515166,18.855689
19.835248,20.678298
19.119011,20.812355
10.781592,25.976901
11.388190,25.899751
10.970589,26.469681
9.651860,26.363413
11.164470,25.539737
10.260352,26.345350
9.858395,26.903208
20.970037,17.761922
20.605478,18.193086
21.737276,17.678594
21.227556,18.019793
21.336768,17.329586
23.314268,16.647243
21.586235,18.244763
22.245583,18.060833
22.509780,16.764058
22.002255,17.096909
21.475524,18.969666
20.771200,19.163243
9.989990,25.601765
10.516848,25.394141
10.167948,25.955319
9.464409,25.807959
10.635871,25.673871
8.172937,27.456897
22.365182,15.968980
22.037924,16.429106
23.122963,15.823327
22.642777,16.205245
22.694975,15.509035
24.609030,14.665313
23.019121,16.400091
23.660795,16.162466
23.816931,14.848024
23.338793,15.221647
22.968273,17.131947
22.282965,17.382478
8.598176,26.773033
9.211540,26.748522
8.746909,27.285620
7.440690,27.070842
9.024665,26.372130
8.051741,27.101102
7.603279,27.625312
23.607411,14.067677
23.318922,14.553777
24.350217,13.860144
23.903531,14.279966
23.898007,13.582382
25.735996,12.582678
24.294687,14.443130
24.914403,14.153360
24.961640,12.830898
24.516173,13.242391
24.304329,15.176868
23.642445,15.482949
7.841841,26.339433
8.384586,26.175392
7.300724,26.501577
5.877239,28.038393
24.688727,12.070207
24.441021,12.578875
25.411688,11.802110
25.001381,12.257460
24.937589,11.562744
26.687272,10.414594
25.404191,12.387839
25.998014,12.047510
25.935978,10.725945
25.525929,11.172675
25.474572,13.117783
24.839751,13.478092
7.985005,26.707299
8.480744,26.466025
6.357859,27.392578
6.970640,27.418260
6.463775,27.914951
5.179643,27.593194
6.815409,27.027401
5.785819,27.673502
5.296452,28.159059
25.601237,9.990286
25.396145,10.517724
26.299380,9.663402
25.928414,10.150970
25.807249,9.464280
27.456147,8.175144
26.340474,10.247942
26.904025,9.859398
26.732999,8.547662
26.361496,9.026417
26.470719,10.969439
25.867974,11.380859
5.639827,26.897278
6.193981,26.778501
5.086961,27.013616
3.541061,28.427174
26.338838,7.841354
26.178037,8.384981
27.008051,7.458775
26.677977,7.974759
26.500852,7.300556
28.037469,5.878988
27.096563,8.037660
27.626271,7.604125
27.347394,6.310510
27.017171,6.818800
27.285985,8.745631
26.719503,9.205800
5.752526,27.275337
6.266143,27.076055
4.074359,27.823936
4.682429,27.900608
4.136666,28.353861
2.883441,27.925820
4.560587,27.498268
3.481481,28.056499
2.954259,28.500976
26.896803,5.639887
26.780807,6.194633
27.531475,5.201921
27.246380,5.743859
27.011686,5.087279
28.428103,3.542847
27.667917,5.773053
28.159590,5.296537
27.775900,4.029812
27.487336,4.565117
27.915393,6.462371
27.388805,6.967461
3.400264,27.271909
3.961055,27.198512
2.838979,27.340432
1.183913,28.622346
27.271429,3.401211
27.200698,3.961404
27.865827,2.911371
27.628612,3.473905
27.339776,2.839669
28.624181,1.185687
28.050830,3.469346
28.499823,2.952868
28.012378,1.724205
27.771541,2.280162
28.353714,4.136078
27.869991,4.680423
3.480860,27.658358
4.008682,27.500257
1.762203,28.065588
2.362655,28.191583
1.778230,28.599536
0.000000,27.914412
1.135308,27.459375
0.686029,27.475209
2.275692,27.782165
1.700746,27.434371
0.828169,28.151631
1.336314,28.303353
0.588714,28.647079
0.000000,28.285265
0.625988,27.823317
1.299581,27.811868
27.459012,1.136013
27.433031,1.701896
28.071897,0.000000
27.475834,0.685904
28.174013,0.867765
28.305521,1.404034
27.827382,1.158732
28.646604,0.586515
28.283067,0.000000
27.863410,0.000000
27.791833,0.581908
28.162084,2.362780
