20.040288,-0.000000
19.972107,1.654944
19.766707,3.298557
19.427033,4.919636
18.954093,6.507141
18.351892,8.050156
17.624431,9.538155
16.776719,10.961123
15.814779,12.308846
14.743626,13.573403
13.573275,14.743776
12.308734,15.814959
10.961035,16.776925
9.538096,17.624652
8.050098,18.352134
6.507098,18.954373
4.919602,19.427343
3.298541,19.767047
1.654931,19.972485
0.000000,20.040677
-0.000000,21.607744
1.784320,21.533587
3.556493,21.313192
5.304322,20.946538
7.015990,20.436634
8.679666,19.787488
10.283848,19.003103
11.818495,18.089491
13.271998,17.051659
14.634345,15.897639
15.897521,14.634434
17.051514,13.272064
18.089313,11.818542
19.002900,10.283876
19.787259,8.679686
20.436374,7.015989
20.946243,5.304308
21.312858,3.556479
21.533228,1.784295
21.607351,0.000000
10.249592,17.200834
11.051183,18.546336
10.294676,18.085430
9.893870,17.412748
10.972459,17.605238
10.482065,17.631781
10.605323,16.988890
12.545265,17.570613
10.809459,18.093305
11.434857,18.317913
11.751232,17.177556
11.249319,17.186200
11.506830,17.654874
11.211643,17.959164
10.667519,18.774739
9.481771,19.395338
11.634920,16.295979
11.298010,16.536454
12.390770,16.642478
11.902194,16.708515
11.971842,16.055488
13.953194,16.474685
12.264502,17.141027
12.908656,17.311143
13.129385,16.148722
12.629478,16.200006
12.181885,17.830070
9.559501,18.537879
8.744217,18.903341
12.941040,15.279395
12.624923,15.547184
13.723849,15.562600
13.241946,15.668597
13.257181,15.011609
15.265959,15.266070
13.637894,16.069710
14.293795,16.186169
14.418380,15.008886
13.924373,15.101480
13.612593,16.763192
12.926195,16.644398
10.069172,18.542342
9.882834,19.199230
9.781353,18.075093
9.080713,19.591433
7.847831,20.112106
8.794116,17.988435
9.166120,17.806567
9.034896,18.459531
8.422142,18.170309
9.251520,18.943094
14.158488,14.158620
13.865916,14.451205
14.960882,14.375903
14.489950,14.521470
14.451078,13.866032
16.474545,13.953281
14.918579,14.888392
15.581769,14.950257
15.608227,13.767197
15.123595,13.900181
14.950154,15.581877
14.257283,15.519511
8.008770,19.296177
8.499934,19.330560
8.263785,19.949804
7.158605,19.554935
8.233509,18.832465
7.652058,19.650598
7.431901,20.274387
15.279242,12.941151
15.011467,13.257282
16.097545,13.091402
15.639950,13.275319
15.547033,12.625018
17.570446,12.545332
16.096864,13.605746
16.763059,13.612676
16.692023,12.431364
16.219973,12.603760
16.186042,14.293881
15.489372,14.289601
7.278615,18.653299
7.664361,18.502732
7.497344,19.139932
6.892885,18.803858
7.822646,18.883752
6.160149,20.691632
16.295791,11.635005
16.055320,11.971931
17.123647,11.717386
16.682748,11.938489
16.536281,11.298088
18.546140,11.051236
17.165556,12.229978
17.829907,12.181938
17.661218,11.010108
17.205133,11.221223
17.310987,12.908721
16.616869,12.961625
6.385645,19.884439
6.875636,19.962195
6.588101,20.564148
5.518807,20.080024
6.655287,19.446037
6.004409,20.213980
5.732227,20.819100
17.200619,10.249657
16.988703,10.605396
18.032179,10.263121
17.611268,10.519876
17.412551,9.893930
19.395116,9.481804
18.116569,10.770444
18.774550,10.667557
18.509895,9.514190
18.072761,9.762024
18.317734,11.434912
17.630497,11.544886
5.713364,19.190903
6.110237,19.072644
5.316509,19.309144
4.430394,21.129912
17.988207,8.794170
17.806351,9.166168
18.818180,8.739088
18.419785,9.029661
18.170073,8.422186
20.111856,7.847857
18.943778,9.237719
19.591215,9.080743
19.232346,7.953245
18.817156,8.236334
19.199021,9.882864
18.522974,10.049545
5.887328,19.693912
6.238486,19.468275
4.721939,20.344762
5.203579,20.462454
4.867389,21.038242
3.841637,20.467313
5.026269,19.929666
4.314410,20.641112
3.993436,21.221567
18.653038,7.278661
18.502496,7.664413
19.475719,7.155291
19.102616,7.477747
18.803592,6.892924
20.691349,6.160165
19.641908,7.641893
20.274143,7.431918
19.823556,6.337913
19.433141,6.654323
19.949571,8.263793
19.289654,8.485689
4.109080,19.597243
4.514343,19.512296
3.703830,19.682164
2.670384,21.423433
19.190610,5.713396
19.072381,6.110273
20.000332,5.522590
19.655082,5.874716
19.308845,5.316537
21.129590,4.430398
20.205990,5.993832
20.818821,5.732231
20.279537,4.679351
19.916557,5.026865
20.563875,6.588097
19.924526,6.863749
4.241158,20.113050
4.609327,19.916940
3.026101,20.665626
3.496269,20.822562
3.113467,21.368341
2.138957,20.714415
3.363202,20.276571
2.595456,20.926881
2.227348,21.478539
19.596916,4.109105
19.511997,4.514373
20.388351,3.851936
20.073289,4.231520
19.681822,3.703851
21.423090,2.670381
20.632120,4.304693
21.221246,3.993430
20.596352,2.988354
20.263477,3.364892
21.037933,4.867374
20.423553,5.195045
2.476746,19.869811
2.887638,19.818430
2.065854,19.921153
0.892155,21.570706
19.869454,2.476769
19.818099,2.887658
20.636421,2.155345
20.353986,2.559371
19.920786,2.065873
21.570340,0.892161
20.917027,2.586158
21.478172,2.227329
20.773294,1.277965
20.472439,1.680264
21.367993,3.113454
20.782919,3.490283
2.566438,20.394580
2.949065,20.229199
1.308837,20.843706
1.764570,21.039385
1.338243,21.552185
0.000000,20.609501
0.827458,20.006600
0.500569,20.020034
1.677990,20.485298
1.241189,19.989542
0.617302,20.932366
0.996587,21.148098
0.446064,21.589237
-0.000000,21.108579
0.457211,20.489129
0.957873,20.488112
20.006219,0.827468
19.989158,1.241204
20.823703,0.000000
20.019661,0.500570
20.960649,0.645390
21.153572,1.047083
20.505625,0.853988
21.588856,0.446048
21.108175,0.000000
20.539262,0.000000
20.445488,0.423982
20.999890,1.762823
