24.149012,-0.000000
24.063820,1.994168
23.816382,3.974031
23.406655,5.927805
22.836712,7.840653
22.111257,9.699833
21.234651,11.492568
20.212939,13.206893
19.053707,14.830732
17.763227,16.354287
16.353115,17.764337
14.829088,19.055243
13.205588,20.214497
11.492549,21.235316
9.698795,22.111582
7.839947,22.837482
5.927052,23.407184
3.974223,23.816790
1.994005,24.065216
0.000000,24.150372
0.000000,25.465914
2.104261,25.377400
4.192221,25.117989
6.251884,24.685948
8.269164,24.085169
10.229427,23.320207
12.120541,22.395874
13.928883,21.318923
15.641604,20.095490
17.247027,18.735525
18.735506,17.246660
20.095372,15.641258
21.318522,13.928503
22.395537,12.119977
23.319991,10.229459
24.084986,8.268711
24.685844,6.251163
25.117508,4.192277
25.377467,2.103047
25.464445,0.000000
12.351511,20.728986
13.025928,21.861083
12.263413,21.543474
11.924637,20.982473
13.082653,20.990851
12.539576,21.093679
12.779018,20.472952
14.786973,20.710791
12.829179,21.473729
13.479287,21.589913
13.997397,20.461146
13.452056,20.551271
13.657132,20.953510
13.290021,21.285897
12.573188,22.130497
11.176448,22.861868
14.020623,19.638182
13.616488,19.926394
14.773083,19.841666
14.237567,19.988457
14.425912,19.348571
16.446499,19.419008
14.556078,20.342945
15.216835,20.403595
15.639428,19.235198
15.101822,19.371388
14.358060,21.016941
11.380151,22.067564
10.414103,22.511767
15.594413,18.412521
15.215508,18.734206
16.361684,18.554032
15.839965,18.744028
15.975477,18.090717
17.993839,17.994195
16.186113,19.071636
16.849431,19.077572
17.174744,17.877939
16.650318,18.057963
16.043559,19.759565
15.340724,19.754052
11.945962,21.999490
11.651096,22.629522
11.694515,21.610948
10.702090,23.093121
9.249929,23.706760
10.597479,21.677281
11.045832,21.458774
10.802082,22.070321
10.151629,21.896638
10.979237,22.480773
17.061551,17.062153
16.710753,17.413574
17.836692,17.139581
17.333130,17.371855
17.413970,16.710240
19.418203,16.446979
17.705796,17.669464
18.367484,17.620871
18.591918,16.398924
18.084323,16.621488
17.620421,18.367438
16.920512,18.419068
9.528972,22.959379
10.081818,22.928648
9.743345,23.513813
8.525984,23.289098
9.842938,22.515694
9.080979,23.318313
8.758341,23.897733
18.412124,15.595064
18.091029,15.974748
19.191679,15.608110
18.708812,15.881179
18.734676,15.214913
20.710012,14.787532
19.104191,16.147212
19.759791,16.044206
19.882920,14.807680
19.395286,15.071135
19.077333,16.849537
18.382743,16.959486
8.771128,22.478816
9.234971,22.296674
8.963810,22.882664
8.308495,22.660073
9.368452,22.614556
7.260172,24.389724
19.637137,14.020886
19.348850,14.425916
20.415092,13.970106
19.956193,14.281932
19.927100,13.616204
21.860200,13.026812
20.372440,14.514562
21.017106,14.357870
21.037560,13.115083
20.573457,13.418015
20.403316,15.217026
19.720773,15.383462
7.598720,23.661687
8.154937,23.679354
7.768041,24.238443
6.572833,23.914163
7.956374,23.249516
7.126031,23.987070
6.755008,24.539411
20.727809,12.351504
20.473705,12.779289
21.498581,12.236658
21.067288,12.585085
20.983330,11.924415
22.861201,11.176867
21.501352,12.782547
22.130736,12.573114
22.048683,11.333333
21.611288,11.673265
21.590107,13.480213
20.923909,13.702256
6.885005,23.126576
7.362592,22.982878
6.408763,23.268968
5.221066,24.906242
21.677152,10.597672
21.459031,11.045214
22.435783,10.419678
22.034775,10.802533
21.896161,10.151083
23.706167,9.250907
22.483267,10.963554
23.093367,10.702611
22.909268,9.474006
22.501432,9.848837
22.629421,11.651018
21.983483,11.927844
7.039150,23.545449
7.470534,23.312989
5.618804,24.209308
6.171313,24.272356
5.739882,24.797381
4.575432,24.375524
6.008722,23.827326
5.120564,24.493736
4.705748,25.013637
22.478302,8.771442
22.297765,9.235572
23.219557,8.531454
22.851748,8.945981
22.659634,8.308482
24.389154,7.261550
23.311886,9.069653
23.898224,8.758962
23.613346,7.549922
23.237955,7.956939
23.514219,9.742628
22.893502,10.071782
4.951657,23.616350
5.439198,23.512481
4.465104,23.718508
3.146235,25.251739
23.126013,6.884869
22.984321,7.362845
23.845081,6.584891
23.512468,7.028166
23.268437,6.408690
24.905480,5.222154
23.981106,7.113528
24.539932,6.755555
24.156110,5.573922
23.815971,6.010911
24.238328,7.767326
23.647022,8.146782
5.071038,24.046325
5.519697,23.850272
3.600785,24.590697
4.145843,24.699453
3.672566,25.187044
2.547126,24.669463
4.020687,24.242393
3.080897,24.832730
2.624767,25.317201
23.615768,4.951808
23.513674,5.439695
24.307365,4.592606
24.013132,5.062138
23.717174,4.465292
25.252087,3.147135
24.486679,5.109160
25.013770,4.705909
24.534207,3.559568
24.230541,4.024026
24.797292,5.739045
24.239283,6.166025
2.985089,23.945112
3.478773,23.881350
2.491330,24.005807
1.051679,25.425348
23.944526,2.985764
23.882397,3.479051
24.602529,2.570109
24.349711,3.061570
24.004986,2.491838
25.425989,1.052698
24.825315,3.070001
25.316152,2.623961
24.743667,1.522665
24.480871,2.009648
25.186484,3.672296
24.665370,4.142147
3.068469,24.383708
3.531243,24.224043
1.557114,24.803813
2.092135,24.956899
1.578687,25.404734
-0.000000,24.619949
0.996664,24.109947
0.602258,24.124288
2.006058,24.492524
1.494377,24.088074
0.732940,24.890159
1.182643,25.066705
0.524161,25.447208
0.000000,25.039639
0.549993,24.518053
1.145661,24.510874
24.109220,0.997133
24.086780,1.495061
24.798556,0.000000
24.124251,0.602171
24.914429,0.767352
25.069768,1.242469
24.526667,1.021575
25.446473,0.522866
25.037592,0.000000
24.561537,0.000000
24.481586,0.510843
24.923413,2.091432
