20.321474,-0.000000
20.252035,1.678183
20.043809,3.344818
19.699372,4.988672
19.219827,6.598447
18.609206,8.163097
17.871525,9.671929
17.011866,11.114812
16.036385,12.481418
14.950199,13.763701
13.763432,14.950486
12.481132,16.036740
11.114580,17.012252
9.671821,17.871852
8.162907,18.609520
6.598297,19.220252
4.988533,19.699859
3.344765,20.044384
1.678119,20.252805
-0.000000,20.322287
-0.000000,21.869253
1.806019,21.794032
3.599574,21.570962
5.368498,21.199853
7.100852,20.683779
8.784594,20.026780
10.408208,19.232900
11.961362,18.308197
13.432392,17.257751
14.811175,16.089770
16.089597,14.811290
17.257542,13.432480
18.307922,11.961433
19.232620,10.408243
20.026494,8.784659
20.683445,7.100828
21.199438,5.368415
21.570416,3.599518
21.793404,1.805855
21.868405,-0.000000
10.393414,17.442405
11.184883,18.770852
10.428648,18.320855
10.032822,17.657167
11.116111,17.835831
10.622358,17.867974
10.754069,17.227416
12.697022,17.783271
10.946658,18.323040
11.573263,18.539525
11.904051,17.401061
11.399469,17.415697
11.652880,17.879021
11.352731,18.185094
10.796568,19.002027
9.596518,19.630169
11.798139,16.524779
11.456618,16.768533
12.552917,16.860315
12.061407,16.932248
12.139751,16.280904
14.121959,16.674053
12.420150,17.358584
13.064908,17.520562
13.300146,16.358763
12.797982,16.416242
12.329232,18.045880
9.683354,18.778112
8.857840,19.148983
13.122564,15.493832
12.802135,15.765338
13.903375,15.766260
13.419040,15.878335
13.443175,15.222342
15.450594,15.450794
13.810952,16.273652
14.466775,16.381951
14.605889,15.204119
14.110152,15.303048
13.777153,16.966060
13.090158,16.855658
10.196623,18.777256
10.002558,19.431603
9.911754,18.316260
9.190511,19.828637
7.942752,20.355629
8.917518,18.241017
9.294778,18.056620
9.155352,18.705822
8.540486,18.425464
9.368878,19.183538
14.357105,14.357329
14.060539,14.653961
15.156605,14.564056
14.683768,14.715847
14.653816,14.060674
16.673795,14.122138
15.107866,15.077324
15.770322,15.131088
15.811211,13.946283
15.325388,14.085705
15.130899,15.770462
14.438127,15.716480
8.112155,19.545472
8.607354,19.575022
8.363961,20.191252
7.251641,19.809159
8.343219,19.083683
7.749129,19.899878
7.521726,20.519836
15.493603,13.122770
15.222166,13.443272
16.308146,13.262741
15.849170,13.453018
15.765171,12.802254
17.782982,12.697184
16.301111,13.778401
16.965906,13.777337
16.909130,12.593077
16.436417,12.771976
16.381750,14.466907
15.685848,14.470964
7.380736,18.915251
7.771860,18.762503
7.597305,19.395220
6.989747,19.067919
7.928124,19.138428
6.234623,20.942171
16.524450,11.798283
16.280690,12.139894
17.347715,11.870772
16.905946,12.098302
16.768360,11.456730
18.770536,11.185059
17.383386,12.385199
18.045678,12.329316
17.890988,11.153379
17.434773,11.371010
17.520323,13.065019
16.827663,13.126149
6.468151,20.141513
6.962504,20.214774
6.667988,20.813090
5.590523,20.341064
6.743983,19.705480
6.080607,20.470434
5.801493,21.071131
17.442041,10.393515
17.227222,10.754205
18.268204,10.397522
17.846964,10.660740
17.656986,10.032907
19.629847,9.596638
18.346532,10.907178
19.001812,10.796649
18.750763,9.638029
18.314050,9.892365
18.539296,11.573431
17.854200,11.691467
5.793531,19.460412
6.195960,19.340382
5.391237,19.580303
4.483927,21.385767
18.240727,8.917633
18.056380,9.294823
19.064530,8.853557
18.666356,9.150606
18.425158,8.540544
20.355280,7.942900
19.184287,9.355017
19.828393,9.190628
19.482621,8.056779
19.068402,8.346318
19.431327,10.002627
18.758076,10.177190
5.965837,19.956642
6.322548,19.730720
4.782932,20.607795
5.269292,20.721341
4.926462,21.292947
3.891564,20.733419
5.093243,20.195539
4.369184,20.902987
4.041689,21.478481
18.914882,7.380870
18.762290,7.772017
19.730657,7.249032
19.358337,7.577917
19.067558,6.989844
20.941759,6.234754
19.891289,7.738934
20.519577,7.521819
20.081495,6.420427
19.692587,6.743175
20.190985,8.363954
19.534520,8.593485
4.166724,19.872489
4.577640,19.786207
3.755897,19.958584
2.702615,21.682833
19.459969,5.793618
19.340136,6.196068
20.262102,5.594941
19.918165,5.953416
19.579855,5.391316
21.385236,4.484003
20.462486,6.069925
21.070799,5.801543
20.543336,4.740242
20.182421,5.093988
20.812707,6.667952
20.177439,6.950942
4.297722,20.381372
4.671442,20.185447
3.065181,20.932801
3.540377,21.086030
3.151321,21.627118
2.166713,20.983732
3.408022,20.547130
2.628444,21.192402
2.254283,21.738658
19.871946,4.166814
19.785850,4.577764
20.655137,3.902377
20.341948,4.288190
19.957965,3.755977
21.682289,2.702640
20.893959,4.359357
21.478002,4.041687
20.864277,3.027233
20.533911,3.409856
21.292478,4.926378
20.682763,5.261026
2.511521,20.148936
2.928100,20.096671
2.094945,20.200907
0.902971,21.831944
20.148292,2.511641
20.096198,2.928188
20.906338,2.183582
20.626428,2.593625
20.200206,2.095044
21.831309,0.903036
21.182477,2.619029
21.737954,2.254178
21.043382,1.294619
20.745648,1.702725
21.626497,3.151266
21.046620,3.534560
2.600646,20.666757
2.988781,20.501937
1.325695,21.113324
1.786821,21.305645
1.354539,21.813292
0.000000,20.883061
0.838999,20.287690
0.507479,20.301148
1.700342,20.758722
1.258514,20.270244
0.625174,21.201747
1.009222,21.414400
0.451376,21.850696
-0.000000,21.375811
0.463546,20.764185
0.970690,20.762685
20.286933,0.839060
20.269452,1.258604
21.094046,0.000000
20.300456,0.507476
21.229352,0.653688
21.419327,1.060331
20.779696,0.865445
21.849940,0.451257
21.374892,0.000000
20.813433,0.000000
20.720761,0.429921
21.266325,1.785143
