20.770750,-0.000000
20.699331,1.715282
20.486540,3.418676
20.134451,5.098901
19.644314,6.744243
19.020227,8.343457
18.266232,9.885586
17.387525,11.360305
16.390453,12.757090
15.280279,14.067689
14.067297,15.280677
12.756623,16.390969
11.359933,17.388073
9.885483,18.266599
8.343143,19.020509
6.744004,19.644771
5.098666,20.134948
3.418623,20.487130
1.715173,20.700277
-0.000000,20.771758
-0.000000,22.287621
1.840736,22.210743
3.668525,21.983432
5.471237,21.605230
7.236721,21.079313
8.952603,20.409772
10.607338,19.600728
12.190148,18.658312
13.689272,17.587717
15.094397,16.397404
16.397240,15.094462
17.587512,13.689311
18.658002,12.190176
19.600446,10.607313
20.409529,8.952682
21.079036,7.236638
21.604871,5.471056
21.982886,3.668439
22.210124,1.840390
22.286537,0.000000
10.623212,17.828169
11.398975,19.130241
10.642950,18.697274
10.254835,18.047470
11.345887,18.204502
10.846682,18.245448
10.991735,17.608329
12.940053,18.123721
11.166206,18.690511
11.794900,18.894277
12.148527,17.758465
11.639577,17.782516
11.886605,18.237580
11.578538,18.546542
11.003202,19.365845
9.780249,20.006025
12.058947,16.890190
11.710060,17.139169
12.812302,17.208643
12.316005,17.289855
12.408053,16.640923
14.392254,16.993256
12.669244,17.706623
13.315143,17.855835
13.573342,16.694680
13.067459,16.761914
12.565189,18.391372
9.881480,19.162227
9.039588,19.541717
13.412630,15.836347
13.085316,16.113774
14.190572,16.091952
13.702251,16.213613
13.740374,15.558948
15.746318,15.746559
14.087929,16.599944
14.743825,16.695417
14.905888,15.516372
14.407264,15.625295
14.040706,17.290873
13.352577,17.193646
10.400579,19.153008
10.194262,19.803534
10.120273,18.701694
9.366311,20.208287
8.094737,20.745369
9.114677,18.644336
9.500328,18.455911
9.347962,19.099430
8.729563,18.832884
9.556668,19.568101
14.674473,14.674744
14.371532,14.977830
15.469711,14.864958
14.993717,15.026587
14.977755,14.371595
16.992915,14.392489
15.410820,15.379611
16.072319,15.420618
16.135955,14.232712
15.648098,14.382313
15.420390,16.072419
14.727576,16.031627
8.277543,19.944062
8.779250,19.966029
8.524359,20.577674
7.400456,20.215582
8.518640,19.485156
7.904448,20.298551
7.665541,20.912656
15.836102,13.412890
15.558824,13.740367
16.645032,13.536749
16.183729,13.737099
16.113689,13.085372
18.123353,12.940282
16.627994,14.054641
17.290782,14.040959
17.256437,12.851707
16.782527,13.040905
16.695202,14.743944
16.000312,14.761146
7.543894,19.333505
7.943599,19.177286
7.757137,19.803183
7.144501,19.489533
8.096743,19.545348
6.353860,21.343111
16.889756,12.059099
16.640755,12.408189
17.706100,12.116049
17.262822,12.353775
17.139112,11.710137
19.129852,11.399265
17.731974,12.633526
18.391219,12.565240
18.258506,11.382489
17.801942,11.610454
17.855575,13.315250
17.165018,13.389376
6.600130,20.552514
7.101509,20.618733
6.795893,21.211474
5.705232,20.758358
6.885799,20.120067
6.202523,20.880552
5.912382,21.474458
17.827692,10.623289
17.608248,10.991886
18.645668,10.612416
18.223774,10.885896
18.047437,10.254879
20.005672,9.780438
18.714487,11.125901
19.365704,11.003278
19.135990,9.836043
18.699802,10.100701
18.894087,11.795168
18.212173,11.925959
5.921611,19.890705
6.332906,19.767863
5.510630,20.013226
4.569628,21.795182
18.644081,9.114807
18.455761,9.500286
19.458478,9.036564
19.060520,9.343904
18.832601,8.729559
20.745014,8.095030
19.569081,9.542632
20.208132,9.366503
19.882885,8.222317
19.470053,8.522098
19.803279,10.194326
19.134243,10.381365
6.091368,20.376469
6.456931,20.150034
4.880497,21.028290
5.374438,21.135361
5.021035,21.700523
3.971418,21.158776
5.200326,20.620376
4.456815,21.321742
4.118927,21.889587
19.333134,7.544081
19.177265,7.943838
20.138345,7.398894
19.767128,7.738000
19.489198,7.144608
21.342702,6.354163
20.290271,7.894147
20.912534,7.665720
20.494036,6.552358
20.107364,6.885175
20.577500,8.524280
19.926285,8.765902
4.258823,20.311909
4.678765,20.223515
3.839094,20.399875
2.754202,22.097883
19.890255,5.921707
19.767852,6.333051
20.680753,5.710613
20.338750,6.079184
20.012787,5.510718
21.794614,4.569834
20.872881,6.191642
21.474264,5.912504
20.965296,4.837607
20.607498,5.201262
21.211118,6.795789
20.582089,7.090408
4.388162,20.810104
4.770738,20.614416
3.127693,21.359881
3.610950,21.507338
3.211917,22.041170
2.211112,21.414188
3.479683,20.979413
2.681215,21.616950
2.297387,22.154846
20.311336,4.258953
20.223351,4.678968
21.081859,3.983025
20.771500,4.378755
20.399148,3.839208
22.097408,2.754305
21.312956,4.446805
21.889172,4.118952
21.292891,3.089406
20.966344,3.481715
21.700077,5.020855
21.097530,5.366571
2.567084,20.594512
2.992742,20.540853
2.141432,20.647485
0.920276,22.249892
20.593812,2.567310
20.540530,2.992886
21.338132,2.228734
21.062071,2.648372
20.646681,2.141616
22.249297,0.920449
21.607302,2.671619
22.154024,2.297177
21.475501,1.321252
21.182570,1.738626
22.040488,3.211825
21.468625,3.605400
2.655345,21.101604
3.052272,20.937627
1.352667,21.544261
1.822416,21.731381
1.380613,22.231033
0.000000,21.320111
0.857454,20.736367
0.518537,20.749873
1.736083,21.195545
1.286198,20.718326
0.637760,21.632326
1.029436,21.840200
0.459868,22.268997
0.000000,21.803066
0.473670,21.203548
0.991177,21.201303
20.735486,0.857579
20.717349,1.286382
21.526594,0.000000
20.749147,0.518521
21.659350,0.666960
21.844743,1.081538
21.218002,0.883747
22.268121,0.459596
21.801828,0.000000
21.251892,0.000000
21.160927,0.439407
21.692757,1.820856
