20.791424,-0.000000
20.719914,1.716989
20.506912,3.422075
20.154471,5.103975
19.663846,6.750954
19.039139,8.351759
18.284395,9.895421
17.404812,11.371606
16.406747,12.769782
15.295470,14.081684
14.081282,15.295879
12.769303,16.407277
11.371226,17.405375
9.895317,18.284772
8.351438,19.039431
6.750711,19.664316
5.103735,20.154980
3.422023,20.507514
1.716879,20.720878
0.000000,20.792450
-0.000000,22.306910
1.842336,22.229956
3.671703,22.002450
5.475973,21.623922
7.242984,21.097550
8.960347,20.427431
10.616516,19.617687
12.200693,18.674454
13.701113,17.602930
15.107452,16.411587
16.411420,15.107517
17.602720,13.701152
18.674136,12.200721
19.617396,10.616489
20.427179,8.960427
21.097265,7.242898
21.623554,5.475787
22.001894,3.671616
22.229328,1.841982
22.305806,-0.000000
10.633788,17.845928
11.408843,19.146811
10.652821,18.714617
10.265053,18.065438
11.356470,18.221487
10.857012,18.262835
11.002673,17.625866
12.951255,18.139417
11.176321,18.707445
11.805116,18.910633
12.159788,17.774932
11.650634,17.799413
11.897373,18.254104
11.588942,18.563200
11.012726,19.382619
9.788718,20.023354
12.070951,16.907012
11.721725,17.156232
12.824249,17.224691
12.327729,17.306326
12.420401,16.657498
14.404713,17.007973
12.680720,17.722662
13.326677,17.871293
13.585926,16.710157
13.079869,16.777836
12.576065,18.407301
9.890606,19.179925
9.047960,19.559812
13.425980,15.852116
13.098350,16.129815
14.203799,16.106957
13.715292,16.229057
13.754052,15.574445
15.759948,15.760194
14.100689,16.614981
14.756595,16.709869
14.919706,15.530759
14.420946,15.640138
14.052853,17.305849
13.364667,17.209222
10.409976,19.170325
10.203098,19.820682
10.129875,18.719448
9.374415,20.225791
8.101743,20.763339
9.123751,18.662904
9.509788,18.474294
9.356832,19.117561
8.738265,18.851641
9.565320,19.585824
14.689079,14.689357
14.385845,14.992740
15.484131,14.878821
15.007989,15.040900
14.992663,14.385909
17.007623,14.404952
15.424777,15.393542
16.086239,15.433966
16.150912,14.245908
15.662958,14.395975
15.433733,16.086341
14.740911,16.046150
8.285161,19.962428
8.787170,19.984050
8.531753,20.595490
7.407311,20.234308
8.526718,19.503649
7.911604,20.316925
7.672171,20.930768
15.851864,13.426247
15.574317,13.754045
16.660547,13.549372
16.199133,13.750183
16.129728,13.098406
18.139040,12.951488
16.643053,14.067370
17.305755,14.053113
17.272433,12.863623
16.798463,13.053292
16.709649,14.756716
16.014799,14.774518
7.551404,19.352761
7.951504,19.196383
7.764498,19.821975
7.151623,19.508944
8.104506,19.564090
6.359357,21.361598
16.906566,12.071106
16.657325,12.420540
17.722605,12.127348
17.279253,12.365542
17.156173,11.721803
19.146411,11.409139
17.748032,12.644968
18.407143,12.576116
18.275431,11.393043
17.818847,11.621483
17.871026,13.326786
17.180560,13.401506
6.606210,20.571452
7.107914,20.637351
6.801789,21.229842
5.710516,20.777586
6.892329,20.139164
6.208140,20.899453
5.917494,21.493055
17.845439,10.633866
17.625782,11.002828
18.663050,10.622314
18.241122,10.896266
18.065404,10.265097
20.022990,9.788910
18.731436,11.135980
19.382474,11.012802
19.153730,9.845165
18.717562,10.110295
18.910438,11.805390
18.228663,11.936764
5.927506,19.910515
6.339208,19.787544
5.516126,20.033158
4.573579,21.814059
18.662641,9.123883
18.474138,9.509744
19.476618,9.044993
19.078666,9.352805
18.851349,8.738260
20.762973,8.102042
19.586804,9.551277
20.225630,9.374610
19.901317,8.229942
19.488544,8.530193
19.820419,10.203162
19.151570,10.390773
6.097149,20.395808
6.463119,20.169347
4.884992,21.047666
5.379283,21.154443
5.025394,21.719315
3.975097,21.178375
5.205257,20.639946
4.460853,21.341042
4.122487,21.908542
19.352379,7.551594
19.196359,7.951746
20.157117,7.405796
19.785947,7.745372
19.508599,7.151731
21.361178,6.359667
20.308647,7.901298
20.930641,7.672352
20.513033,6.558435
20.126459,6.891714
20.595311,8.531670
19.944330,8.773846
4.263062,20.332140
4.683420,20.243649
3.842923,20.420192
2.756580,22.117020
19.910054,5.927602
19.787532,6.339356
20.700030,5.715941
20.358112,6.084975
20.032708,5.516214
21.813478,4.573791
20.891783,6.197250
21.492855,5.917619
20.984727,4.842092
20.627068,5.206202
21.229476,6.801682
20.600728,7.096834
4.392327,20.829853
4.775310,20.634175
3.130573,21.379560
3.614201,21.526756
3.214710,22.060260
2.213157,21.434022
3.482983,20.999325
2.683646,21.636517
2.299374,22.174036
20.331554,4.263194
20.243483,4.683626
21.101509,3.986739
20.791276,4.382925
20.419449,3.843039
22.116537,2.756687
21.332255,4.450834
21.908119,4.122513
21.312629,3.092270
20.986253,3.485025
21.718859,5.025210
21.116634,5.371434
2.569642,20.615025
2.995718,20.561303
2.143572,20.668045
0.921073,22.269162
20.614313,2.569872
20.560977,2.995864
21.358016,2.230814
21.082127,2.650893
20.667226,2.143760
22.268559,0.921251
21.626870,2.674042
22.173197,2.299159
21.495401,1.322478
21.202686,1.740279
22.059565,3.214617
21.488063,3.608664
2.657864,21.121635
3.055195,20.957695
1.353910,21.564118
1.824056,21.751002
1.381815,22.250293
0.000000,21.340244
0.858304,20.757023
0.519047,20.770532
1.737729,21.215666
1.287472,20.738955
0.638340,21.652167
1.030367,21.859825
0.460259,22.288283
-0.000000,21.822756
0.474136,21.223785
0.992120,21.221507
20.756127,0.858432
20.737960,1.287661
21.546515,0.000000
20.769794,0.519030
21.679155,0.667571
21.864341,1.082515
21.238182,0.884589
22.287392,0.459981
21.821495,0.000000
21.272079,0.000000
21.181190,0.439844
21.712400,1.822501
