21.428284,0.000000
21.354039,1.769563
21.134527,3.526751
20.771215,5.260207
20.265552,6.957603
19.621745,8.607409
18.843886,10.198292
17.937331,11.719625
16.908687,13.160594
15.763421,14.512637
14.512077,15.763973
13.159878,16.909427
11.719061,17.938105
10.198207,18.844320
8.606941,19.622015
6.957266,20.266072
5.259864,20.771719
3.526734,21.135088
1.769419,21.355125
0.000000,21.429431
-0.000000,22.901872
1.891692,22.822630
3.769756,22.589114
5.622101,22.200509
7.436238,21.660134
9.199326,20.972168
10.899751,20.140856
12.526123,19.172444
14.066517,18.072291
15.510340,16.849190
16.849049,15.510322
18.072098,14.066476
19.172094,12.526073
20.140562,10.899615
20.971954,9.199399
21.659905,7.436063
22.200223,5.621788
22.588600,3.769659
22.822126,1.891122
22.900606,-0.000000
10.959546,18.392723
11.713362,19.657970
10.957149,19.249136
10.579779,18.618668
11.682729,18.744930
11.175366,18.798487
11.339575,18.165804
13.296944,18.623659
11.488273,19.229548
12.120374,19.415201
12.506985,18.282476
11.991419,18.320007
12.229481,18.763560
11.909854,19.076854
11.306621,19.900085
10.050049,20.557921
12.440686,17.424981
12.081026,17.681602
13.192572,17.719290
12.689067,17.813814
12.800751,17.167839
14.789200,17.462012
13.034662,18.217185
13.682618,18.348176
13.973920,17.187220
13.462358,17.268451
12.911674,18.898723
10.171994,19.725428
9.306071,20.117525
13.837197,16.337664
13.499821,16.623738
14.611626,16.569434
14.117258,16.704889
14.175363,16.051621
16.180612,16.180897
14.494268,17.078621
15.150695,17.155750
15.345772,15.974222
14.842667,16.097516
14.427740,17.767885
13.737571,17.689483
10.699803,19.704222
10.475774,20.349663
10.425836,19.266450
9.624458,20.765761
8.317936,21.317654
9.403235,19.234587
9.801143,19.040281
9.630212,19.676161
9.006296,19.429136
9.832156,20.132205
15.138995,15.139331
14.826730,15.451850
15.928748,15.306095
15.447897,15.481914
15.451879,14.826682
17.461563,14.789499
15.855270,15.823075
16.515826,15.845799
16.612117,14.652691
16.121004,14.816967
15.845524,16.515871
15.152229,16.493966
8.520076,20.528518
9.031445,20.539656
8.759907,21.145083
7.618657,20.811459
8.775697,20.073427
8.132297,20.883368
7.876726,21.489483
16.337395,13.837532
16.051578,14.175203
17.138918,13.938458
16.673958,14.153362
16.623772,13.499767
18.623190,13.297252
17.107541,14.459891
17.767879,14.428081
17.765663,13.230920
17.289706,13.434996
17.155523,15.150793
16.461662,15.186861
7.782697,19.945617
8.194940,19.784330
7.991357,20.400965
7.371003,20.106562
8.343754,20.141448
6.528968,21.931850
17.424405,12.440847
17.167747,12.800866
18.231481,12.475622
17.785729,12.728114
17.681707,12.081039
19.657475,11.713790
18.243342,12.997813
18.898641,12.911668
18.797332,11.718401
18.339951,11.961324
18.347898,13.682720
17.659938,13.775537
6.793670,21.155167
7.305455,21.211353
6.983731,21.796444
5.873428,21.370179
7.093610,20.727549
6.381371,21.482162
6.075218,22.066714
18.392086,10.959589
18.165885,11.339745
19.198982,10.927427
18.775855,11.215792
18.618833,10.579757
20.557504,10.050305
19.254229,11.446742
19.900038,11.306665
19.700747,10.126345
19.265005,10.405965
19.415074,12.120772
18.737310,12.269950
6.109075,20.520438
6.533324,20.393499
5.685388,20.646816
4.695485,22.396364
19.234361,9.403372
19.040233,9.800971
20.035932,9.304819
19.638000,9.627103
19.428849,9.006184
21.317262,8.318403
20.133495,9.817827
20.765707,9.624728
20.469681,8.465000
20.058537,8.779648
20.349431,10.475807
19.686032,10.680863
6.275327,20.991632
6.653799,20.764309
5.023578,21.644864
5.528710,21.742750
5.159921,22.298992
4.088510,21.782411
5.357243,21.242885
4.585365,21.936022
4.232337,22.493260
19.945220,7.782929
19.784553,8.195266
20.735944,7.618558
20.366035,7.972531
20.106234,7.371095
21.931426,6.529504
20.875493,8.121812
21.489519,7.877004
21.098845,6.745772
20.715095,7.093227
21.145024,8.759698
20.500936,9.018806
4.393631,20.954990
4.826769,20.863533
3.960883,21.045702
2.829951,22.707327
20.519969,6.109146
20.393805,6.533494
21.294453,5.880171
20.954954,6.263437
20.646379,5.685452
22.395760,4.695881
21.474864,6.370180
22.066697,6.075434
21.583947,4.980355
21.230345,5.358435
21.796119,6.983512
21.175653,7.294984
4.520702,21.438311
4.916205,21.242838
3.219370,21.986100
3.714496,22.125405
3.300904,22.649126
2.276225,22.045283
3.584694,21.612813
2.758623,22.239709
2.360667,22.765950
20.954405,4.393784
20.863659,4.827050
21.707419,4.101245
21.400876,4.511436
21.044853,3.961016
22.707016,2.830193
21.927598,4.575082
22.492963,4.232404
21.921331,3.180560
21.600001,3.586998
22.298598,5.159607
21.705959,5.521394
2.648418,21.246581
3.087350,21.190911
2.209493,21.301033
0.945677,22.863549
21.245883,2.648760
21.190863,3.087540
21.971184,2.294931
21.700393,2.728584
21.300181,2.209767
22.863146,0.946016
22.230523,2.748769
22.765048,2.360327
22.109118,1.360299
21.822839,1.791231
22.648428,3.300778
22.087700,3.709327
2.735514,21.738743
3.145291,21.575875
1.392243,22.176091
1.874637,22.355920
1.418890,22.844380
0.000000,21.960524
0.884495,21.392940
0.534759,21.406545
1.788466,21.835567
1.326723,21.374075
0.656213,22.263689
1.059093,22.464856
0.472319,22.883175
0.000000,22.429790
0.488499,21.847177
1.021187,21.843891
21.392021,0.884699
21.372965,1.327021
22.160875,0.000000
21.405905,0.534723
22.290042,0.686421
22.469000,1.112669
21.860301,0.910542
22.882266,0.471835
22.428269,0.000000
21.894396,0.000000
21.805817,0.453295
22.318373,1.873248
