24.423766,-0.000000
24.337519,2.016853
24.087260,4.019212
23.672851,5.995239
23.096417,7.929849
22.362715,9.810174
21.476135,11.623300
20.442795,13.357121
19.270375,14.999429
17.965228,16.540304
16.539079,17.966385
14.997699,19.271980
13.355747,20.444418
11.623289,21.476815
9.809081,22.363044
7.929105,23.097204
5.994442,23.673377
4.019422,24.087651
2.016693,24.338936
0.000000,24.425134
0.000000,25.726600
2.125864,25.637183
4.235163,25.375135
6.315912,24.938677
8.353849,24.331753
10.334169,23.558960
12.244670,22.625165
14.071522,21.537174
15.801766,20.301213
17.423621,18.927332
18.927329,17.423216
20.301106,15.801389
21.536778,14.071108
22.624828,12.244068
23.558742,10.334200
24.331572,8.353381
24.938590,6.315163
25.374653,4.235249
25.637307,2.124603
25.725139,0.000000
12.492104,20.964939
13.159393,22.085085
12.395805,21.776011
12.060474,21.221213
13.224502,21.218411
12.677665,21.325989
12.924392,20.705981
14.938481,20.923001
12.965233,21.701428
13.617469,21.811027
14.148462,20.681966
13.599930,20.777156
13.801996,21.175715
13.430115,21.510123
12.701959,22.357285
11.290981,23.096120
14.180203,19.861712
13.771583,20.153113
14.933234,20.056721
14.394317,20.208573
14.590047,19.568832
16.615016,19.617987
14.710446,20.558634
15.372835,20.612580
15.808236,19.442779
15.267803,19.584290
14.505114,21.232323
11.502628,22.304997
10.526415,22.754457
15.771899,18.622089
15.388807,18.947357
16.539016,18.755129
16.014353,18.950436
16.157275,18.296675
18.178210,18.178562
16.357775,19.273854
17.022160,19.272974
17.360121,18.070895
16.833328,18.256436
16.207850,19.962087
15.503403,19.963540
12.072432,22.232404
11.770605,22.861325
11.822969,21.848303
10.811655,23.329765
9.344705,23.949671
10.718103,21.923989
11.171527,21.703051
10.920732,22.312697
10.267315,22.145849
11.095631,22.719065
17.255736,17.256362
16.901050,17.611702
18.030024,17.325361
17.523966,17.563160
17.612131,16.900490
19.617155,16.615507
17.893559,17.856804
18.555759,17.801352
18.792584,16.575917
18.283091,16.804177
17.800886,18.555713
17.099945,18.614404
9.631270,23.205829
10.188422,23.171102
9.843340,23.754653
8.617954,23.540233
9.950992,22.762957
9.177239,23.565376
8.847976,24.142605
18.621679,15.772582
18.297024,16.156494
19.399684,15.777293
18.914793,16.056075
18.947868,15.388152
20.922200,14.939058
19.306780,16.318415
19.962328,16.208523
20.097518,14.967499
19.608456,15.236780
19.272737,17.022273
18.577680,17.139353
8.870973,22.734667
9.340003,22.550428
9.062268,23.133911
8.403190,22.917971
9.472134,22.864811
7.334532,24.639631
19.860631,14.180480
19.569152,14.590038
20.636355,14.121538
20.175901,14.439219
20.153875,13.771268
22.084170,13.160314
20.588467,14.668459
21.232510,14.504911
21.264619,13.256649
20.799578,13.565494
20.612307,15.373042
19.929891,15.546617
7.680346,23.915803
8.241156,23.929817
7.847794,24.486728
6.643728,24.172025
8.043724,23.504843
7.201588,24.241234
6.824125,24.790836
20.963721,12.492096
20.706801,12.924675
21.731593,12.369318
21.299236,12.723691
21.222131,12.060237
23.095435,11.291410
21.729351,12.918083
22.357547,12.701875
22.286656,11.455670
21.848822,11.801569
21.811259,13.618447
21.145788,13.847592
6.963385,23.389793
7.446334,23.244417
6.481833,23.533804
5.274519,25.161441
21.923877,10.718304
21.703333,11.170871
22.678952,10.532641
22.277386,10.921515
22.145347,10.266727
23.949064,9.345721
22.721680,11.079804
23.330035,10.812198
23.156532,9.576278
22.748747,9.957083
22.861242,11.770520
22.216605,12.054373
7.116487,23.803993
7.553176,23.570902
5.679159,24.469299
6.236536,24.529078
5.798860,25.051400
4.624789,24.638368
6.074681,24.088983
5.174866,24.753261
4.753880,25.269912
22.734149,8.871289
22.551603,9.340627
23.471215,8.623952
23.103360,9.044521
22.917518,8.403166
24.639049,7.335986
23.559087,9.165825
24.143134,8.848630
23.868203,7.631429
23.493368,8.044384
23.755111,9.842580
23.136273,10.178625
5.008027,23.885144
5.501044,23.780040
4.516043,23.988463
3.178400,25.510457
23.389227,6.963223
23.245969,7.446597
24.103533,6.656299
23.771347,7.105576
23.533263,6.481748
25.160667,5.275667
24.235397,7.188954
24.791404,6.824701
24.416817,5.634090
24.077736,6.076969
24.486647,7.847031
23.897791,8.233215
5.126760,24.310358
5.580761,24.114134
3.639461,24.854764
4.189627,24.960683
3.710369,25.445078
2.574595,24.935462
4.064830,24.508615
3.113595,25.095842
2.651615,25.576607
23.884570,5.008174
23.781335,5.501558
24.570813,4.642395
24.277552,5.117885
23.987083,4.516239
25.510866,3.179369
24.746337,5.163349
25.270086,4.754042
24.799036,3.597983
24.496852,4.068270
25.051354,5.797972
24.496340,6.231435
3.019098,24.217661
3.518296,24.153098
2.519806,24.278994
1.062454,25.685826
24.217090,3.019799
24.154250,3.518580
24.869172,2.597995
24.617874,3.095283
24.278187,2.520332
25.686575,1.063539
25.088592,3.102596
25.575551,2.650764
25.010700,1.539125
24.749961,2.031764
25.444548,3.710080
24.926925,4.186073
3.102185,24.651476
3.570298,24.492028
1.573850,25.070214
2.114210,25.220864
1.594939,25.665048
0.000000,24.889263
1.008010,24.384355
0.609102,24.398796
2.028097,24.761512
1.511298,24.362206
0.740718,25.156490
1.195184,25.330795
0.529424,25.707917
-0.000000,25.304497
0.556213,24.788375
1.158255,24.780831
24.383661,1.008503
24.360908,1.512020
25.065938,0.000000
24.398824,0.609011
25.180588,0.775555
25.333777,1.255651
24.796590,1.032802
25.707209,0.528052
25.302428,0.000000
24.831543,0.000000
24.752363,0.516661
25.187748,2.113575
