25.448042,0.000000
25.357923,2.101435
25.097149,4.187665
24.665298,6.246653
24.064669,8.262403
23.300218,10.221562
22.376456,12.110709
21.299766,13.917214
20.078178,15.628380
18.718352,17.233829
17.232412,18.719678
15.626343,20.080030
13.915593,21.301617
12.110725,22.377183
10.220264,23.300573
8.261514,24.065519
6.245689,24.665820
4.187932,25.097491
2.101289,25.359422
-0.000000,25.449442
-0.000000,26.700891
2.206589,26.608153
4.395636,26.336242
6.555203,25.883270
8.670351,25.253379
10.725639,24.451313
12.708599,23.482147
14.604643,22.352891
16.400373,21.070107
18.083642,19.644219
19.644276,18.083100
21.070039,16.399890
22.352517,14.604104
23.481805,12.707863
24.451072,10.725680
25.253193,8.669840
25.883229,6.554372
26.335729,4.395852
26.608462,2.205182
26.699478,0.000000
13.016270,21.844610
13.658223,22.922286
12.890019,22.644076
12.566910,22.111287
13.753969,22.067801
13.192905,22.192774
13.466360,21.574775
15.504748,21.716123
13.473325,22.551771
14.133931,22.637437
14.712401,21.506300
14.151715,21.620029
14.343004,22.005557
13.953377,22.347632
13.183218,23.204914
11.719056,23.971625
14.775156,20.695079
14.349824,20.998367
15.531021,20.859446
14.979188,21.029865
15.201958,20.390022
17.244848,20.361661
15.286937,21.364131
15.955886,21.393657
16.438394,20.217699
15.887156,20.378729
15.054708,22.037325
11.959866,23.191412
10.945681,23.660459
16.433610,19.403415
16.034913,19.742025
17.200937,19.505754
16.665045,19.720589
16.835032,19.064546
18.867295,18.867628
16.998851,20.029042
17.667735,20.003279
18.052139,18.791212
17.516223,18.997027
16.821878,20.719028
16.110951,20.745893
12.544776,23.102267
12.217274,23.727677
12.302310,22.733985
11.221140,24.214227
9.698951,24.857544
11.167826,22.843767
11.640116,22.613783
11.363480,23.217103
10.698622,23.074953
11.530314,23.608974
17.979707,17.980418
17.610521,18.350357
18.751669,18.018808
18.236019,18.276965
18.350891,17.609794
20.360733,17.245373
18.594761,18.556429
19.259431,18.475891
19.541672,17.236642
19.024786,17.485876
18.475361,19.259404
17.770060,19.343903
10.013206,24.125938
10.586577,24.076638
10.217071,24.654785
8.961294,24.477756
10.354203,23.685626
9.536727,24.488053
9.182977,25.057823
19.402951,16.434412
19.065024,16.834071
20.176092,16.408793
19.683359,16.708654
19.742670,16.034037
21.715250,15.505382
20.063349,16.957780
20.719307,16.822644
20.898616,15.564115
20.403892,15.854879
20.003048,17.667884
19.305696,17.811079
9.243235,23.688532
9.731562,23.496492
9.429666,24.071434
8.756241,23.879462
9.858941,23.798464
7.612467,25.573656
20.693868,14.775488
20.390488,15.201903
21.462255,14.686777
20.995684,15.026096
20.999313,14.349391
22.921249,13.659275
21.395222,15.243194
22.037575,15.054461
22.112231,13.785126
21.643335,14.115811
21.393399,15.956164
20.710864,16.155935
7.985095,24.864530
8.563180,24.865255
8.145878,25.414674
6.908387,25.134663
8.369671,24.457594
7.483758,25.190427
7.082446,25.730547
21.843253,13.016266
21.575833,13.466687
22.601345,12.864488
22.164689,13.240866
22.112410,12.566624
23.970875,11.719512
22.580811,13.424251
23.205242,13.183107
23.175008,11.912367
22.735162,12.280333
22.637806,14.135104
21.974416,14.390362
7.255616,24.371120
7.758518,24.219509
6.754264,24.521168
5.474315,26.115246
22.843719,11.168057
22.614143,11.639330
23.586609,10.954290
23.182618,11.365469
23.074339,10.697886
24.856880,9.700088
23.612030,11.513945
24.214572,11.221765
24.079572,9.958067
23.671583,10.361004
23.727662,12.217169
23.087219,12.526904
7.405076,24.768738
7.861487,24.533141
5.904503,25.439955
6.480147,25.487895
6.019295,26.000782
4.809047,25.619603
6.320808,25.065361
5.377651,25.722485
4.933766,26.227746
23.688002,9.243553
23.497963,9.732271
24.410564,8.969207
24.042179,9.412203
23.878941,8.756180
25.573021,7.614190
24.482257,9.524983
25.058474,9.183750
24.819588,7.935700
24.446423,8.370691
24.655436,10.216159
24.042919,10.577644
5.218201,24.887263
5.731604,24.777579
4.705968,24.994912
3.298623,26.477426
24.370541,7.255352
24.221447,7.758821
25.068242,6.922839
24.737278,7.394413
24.520576,6.754140
26.114425,5.475680
25.185045,7.470638
25.731269,7.083123
25.390041,5.858710
25.054491,6.323464
25.414730,8.144937
24.834310,8.556010
5.334689,25.295591
5.808572,25.098570
3.783861,25.840647
4.353160,25.936342
3.851677,26.409463
2.677148,25.928485
4.229555,25.502026
3.235704,26.078468
2.751957,26.546134
24.886718,5.218326
24.779233,5.732174
25.554171,4.828240
25.264158,5.325896
24.993355,4.706199
26.478039,3.299856
25.716031,5.365717
26.228059,4.933921
25.787643,3.741391
25.490571,4.233364
26.000893,6.018227
25.456342,6.475718
3.145898,25.233785
3.665625,25.166256
2.625981,25.297504
1.102726,26.659366
25.233257,3.146691
25.167778,3.665932
25.864468,2.702083
25.618427,3.221085
25.296747,2.626569
26.660505,1.104051
26.071791,3.224322
26.545049,2.750932
26.007539,1.600577
25.754033,2.114294
26.409047,3.851306
25.903723,4.350129
3.228004,25.650640
3.716006,25.491849
1.636356,26.064806
2.196657,26.206739
1.655690,26.637956
0.000000,25.894316
1.050332,25.407401
0.634651,25.422253
2.110348,25.765237
1.574364,25.384257
0.769755,26.150895
1.242023,26.317195
0.549086,26.682330
0.000000,26.293703
0.579413,25.796982
1.205233,25.788100
25.406822,1.050905
25.382944,1.575224
26.064128,0.000000
25.422504,0.634549
26.174380,0.806178
26.319886,1.304890
25.803755,1.074673
26.681710,0.547432
26.291570,0.000000
25.839030,0.000000
25.762584,0.538360
26.174928,2.196274
