22.894076,-0.000000
22.813806,1.890562
22.579257,3.767697
22.190926,5.619838
21.650632,7.433295
20.962844,9.195895
20.131787,10.895508
19.163187,12.520800
18.064189,14.060283
16.840694,15.504725
15.503822,16.841559
14.059051,18.065377
12.519827,19.164409
10.895462,20.132357
9.195115,20.963131
7.432761,21.651293
5.619277,22.191442
3.767795,22.579726
1.890394,22.815076
-0.000000,22.895362
-0.000000,24.279089
2.005891,24.194768
3.996697,23.947350
5.960377,23.535419
7.883620,22.962607
9.752595,22.233294
11.555447,21.352031
13.279538,20.325328
14.912490,19.158946
16.443107,17.862333
17.862255,16.442901
19.158792,14.912279
20.324936,13.279309
21.351714,11.555069
22.233098,9.752638
22.962424,7.883270
23.535251,5.959815
23.946883,3.996648
24.194585,2.004928
24.277653,0.000000
11.709407,19.651317
12.418343,20.841293
11.659762,20.483202
11.304257,19.892087
12.435806,19.953118
11.909563,20.033753
12.115044,19.408677
14.097243,19.744687
12.209164,20.436058
12.850238,20.583268
13.308622,19.454311
12.777454,19.520761
12.996986,19.940893
12.651715,20.264254
11.986935,21.098046
10.655042,21.795410
13.291805,18.617264
12.908166,18.890908
14.042781,18.860986
13.522432,18.984184
13.676261,18.342608
15.679339,18.513139
13.852597,19.360015
14.506652,19.452169
14.869748,18.288740
14.344620,18.400123
13.688569,20.036418
10.821770,20.985082
9.902033,21.405264
14.783815,17.455392
14.424048,17.760681
15.553038,17.637009
15.044363,17.802312
15.145137,17.150080
17.154502,17.154844
15.403823,18.150089
16.063090,18.187986
16.329517,16.998158
15.815434,17.152516
15.295617,18.837601
14.599408,18.799395
11.369688,20.938123
11.107040,21.574216
11.108537,20.528127
10.203282,22.015801
8.818488,22.600878
10.046578,20.550501
10.471718,20.343130
10.260824,20.964576
9.623286,20.758421
10.448825,21.394829
16.174685,16.175165
15.841654,16.508664
16.955089,16.292393
16.462483,16.499041
16.508908,15.841351
18.512485,15.679749
16.850135,16.815718
17.510365,16.799214
17.676987,15.591925
17.177547,15.788051
16.798845,17.510333
16.102845,17.528902
9.062634,21.835834
9.596072,21.823870
9.288114,22.417365
8.106660,22.144067
9.350010,21.387692
8.642315,22.192408
8.350263,22.782957
17.455062,14.784317
17.150232,15.144654
18.243165,14.836615
17.769066,15.083234
17.760966,14.423712
19.744035,14.097700
18.180965,15.367010
18.837747,15.296131
18.904466,14.078994
18.422807,14.315462
18.187751,16.063174
17.494422,16.139823
8.315148,21.310284
8.755246,21.137738
8.514659,21.736464
7.876022,21.482179
8.895326,21.472617
6.921677,23.252000
18.616418,13.292009
18.342713,13.676317
19.406118,13.279555
18.953822,13.564338
18.891357,12.908022
20.840583,12.419034
19.387973,13.813230
20.036485,13.688451
20.002287,12.469621
19.541899,12.745221
19.451885,14.506781
18.767831,14.639954
7.226613,22.503181
7.762084,22.538059
7.404974,23.108091
6.249601,22.738465
7.557892,22.084717
6.781707,22.828811
6.440346,23.394801
19.650367,11.709408
19.409127,12.115263
20.436024,11.631710
20.009062,11.952714
19.892653,11.304114
21.794854,10.655401
20.462323,12.164885
21.098177,11.986907
20.963645,10.775539
20.527655,11.087948
20.583310,12.850920
19.912818,13.039955
6.527056,21.924398
6.980094,21.788395
6.075056,22.059397
4.977751,23.744437
20.550326,10.046739
20.343268,10.471285
21.326911,9.904545
20.927907,10.259695
20.758059,9.622933
22.600381,8.819262
21.396780,10.433785
22.015930,10.203693
21.781870,9.007705
21.373182,9.355021
21.574050,11.107004
20.921147,11.351244
6.686354,22.365951
7.093424,22.136127
5.343670,23.024026
5.874128,23.102557
5.471403,23.640922
4.350396,23.177117
5.707826,22.633658
4.873099,23.311049
4.486620,23.846953
21.309819,8.315437
21.138452,8.755729
22.071976,8.109645
21.703808,8.496416
21.481813,7.876058
23.251507,6.922688
22.185348,8.631384
22.783270,8.350731
22.451327,7.178295
22.072765,7.558021
22.417555,9.287617
21.787193,9.584889
4.694226,22.388700
5.156712,22.290511
4.232481,22.485565
2.999818,24.073933
21.923878,6.527027
21.789342,6.980305
22.666525,6.259261
22.331372,6.674998
22.058926,6.075044
23.743752,4.978539
22.822265,6.769808
23.395106,6.440750
22.967432,5.299601
22.621797,5.709558
23.107861,7.404486
22.504268,7.752907
4.816846,22.841788
5.241048,22.646271
3.424478,23.386845
3.946353,23.509103
3.500495,24.012296
2.421905,23.456683
3.819314,23.027886
2.931884,23.633710
2.502529,24.136246
22.388113,4.694387
22.291240,5.157121
23.106023,4.365562
22.806751,4.807808
22.484462,4.232640
24.074002,3.000406
23.303391,4.862210
23.846906,4.486756
23.326722,3.384413
23.015623,3.822186
23.640680,5.470800
23.067878,5.867947
2.829775,22.700314
3.298240,22.640245
2.361296,22.758109
1.002617,24.239517
22.699680,2.830315
22.640812,3.298486
23.386644,2.442951
23.126236,2.907776
22.757258,2.361712
24.239673,1.003328
23.625526,2.921465
24.135256,2.501934
23.526148,1.447624
23.253264,1.908764
24.011651,3.500301
23.473462,3.941993
2.914671,23.162120
3.353031,23.001233
1.480863,23.589298
1.991552,23.754093
1.504712,24.219605
0.000000,23.391500
0.944880,22.856646
0.571058,22.870586
1.905540,23.265388
1.417062,22.836093
0.697481,23.676092
1.125502,23.863414
0.500186,24.260331
-0.000000,23.832756
0.521604,23.284668
1.088193,23.279219
22.855807,0.945235
22.834855,1.417575
23.579517,0.000000
22.870268,0.570988
23.701239,0.729950
23.866917,1.182420
23.295231,0.970329
24.259500,0.499254
23.830882,0.000000
23.329744,0.000000
23.246047,0.484282
23.718839,1.990537
