27.491230,0.000000
27.393621,2.270220
27.111897,4.523785
26.645298,6.748272
25.996416,8.925910
25.170620,11.042331
24.172681,13.083146
23.009513,15.034667
21.689838,16.883199
20.220930,18.617465
18.615704,20.222553
16.880593,21.692137
15.032593,23.011764
13.083215,24.173483
11.040620,25.171050
8.924712,25.997387
6.746949,26.645832
4.524117,27.112200
2.270109,27.395305
0.000000,27.492713
-0.000000,28.654703
2.368417,28.555498
4.717361,28.263769
7.035027,27.777676
9.305034,27.101710
11.510700,26.240932
13.638973,25.200808
15.673818,23.988775
17.600864,22.612107
19.407300,21.081925
21.082103,19.406494
22.612107,17.600200
23.988458,15.673042
25.200440,13.638013
26.240600,11.510809
27.101465,9.304522
27.777671,7.034122
28.263118,4.717916
28.556087,2.366823
28.653450,0.000000
14.062027,23.599527
14.658626,24.601227
13.878608,24.380555
13.577277,23.887020
14.812885,23.766512
14.222547,23.924871
14.547516,23.308107
16.640391,23.306651
14.490556,24.254229
15.169715,24.294731
15.840524,23.155330
15.254539,23.304595
15.426198,23.667018
15.001304,24.024957
14.148275,24.904830
12.577561,25.727367
15.962122,22.357662
15.503465,22.684654
16.726578,22.464878
16.148011,22.671080
16.422653,22.028363
18.507953,21.853035
16.441110,22.976813
17.125164,22.960043
17.698942,21.767901
17.125024,21.966533
16.156801,23.651757
12.874649,24.964908
11.784402,25.472985
17.753763,20.962220
17.323942,21.327374
18.524772,21.006997
17.965415,21.259642
18.187054,20.596525
20.249228,20.249483
18.282327,21.540990
18.962397,21.467830
19.436443,20.232159
18.881090,20.477189
18.053242,22.237090
17.327396,22.312284
13.490624,24.843990
13.113056,25.465076
13.260424,24.504165
12.042295,25.988010
10.409455,26.678197
12.065077,24.678736
12.574832,24.430789
12.248419,25.024646
11.559113,24.928505
12.400613,25.390657
19.424076,19.424935
19.025955,19.823958
20.194959,19.405666
19.658990,19.703412
19.824628,19.024937
21.851935,18.508527
19.998618,19.957135
20.670583,19.828603
21.040135,18.558381
20.507165,18.848340
19.827933,20.670671
19.111762,20.804469
10.777465,25.966966
11.383883,25.889960
10.966537,26.459926
9.648152,26.353293
11.160121,25.529792
10.256465,26.335377
9.854762,26.893289
20.961634,17.754808
20.597217,18.185804
21.728892,17.671779
21.219267,18.012759
21.328220,17.322643
23.305666,16.641104
21.578051,18.237851
22.237373,18.054177
22.501126,16.757617
21.993675,17.090245
21.467603,18.962668
20.763325,19.155982
9.985986,25.591513
10.512638,25.383972
10.163985,25.945214
9.460612,25.797626
10.631702,25.663814
8.169922,27.446775
22.356219,15.962584
22.029090,16.422530
23.114045,15.817227
22.633936,16.198919
22.685882,15.502820
24.599951,14.659904
23.010395,16.393878
23.652064,16.156509
23.807775,14.842318
23.329691,15.215714
22.959801,17.125626
22.274517,17.375891
8.594884,26.762790
9.208056,26.738409
8.743677,27.275565
7.437832,27.060451
9.021149,26.361861
8.048690,27.090842
7.600478,27.615128
23.597950,14.062042
23.309575,14.547951
24.340824,13.854801
23.894197,14.274392
23.888432,13.576938
25.726501,12.578037
24.285477,14.437658
24.905209,14.148144
24.952044,12.825967
24.506612,13.237229
24.295364,15.171267
23.633481,15.477081
7.838697,26.328887
8.381230,26.164912
7.297794,26.490966
5.875072,28.028057
24.678833,12.065372
24.431224,12.573840
25.401886,11.797559
24.991618,12.252674
24.927597,11.558108
26.677425,10.410753
25.394560,12.383146
25.988420,12.043071
25.926006,10.721823
25.515974,11.168320
25.465174,13.112941
24.830332,13.472984
7.981892,26.696901
8.477422,26.455659
6.355424,27.382097
6.968004,27.407894
6.461385,27.904664
5.177653,27.582603
6.812754,27.016877
5.783626,27.663026
5.294502,28.148679
25.590977,9.986284
25.385965,10.513515
26.289235,9.659676
25.918289,10.147006
25.796908,9.460485
27.446016,8.172128
26.330487,10.244059
26.894096,9.855765
26.722721,8.544377
26.351215,9.022898
26.460953,10.965389
25.858165,11.376545
5.637566,26.886509
6.191502,26.767780
5.084918,27.002800
3.539757,28.416695
26.328282,7.838214
26.167544,8.381625
26.997632,7.455898
26.667559,7.971645
26.490232,7.297627
28.027123,5.876820
27.086290,8.034614
27.616077,7.601324
27.336879,6.308084
27.006634,6.816142
27.275919,8.742401
26.709371,9.202310
5.750283,27.264718
6.263688,27.065450
4.072799,27.813291
4.680659,27.890060
4.135133,28.343411
2.882333,27.915101
4.558811,27.487561
3.480160,28.045878
2.953171,28.490470
26.886023,5.637627
26.770072,6.192155
27.520855,5.199915
27.235739,5.741616
27.000862,5.085237
28.417612,3.541540
27.657427,5.770865
28.149198,5.294588
27.765220,4.028264
27.476616,4.563337
27.905093,6.459982
27.378419,6.964820
3.398900,27.260989
3.959471,27.187623
2.837837,27.329486
1.183476,28.611795
27.260498,3.399847
27.189795,3.959820
27.855077,2.910248
27.617821,3.472548
27.328819,2.838527
28.613617,1.185249
28.040194,3.468030
28.489307,2.951783
28.001609,1.723541
27.760709,2.279272
28.343252,4.134547
27.859423,4.678648
3.479502,27.647589
4.007112,27.489486
1.761527,28.054849
2.361763,28.180925
1.777571,28.588994
0.000000,27.903576
1.134852,27.448381
0.685753,27.464209
2.274804,27.771347
1.700069,27.423386
0.827855,28.140892
1.335808,28.292687
0.588501,28.636519
0.000000,28.274571
0.625738,27.812450
1.299075,27.801014
27.448006,1.135556
27.422035,1.701217
28.061112,0.000000
27.464822,0.685629
28.163268,0.867435
28.294847,1.403501
27.816518,1.158282
28.636033,0.586305
28.272363,0.000000
27.852542,0.000000
27.780941,0.581674
28.151404,2.361886
