20.622109,-0.000000
20.551340,1.703009
20.340063,3.394242
19.990508,5.062435
19.503878,6.696009
18.884247,8.283787
18.135649,9.814898
17.263241,11.279082
16.273309,12.665882
15.171069,13.967111
13.966759,15.171431
12.665473,16.273771
11.278756,17.263734
9.814792,18.135999
8.283511,18.884535
6.695797,19.504322
5.062228,19.991002
3.394186,20.340653
1.702913,20.552238
-0.000000,20.623065
-0.000000,22.149085
1.829241,22.072750
3.645692,21.846841
5.437215,21.470988
7.191727,20.948330
8.896965,20.282943
10.541395,19.478920
12.114383,18.542368
13.604202,17.478443
15.000602,16.295525
16.295358,15.000684
17.478237,13.604258
18.542070,12.114427
19.478641,10.541392
20.282690,8.897042
20.948039,7.191665
21.470612,5.437065
21.846293,3.645614
22.072120,1.828952
22.148065,-0.000000
10.547183,17.700542
11.328077,19.011228
10.572013,18.572677
10.181382,17.918342
11.269831,18.082474
10.772441,18.120525
10.913103,17.482306
12.859570,18.010977
11.093522,18.568856
11.721503,18.776799
12.067601,17.640159
11.560110,17.661115
11.809227,18.118875
11.503777,18.426874
10.934775,19.245365
9.719405,19.881560
11.972657,16.769295
11.626206,17.016546
12.726444,17.093345
12.231743,17.171504
12.319284,16.521811
14.302741,16.887547
12.586777,17.591399
13.232274,17.744805
13.482908,16.583484
12.978271,16.647509
12.487050,18.276958
9.815896,19.035079
8.979427,19.411718
13.316659,15.723024
12.991622,15.998493
14.095506,15.984145
13.608518,16.102650
13.642044,15.447580
15.648383,15.648611
13.996229,16.491918
14.652075,16.591607
14.806582,15.413009
14.308929,15.518641
13.953426,17.183305
13.265697,17.081748
10.333055,19.028611
10.130778,19.680369
10.051261,18.574133
9.308094,20.082565
8.044405,20.616307
9.049447,18.510901
9.432323,18.323809
9.284215,18.969165
8.667007,18.698093
9.494497,19.440789
14.569469,14.569725
14.268637,14.870676
15.366070,14.765357
14.891136,14.923744
14.870579,14.268724
16.887233,14.302959
15.310520,15.279533
15.972307,15.324735
16.028458,14.137897
15.541292,14.284145
15.324520,15.972420
14.631746,15.927290
8.222794,19.812120
8.722340,19.836579
8.471242,20.449710
7.351195,20.081052
8.460582,19.352286
7.853027,20.166567
7.617916,20.782572
15.722786,13.316901
15.447439,13.642072
16.533521,13.446050
16.073003,13.643079
15.998382,12.991700
18.010636,12.859779
16.519773,13.963186
17.183194,13.953658
17.141473,12.766096
16.667978,12.951898
16.591397,14.652198
15.896201,14.665074
7.489913,19.195129
7.886780,19.040058
7.704238,19.668165
7.093300,19.350046
8.040941,19.410685
6.314373,21.210339
16.768896,11.972806
16.521628,12.319423
17.587476,12.034862
17.144713,12.269224
17.016452,11.626296
19.010865,11.328332
17.616570,12.551314
18.276790,12.487114
18.136856,11.306651
17.680426,11.531208
17.744552,13.232383
17.053331,13.302230
6.556441,20.416464
7.055487,20.484996
6.753536,21.079549
5.667261,20.620230
6.838863,19.982857
6.162161,20.744779
5.875661,21.340895
17.700105,10.547268
17.482190,10.913250
18.520732,10.541287
18.099072,10.811381
17.918264,10.181440
19.881221,9.719575
18.592674,11.053492
19.245202,10.934855
19.008481,9.770500
18.572140,10.031752
18.776597,11.721740
18.093662,11.848328
5.879235,19.748346
6.287598,19.626433
5.471128,19.869997
4.541247,21.659604
18.510639,9.049574
18.323633,9.432311
19.328088,8.975992
18.930077,9.279934
18.697808,8.667026
20.615958,8.044654
19.441697,9.480523
20.082385,9.308264
19.750400,8.167524
19.337130,8.463925
19.680110,10.130846
19.009712,10.313773
6.049821,20.237526
6.412459,20.011269
4.848200,20.889098
5.339627,20.998293
4.989716,21.565555
3.944985,21.017980
5.164885,20.479774
4.427804,21.183110
4.093350,21.753449
19.194763,7.490086
19.039978,7.886995
20.003407,7.349292
19.631845,7.685023
19.349707,7.093407
21.209933,6.314620
20.158190,7.842765
20.782410,7.618069
20.357486,6.508689
19.970096,6.838181
20.449510,8.471189
19.796593,8.708824
4.228351,20.166532
4.645308,20.078834
3.811566,20.253879
2.737119,21.960441
19.747901,5.879332
19.626348,6.287734
20.542184,5.672327
20.199562,6.037563
19.869557,5.471217
21.659048,4.541410
20.737020,6.151348
21.340658,5.875760
20.825625,4.805379
20.466819,5.165761
21.079187,6.753456
20.448131,7.044238
4.358229,20.668214
4.737877,20.472456
3.106999,21.218511
3.587584,21.367859
3.191850,21.904059
2.196414,21.271706
3.455965,20.836349
2.663745,21.476403
2.283114,22.017028
20.165967,4.228472
20.078607,4.645488
20.940615,3.956331
20.629341,4.348784
20.253184,3.811672
21.959937,2.737194
21.174244,4.417855
21.753011,4.093365
21.151014,3.068827
20.823227,3.457934
21.565100,4.989567
20.960219,5.331630
2.548700,20.447100
2.971355,20.393900
2.126050,20.499741
0.914546,22.111494
20.446412,2.548894
20.393523,2.971484
21.195205,2.213789
20.917893,2.630254
20.498962,2.126209
22.110873,0.914682
21.466657,2.654208
22.016236,2.282936
21.332460,1.312436
21.037964,1.726744
21.903392,3.191769
21.328915,3.581947
2.637240,20.957693
3.031260,20.793445
1.343737,21.401618
1.810631,21.590438
1.371979,22.092703
0.000000,21.175469
0.851346,20.587932
0.514876,20.601421
1.724253,21.050981
1.277038,20.570085
0.633594,21.489798
1.022744,21.699235
0.457057,22.130482
-0.000000,21.661623
0.470319,21.058151
0.984397,21.056150
20.587080,0.851451
20.569157,1.277193
21.383409,0.000000
20.600693,0.514864
21.516999,0.662566
21.703891,1.074516
21.072937,0.877691
22.129632,0.456835
21.660476,0.000000
21.106778,0.000000
21.015255,0.436268
21.551577,1.809032
