22.836173,-0.000000
22.756135,1.885782
22.522182,3.758178
22.134838,5.605629
21.595912,7.414501
20.909861,9.172645
20.080906,10.867962
19.114757,12.489147
18.018538,14.024737
16.798133,15.465528
15.464640,16.798985
14.023526,18.019708
12.488190,19.115960
10.867915,20.081469
9.171877,20.910144
7.413975,21.596565
5.605078,22.135351
3.758272,22.522651
1.885614,22.757396
0.000000,22.837453
-0.000000,24.224490
2.001365,24.140365
3.987701,23.893499
5.946967,23.482493
7.865884,22.910967
9.730660,22.183294
11.529451,21.304011
13.249668,20.279620
14.878950,19.115863
16.406127,17.822165
17.822085,16.405926
19.115709,14.878745
20.279231,13.249446
21.303698,11.529082
22.183101,9.730704
22.910786,7.865539
23.482324,5.946413
23.893034,3.987649
24.140173,2.000415
24.223060,-0.000000
11.679783,19.601594
12.390394,20.794379
11.631953,20.434358
11.275635,19.841779
12.406005,19.905306
11.880524,19.984896
12.084409,19.359574
14.065515,19.700243
12.180615,20.388277
12.821302,20.536960
13.276894,19.407929
12.746363,19.473263
12.966591,19.894267
12.622330,20.217220
11.959965,21.050551
10.631057,21.746349
13.258180,18.570160
12.875487,18.843132
14.009135,18.815804
13.489470,18.937892
13.641674,18.296196
15.644049,18.471467
13.820206,19.314755
14.473983,19.408400
14.834292,18.245141
14.309721,18.355357
13.657770,19.991312
10.796050,20.935220
9.878445,21.354292
14.746418,17.411232
14.387534,17.715764
15.515782,17.594759
15.007693,17.758905
15.106826,17.106682
17.115892,17.116231
15.367803,18.107656
16.026918,18.147063
16.290581,16.957629
15.776955,17.110784
15.261210,18.795190
14.565277,18.755439
11.343156,20.889254
11.082013,21.525668
11.081531,20.478219
10.180335,21.966241
8.798642,22.550004
10.021162,20.498513
10.445228,20.291657
10.235879,20.913611
9.598911,20.705904
10.424404,21.344825
16.133768,16.134241
15.801558,16.466913
16.914473,16.253360
16.422354,16.458810
16.467150,15.801263
18.470821,15.644454
16.810737,16.776407
17.470936,16.761416
17.634841,15.554749
17.135754,15.749638
16.761051,17.470905
16.065197,17.487915
9.041156,21.784082
9.573709,21.773005
9.267173,22.366924
8.087344,22.091320
9.327292,21.335703
8.622117,22.140566
8.331490,22.731675
17.410907,14.746911
17.106828,15.106354
18.199466,14.801070
17.725752,15.046455
17.716041,14.387208
19.699599,14.065965
18.138456,15.331086
18.795332,15.261717
18.859394,14.045426
18.377987,14.280634
18.146828,16.027001
17.453522,16.102082
8.294112,21.256369
8.733111,21.084268
8.493958,21.683636
7.856070,21.427833
8.873515,21.419973
6.906107,23.199661
18.569326,13.258381
18.296294,13.641732
19.359634,13.247740
18.907621,13.531262
18.843570,12.875349
20.793679,12.391075
19.342645,13.780937
19.991376,13.657656
19.954597,12.439887
19.494356,12.714212
19.408118,14.474109
18.723956,14.605720
7.209474,22.449818
7.743997,22.485512
7.388272,23.056091
6.234712,22.684305
7.539527,22.031031
6.765853,22.775478
6.425870,23.342146
19.600658,11.679783
19.360012,12.084626
20.387071,11.603838
19.960287,11.923566
19.842331,11.275495
21.745801,10.631412
20.414482,12.136445
21.050678,11.959940
20.913662,10.749844
20.477712,11.060971
20.536996,12.821972
19.866265,13.009460
6.510542,21.868931
6.962445,21.733285
6.059661,22.003589
4.966560,23.690990
20.498338,10.021321
20.291791,10.444805
21.275824,9.880812
20.876890,10.234674
20.705550,9.598567
22.549513,8.799406
21.346754,10.409391
21.966366,10.180741
21.729936,8.986225
21.321182,9.332261
21.525501,11.081979
20.872234,11.324695
6.670094,22.311587
7.076039,22.081874
5.330998,22.969430
5.860447,23.048698
5.459053,23.587720
4.340030,23.121911
5.693958,22.578642
4.861705,23.256593
4.476539,23.793283
21.255910,8.294399
21.084965,8.733589
22.019106,8.090211
21.650898,8.475694
21.427471,7.856107
23.199174,6.907099
22.133478,8.611204
22.731981,8.331951
22.397798,7.161176
22.019063,7.539636
22.367107,9.266686
21.736255,9.562470
4.682349,22.332058
5.143678,22.234133
4.221750,22.428679
2.993083,24.019751
21.868416,6.510517
21.734210,6.962654
22.612228,6.244259
22.276933,6.658720
22.003123,6.059651
23.690312,4.967333
22.768907,6.753982
23.342443,6.426268
22.912676,5.286964
22.566759,5.695669
23.055859,7.387796
22.451652,7.734772
4.805131,22.786270
5.228202,22.590768
3.416358,23.331393
3.937169,23.454298
3.492581,23.958253
2.416138,23.400816
3.810033,22.971909
2.925023,23.578501
2.496906,24.081919
22.331474,4.682511
22.234842,5.144083
23.050676,4.355102
22.751147,4.796085
22.427589,4.221907
24.019809,2.993657
23.248909,4.850839
23.793229,4.476674
23.271099,3.376344
22.959629,3.812883
23.587475,5.458461
23.013943,5.854223
2.822610,22.642880
3.289910,22.582983
2.355298,22.700543
1.000360,24.184965
22.642247,2.823143
22.583531,3.290154
23.330628,2.437093
23.069843,2.900688
22.699694,2.355708
24.185101,1.001057
23.570283,2.914626
24.080935,2.496320
23.470063,1.444167
23.196684,1.904114
23.957608,3.492389
23.418584,3.932778
2.907583,23.105816
3.344815,22.944862
1.477352,23.533355
1.986921,23.698715
1.501309,24.165084
0.000000,23.334888
0.942492,22.798820
0.569621,22.812744
1.900908,23.208828
1.413494,22.778330
0.695847,23.620174
1.122871,23.808017
0.499082,24.205732
-0.000000,23.777189
0.520295,23.227814
1.085543,23.222447
22.797979,0.942842
22.777098,1.413999
23.523365,0.000000
22.812416,0.569552
23.645368,0.728227
23.811544,1.179657
23.238475,0.967966
24.204900,0.498167
23.775328,0.000000
23.272971,0.000000
23.189092,0.483057
23.663377,1.985892
