28.468613,-0.000000
28.367505,2.350995
28.075775,4.684614
27.592570,6.988268
26.920612,9.243360
26.065466,11.435010
25.032043,13.548383
23.827504,15.569283
22.460902,17.483531
20.939812,19.279416
19.277516,20.941550
17.480677,22.463387
15.567018,23.829909
13.548481,25.032860
11.433103,26.065932
9.242008,26.921628
6.986765,27.593109
4.684954,28.076070
2.350901,28.369275
0.000000,28.470133
-0.000000,29.593561
2.446154,29.491321
4.871923,29.190052
7.265575,28.688042
9.610007,27.989930
11.887949,27.100934
14.086052,26.026705
16.187613,24.774886
18.177756,23.353110
20.043382,21.772813
21.773054,20.042450
23.353144,18.177019
24.774610,16.186728
26.026328,14.085004
27.100553,11.888113
27.989650,9.609528
28.688045,7.264676
29.189320,4.872672
29.492021,2.444518
29.592421,-0.000000
14.562347,24.439070
15.139378,25.408020
14.352626,25.213203
14.060652,24.736553
15.320551,24.580882
14.715842,24.754672
15.064718,24.137376
17.186133,24.070950
14.978672,25.071153
15.667475,25.091120
16.381475,23.946059
15.782958,24.111727
15.945992,24.464288
15.504278,24.830054
14.611996,25.721727
12.990125,26.571058
16.529993,23.153052
16.055390,23.491383
17.299751,23.234546
16.707999,23.457353
17.006611,22.812178
19.114938,22.569694
16.994940,23.750659
17.687055,23.712750
18.303375,22.511248
17.718148,22.727319
16.686372,24.427576
13.313340,25.815434
12.186580,26.342163
18.385354,21.707979
17.940635,22.085807
19.159452,21.726719
18.588433,21.996982
18.833827,21.329459
20.913316,20.913514
18.898203,22.266498
19.584538,22.171594
20.100224,20.923105
19.535065,21.186391
18.644955,22.966604
17.911142,23.063936
13.944562,25.679827
13.543522,26.299962
13.719537,25.352342
12.436880,26.840405
10.750922,27.553081
12.494351,25.556594
13.021957,25.300088
12.672452,25.890700
11.970787,25.815242
12.818235,26.245600
20.115098,20.116003
19.703122,20.528929
20.886912,20.070540
20.340737,20.386806
20.529636,19.701979
22.568524,19.115526
20.672260,20.629266
21.348697,20.478623
21.758654,19.192169
21.217444,19.501151
20.477885,21.348863
19.755613,21.505339
11.144025,26.849925
11.766540,26.760228
11.326669,27.327362
9.977519,27.252667
11.546294,26.413446
10.601838,27.221832
10.177569,27.775326
21.707341,18.386507
21.330241,18.832465
22.473338,18.277272
21.955122,18.637544
22.086725,17.939142
24.069936,17.186864
22.304882,18.852099
22.966868,18.645957
23.269539,17.329917
22.755414,17.682163
22.171373,19.584880
21.462803,19.801350
10.341360,26.501912
10.886273,26.286981
10.515837,26.843025
9.797596,26.715276
11.001837,26.557300
8.437835,28.346878
23.151522,16.530514
22.813022,17.006465
23.905954,16.359175
23.418821,16.760814
23.492716,16.054653
25.406641,15.140748
23.785434,16.946041
24.427889,16.686071
24.620794,15.349256
24.137703,15.742733
23.712516,17.687615
23.024871,17.961305
8.887348,27.673186
9.517565,27.637374
9.030941,28.169778
7.691711,27.983924
9.333316,27.274305
8.319774,28.002771
7.849413,28.520763
24.437428,14.562366
24.139018,15.065211
25.174769,14.329564
24.722800,14.769549
24.738062,14.060304
26.570157,12.990594
25.103459,14.923949
25.722107,14.611864
25.804140,13.264051
25.355390,13.695727
25.091884,15.669197
24.429622,15.998559
8.117682,27.265493
8.679097,27.095634
7.557828,27.433321
6.067686,28.947241
25.556782,12.494674
25.300536,13.020887
26.272166,12.201826
25.858304,12.677733
25.814178,11.969663
27.552275,10.752260
26.249905,12.800239
26.840819,12.437719
26.811381,11.088056
26.399703,11.555151
26.300114,13.543411
25.666801,13.926972
8.258282,27.620757
8.772434,27.376552
6.571700,28.313540
7.202155,28.329352
6.673828,28.819537
5.354405,28.523922
7.048482,27.951969
5.978426,28.594220
5.467846,29.071783
26.501394,10.341637
26.289207,10.887229
27.189912,9.990682
26.817123,10.499058
26.714449,9.797440
28.346068,8.440247
27.217358,10.589115
27.776182,10.178676
27.635284,8.836243
27.263884,9.335418
27.328577,11.325437
26.729247,11.759909
5.838222,27.842960
6.411490,27.719939
5.266224,27.963383
3.655646,29.348620
27.264892,8.117086
27.098580,8.679539
27.922622,7.711444
27.592344,8.248205
27.432516,7.557656
28.946264,6.069598
27.998602,8.305249
28.521801,7.850320
28.270406,6.523579
27.941987,7.052217
28.170297,9.029517
27.609156,9.512450
5.949418,28.208209
6.481673,28.007595
4.211374,28.759378
4.837847,28.827697
4.271370,29.272723
2.980730,28.867754
4.716589,28.438942
3.597455,28.989982
3.049859,29.424801
27.842517,5.838244
27.722518,6.412166
28.463725,5.378094
28.180302,5.940801
27.961268,5.266588
29.349655,3.657705
28.589010,5.965270
29.072384,5.467876
28.713474,4.165817
28.428212,4.721448
28.820132,6.672278
28.300766,7.199525
3.519953,28.230824
4.100016,28.154695
2.939198,28.301610
1.222273,29.550040
28.230346,3.520964
28.157156,4.100385
28.809436,3.010036
28.575686,3.593053
28.300994,2.939927
29.552159,1.224246
28.984723,3.584973
29.423607,3.048287
28.957778,1.782522
28.722164,2.358337
29.272715,4.270657
28.797904,4.836315
3.600019,28.604404
4.146547,28.446374
1.821597,29.009270
2.441007,29.128388
1.836161,29.526516
0.000000,28.866515
1.175323,28.424792
0.710251,28.441149
2.353633,28.732570
1.760154,28.398963
0.855724,29.095424
1.380808,29.240887
0.607442,29.575610
0.000000,29.225252
0.647912,28.777997
1.344018,28.765378
28.424515,1.176075
28.397601,1.761449
29.018768,0.000000
28.441913,0.710111
29.117329,0.896808
29.242822,1.450822
28.780844,1.198311
29.575181,0.604994
29.223037,0.000000
28.817283,0.000000
28.747747,0.602401
29.099848,2.441376
