23.071640,-0.000000
22.990662,1.905221
22.754290,3.796889
22.362929,5.663410
21.818441,7.490928
21.125323,9.267193
20.287822,10.979982
19.311708,12.617870
18.204187,14.169289
16.971214,15.624924
15.623980,16.972118
14.167995,18.205429
12.616848,19.312982
10.979939,20.288410
9.266376,21.125618
7.490371,21.819122
5.662822,22.363452
3.797002,22.754753
1.905052,22.991955
-0.000000,23.072943
-0.000000,24.446614
2.019779,24.361692
4.024298,24.112582
6.001525,23.697813
7.938040,23.121054
9.819899,22.386709
11.635208,21.499367
13.371190,20.465573
15.015401,19.291137
16.556577,17.985581
17.985509,16.556349
19.290986,15.015171
20.465175,13.370940
21.499045,11.634803
22.386508,9.819939
23.120868,7.937673
23.697652,6.000937
24.112111,4.024261
24.361542,2.018776
24.445164,-0.000000
11.800255,19.803796
12.504101,20.985237
11.745064,20.633031
11.392030,20.046364
12.527221,20.099777
11.998631,20.183605
12.208989,19.559257
14.194596,19.881053
12.296744,20.582636
12.939025,20.725357
13.405951,19.596587
12.872820,19.666443
13.090233,20.083930
12.741866,20.408546
12.069686,21.243775
10.728637,21.945942
13.394921,18.761711
13.008380,19.037417
14.145989,18.999580
13.623533,19.126166
13.782328,18.484938
15.787621,18.641003
13.951967,19.498859
14.606892,19.586463
14.978511,18.422482
14.451662,18.537428
13.783069,20.174817
10.900669,21.138038
9.974392,21.561619
14.898502,17.590811
14.536025,17.898424
15.667317,17.766606
15.156839,17.935448
15.262621,17.283166
17.272972,17.273319
15.514325,18.280263
16.174080,18.313552
16.448954,17.122478
15.933457,17.280517
15.401188,18.967733
14.704119,18.934244
11.451082,21.088041
11.183832,21.723174
11.191371,20.681203
10.273689,22.167863
8.879382,22.756975
10.124521,20.709927
10.552951,20.500977
10.337337,21.120895
9.698038,20.919465
10.523747,21.548226
16.300162,16.300661
15.964617,16.636699
17.079678,16.412121
16.585569,16.622436
16.636963,15.964285
18.640324,15.788043
16.971001,16.936315
17.631345,16.915192
17.806275,15.705961
17.305733,15.905872
16.914810,17.631310
16.218340,17.654642
9.128522,21.994587
9.664679,21.979913
9.352369,22.572130
8.165912,22.305869
9.419691,21.547153
8.704278,22.351448
8.407863,22.940306
17.590471,14.899026
17.283339,15.262103
18.377210,14.945645
17.901921,15.196044
17.898734,14.535655
19.880379,14.195069
18.311374,15.477218
18.967890,15.401723
19.042730,14.181963
18.560282,14.422289
18.313314,16.174166
17.619897,16.255603
8.379660,21.475617
8.823123,21.301711
8.578152,21.898500
7.937209,21.648838
8.962224,21.634078
6.969453,23.412590
18.760833,13.395133
18.485065,13.782378
19.548708,13.377146
19.095530,13.665787
19.037902,13.008218
20.984499,12.504822
19.527033,13.912297
20.174897,13.782941
20.148580,12.560830
19.687726,12.840331
19.586177,14.607029
18.902434,14.744977
7.279189,22.666874
7.817570,22.699262
7.456218,23.267643
6.295275,22.904599
7.614223,22.249381
6.830344,22.992421
6.484760,23.556361
19.802808,11.800254
19.559748,12.209216
20.586186,11.717203
20.158667,12.042115
20.046970,11.391876
21.945366,10.729006
20.609091,12.252133
21.243920,12.069652
21.116970,10.854360
20.680845,11.170692
20.725417,12.939742
20.055635,13.133507
6.577698,22.094491
7.034215,21.957397
6.122269,22.230536
5.012092,23.908425
20.709755,10.124687
20.501131,10.552491
21.483619,9.977346
21.084389,10.336438
20.919087,9.697657
22.756460,8.880188
21.550252,10.508617
22.168008,10.274117
21.941180,9.073597
21.532679,9.424829
21.723013,11.183789
21.071203,11.432691
6.736225,22.532695
7.146745,22.302524
5.382542,23.191502
5.916102,23.267785
5.509296,23.804158
4.382195,23.346460
5.750362,22.802402
4.908055,23.478109
4.517550,24.011628
21.475141,8.379954
21.302476,8.823624
22.234154,8.169258
21.866097,8.559972
21.648459,7.937238
23.412083,6.970517
22.344477,8.693291
22.940643,8.408354
22.615530,7.230809
22.237483,7.614414
22.572346,9.351839
21.943461,9.653664
4.730646,22.562398
5.196682,22.463401
4.265391,22.660011
3.020484,24.240178
22.093962,6.577655
21.958412,7.034432
22.833080,6.305280
22.498348,6.724927
22.230055,6.122247
23.907726,5.012924
22.985956,6.818360
23.556696,6.485186
23.135401,5.338363
22.790613,5.752159
23.267423,7.455699
22.665683,7.808542
4.852779,23.012071
5.280447,22.816505
3.449388,23.556944
3.974528,23.677235
3.524780,24.178115
2.439597,23.628056
3.847780,23.199577
2.952933,23.803076
2.519784,24.302938
22.561807,4.730807
22.464194,5.197105
23.275798,4.397648
22.977302,4.843763
22.658871,4.265553
24.240285,3.021115
23.470534,4.897093
24.011604,4.517692
23.497349,3.409164
23.187372,3.850719
23.803933,5.508660
23.233339,5.910052
2.851749,22.876438
3.323786,22.815843
2.379692,22.934642
1.009543,24.406897
22.875807,2.852310
22.816476,3.324037
23.558471,2.460921
23.299206,2.929517
22.933789,2.380122
24.407118,1.010298
23.795001,2.942446
24.301935,2.519159
23.698191,1.458227
23.426807,1.923025
24.177476,3.524576
23.641820,3.970263
2.936411,23.334815
3.378228,23.174125
1.491632,23.760906
2.005758,23.923983
1.515152,24.386889
0.000000,23.565146
0.952203,23.033975
0.575466,23.047965
1.919747,23.438866
1.428004,23.013228
0.702491,23.847623
1.133572,24.033364
0.503572,24.427858
-0.000000,24.003224
0.525619,23.459047
1.096319,23.453346
23.033146,0.952575
23.011976,1.428542
23.751768,0.000000
23.047684,0.575394
23.872635,0.735235
24.036795,1.190900
23.469319,0.977577
24.427035,0.502587
24.001315,0.000000
23.503881,0.000000
23.420737,0.488039
23.888985,2.004788
