20.638126,-0.000000
20.567287,1.704333
20.355847,3.396877
20.006020,5.066367
19.519012,6.701211
18.898902,8.290223
18.149722,9.822522
17.276635,11.287842
16.285934,12.675719
15.182840,13.977960
13.977596,15.183215
12.675299,16.286413
11.287506,17.277147
9.822413,18.150089
8.289940,18.899205
6.700994,19.519475
5.066156,20.006533
3.396821,20.356457
1.704235,20.568211
-0.000000,20.639109
0.000000,22.164027
1.830480,22.087634
3.648154,21.861573
5.440882,21.485466
7.196576,20.962456
8.902961,20.296620
10.548501,19.492056
12.122548,18.554870
13.613369,17.490225
15.010709,16.306509
16.306335,15.010794
17.490010,13.613428
18.554560,12.122593
19.491763,10.548498
20.296353,8.903040
20.962150,7.196512
21.485074,5.440729
21.861006,3.648074
22.086984,1.830184
22.162979,-0.000000
10.555379,17.714311
11.335717,19.024062
10.579659,18.586116
10.189300,17.932272
11.278028,18.095635
10.780444,18.134000
10.921579,17.495901
12.868243,18.023134
11.101356,18.581977
11.729412,18.789467
12.076323,17.652919
11.568676,17.674209
11.817566,18.131676
11.511834,18.439780
10.942149,19.258357
9.725963,19.894983
11.981958,16.782336
11.635245,17.029774
12.735697,17.105780
12.240825,17.184269
12.328853,16.534660
14.312386,16.898945
12.595665,17.603825
13.241204,17.756777
13.492655,16.595476
12.987883,16.659848
12.495471,18.289296
9.822965,19.048793
8.985911,19.425740
13.327004,15.735248
13.001722,16.010928
14.105752,15.995771
13.618620,16.114618
13.652643,15.459593
15.658935,15.659171
14.006111,16.503567
14.661961,16.602800
14.817284,15.424155
14.319527,15.530144
13.962831,17.194903
13.275060,17.093815
10.340333,19.042027
10.137619,19.693651
10.058700,18.587893
9.314369,20.096124
8.049830,20.630226
9.056479,18.525297
9.439654,18.338060
9.291087,18.983216
8.673751,18.712635
9.501198,19.454520
14.580787,14.581052
14.279728,14.882235
15.377239,14.776098
14.902191,14.934835
14.882131,14.279820
16.898619,14.312611
15.321328,15.290324
15.983083,15.335073
16.040042,14.148122
15.552802,14.294731
15.334850,15.983201
14.642073,15.938541
8.228696,19.826352
8.728474,19.850541
8.476966,20.463510
7.356505,20.095563
8.466841,19.366619
7.858570,20.180803
7.623049,20.796602
15.734999,13.327255
15.459444,13.652674
16.545537,13.455830
16.084936,13.653218
16.010810,13.001803
18.022780,12.868457
16.531434,13.973047
17.194785,13.963070
17.153861,12.775327
16.680322,12.961497
16.602581,14.662089
15.907420,14.675433
7.495733,19.210058
7.892906,19.054864
7.709941,19.682730
7.098820,19.365095
8.046956,19.425212
6.318629,21.224659
16.781922,11.982113
16.534468,12.328997
17.600258,12.043616
17.157441,12.278342
17.029672,11.635338
19.023683,11.335978
17.629004,12.560178
18.289118,12.495536
18.149964,11.314828
17.693520,11.539753
17.756514,13.241317
17.065365,13.311626
6.561150,20.431140
7.060448,20.499421
6.758101,21.093777
5.671354,20.635129
6.843923,19.997659
6.166512,20.759424
5.879619,21.355300
17.713856,10.555467
17.495776,10.921731
18.534194,10.548957
18.112510,10.819416
17.932185,10.189360
19.894627,9.726135
18.605799,11.061299
19.258184,10.942231
19.022220,9.777567
18.585896,10.039186
18.789255,11.729655
18.106431,11.856698
5.883804,19.763706
6.292483,19.641692
5.475387,19.885451
4.544306,21.674226
18.525021,9.056609
18.337873,9.439642
19.342137,8.982522
18.944133,9.286832
18.712334,8.673770
20.629860,8.050084
19.455421,9.487219
20.095931,9.314542
19.764674,8.173432
19.351453,8.470198
19.693378,10.137689
19.023129,10.321060
6.054300,20.252515
6.417253,20.026239
4.851682,20.904113
5.343379,21.013078
4.993091,21.580112
3.947834,21.033168
5.168706,20.494942
4.430931,21.198064
4.096107,21.768132
19.209675,7.495909
19.054773,7.893125
20.017946,7.354640
19.646421,7.690735
19.364739,7.098929
21.224234,6.318882
20.172420,7.848304
20.796427,7.623205
20.372198,6.513397
19.984886,6.843248
20.463297,8.476911
19.810566,8.714978
4.231636,20.182218
4.648915,20.094444
3.814534,20.269631
2.738961,21.975265
19.763241,5.883902
19.641597,6.292622
20.557113,5.676455
20.214559,6.042051
19.884992,5.475477
21.673650,4.544473
20.751656,6.155691
21.355050,5.879720
20.840672,4.808854
20.481976,5.169589
21.093398,6.758019
20.462562,7.049215
4.361456,20.683521
4.741419,20.487771
3.109230,21.233761
3.590103,21.382904
3.194013,21.918848
2.197998,21.287076
3.458522,20.851782
2.665628,21.491563
2.284653,22.031892
20.181632,4.231759
20.094205,4.649099
20.955832,3.959209
20.644658,4.352015
20.268913,3.814642
21.974744,2.739038
21.189187,4.420976
21.767677,4.096123
21.166298,3.071045
20.838647,3.460498
21.579639,4.992939
20.975011,5.335397
2.550682,20.463005
2.973661,20.409756
2.127709,20.515682
0.915164,22.126421
20.462295,2.550880
20.409364,2.973792
21.210603,2.215400
20.933427,2.632207
20.514880,2.127871
22.125783,0.915304
21.481808,2.656085
22.031077,2.284471
21.347870,1.313387
21.053544,1.728025
21.918158,3.193930
21.343965,3.584475
2.639192,20.973218
3.033525,20.809000
1.344700,21.417006
1.811902,21.605641
1.372910,22.107623
0.000000,21.191074
0.852005,20.603948
0.515271,20.617439
1.725529,21.066577
1.278026,20.586079
0.634043,21.505173
1.023465,21.714441
0.457360,22.145422
0.000000,21.676881
0.470681,21.073837
0.985128,21.071810
20.603071,0.852112
20.585126,1.278184
21.398834,0.000000
20.616690,0.515258
21.532334,0.663040
21.719063,1.075273
21.088566,0.878344
22.144548,0.457133
21.675702,0.000000
21.122413,0.000000
21.030950,0.436607
21.566785,1.810307
