25.925702,-0.000000
25.833807,2.140886
25.568131,4.266232
25.128152,6.363911
24.516242,8.417504
23.737450,10.413427
22.796347,12.338029
21.699441,14.178433
20.454924,15.921711
19.069597,17.557276
17.555772,19.070998
15.919536,20.456886
14.176700,21.701394
12.338056,22.797096
10.412032,23.737822
8.416544,24.517122
6.362866,25.128676
4.266521,25.568460
2.140748,25.835349
0.000000,25.927121
-0.000000,27.156490
2.244332,27.062222
4.470667,26.785695
6.667096,26.325000
8.818352,25.684366
10.908701,24.868611
12.925545,23.882902
14.853950,22.734347
16.680301,21.429668
18.392290,19.979460
19.979545,18.391686
21.429616,16.679773
22.733982,14.853354
23.882553,12.924751
24.868353,10.908752
25.684170,8.817831
26.324972,6.666236
26.785156,4.470953
27.062605,2.242868
27.155105,-0.000000
13.260730,22.254860
13.891493,23.313785
13.120823,23.049483
12.803099,22.526395
14.001214,22.464436
13.433408,22.597363
13.719109,21.979965
15.769554,22.087007
13.710717,22.949073
14.375450,23.023888
14.975775,21.891287
14.409294,22.013487
14.595783,22.393286
14.197896,22.739005
13.408258,23.601296
11.919238,24.381033
15.052627,21.083739
14.619504,21.392568
15.810170,21.234297
15.252196,21.413222
15.487327,20.773008
17.539377,20.709422
15.556286,21.740481
16.228538,21.758909
16.732689,20.579611
16.176276,20.749583
15.311703,22.413774
12.173422,23.605426
11.141491,24.083602
16.742216,19.767810
16.336243,20.112632
17.510035,19.856277
16.968779,20.080081
17.151104,19.422667
19.189532,19.189852
17.298376,20.381885
17.969624,20.344787
18.375326,19.127620
17.835006,19.342742
17.109011,21.073004
16.394822,21.111435
12.765488,23.508712
12.426151,24.132807
12.526080,23.147434
11.412622,24.627833
9.864616,25.282088
11.377569,23.272725
11.858637,23.038533
11.570164,23.639285
10.899775,23.508258
11.733413,24.024764
18.317349,18.318100
17.941401,18.694842
19.088658,18.342626
18.568391,18.610153
18.695415,17.940602
20.708451,17.539916
18.922379,18.883311
19.588485,18.791320
19.891511,17.545219
19.371016,17.804100
18.790759,19.588477
18.083163,19.684750
10.191608,24.555704
10.772625,24.499772
10.391835,25.075710
9.121647,24.915615
10.542431,24.116348
9.704690,24.919158
9.339628,25.485812
19.767317,16.743075
19.423199,17.150068
20.538652,16.703687
20.042111,17.013265
20.113331,16.335267
22.086103,15.770211
20.416836,17.256508
21.073290,17.109820
21.272746,15.842752
20.775207,16.143416
20.344557,17.969797
19.645853,18.124934
9.416857,24.133388
9.914163,23.937718
9.601174,24.509081
8.920898,24.327871
10.039467,24.234221
7.742445,26.010432
21.082468,15.052989
20.773538,15.487253
21.847927,14.950727
21.378342,15.300041
21.393589,14.619019
23.312689,13.892602
21.772156,15.511727
22.414043,15.311442
22.508082,14.031940
22.037207,14.372707
21.758656,16.228854
21.075764,16.440630
8.127440,25.307659
8.713656,25.302356
8.285273,25.848603
7.031991,25.584253
8.521829,24.902355
7.615596,25.633922
7.203242,26.169989
22.253442,13.260730
21.981125,13.719459
23.007493,13.095717
22.568663,13.482274
22.527597,12.802796
24.380252,11.919703
22.978630,13.660748
23.601643,13.408140
23.589884,12.125657
23.148910,12.503828
23.024318,14.376713
22.361581,14.643964
7.391913,24.828785
7.904100,24.674274
6.881322,24.981646
5.567754,26.561275
23.272707,11.377815
23.038917,11.857797
24.010455,11.151186
23.605160,11.572699
23.507581,10.898973
25.281396,9.865800
24.028020,11.716788
24.628202,11.413283
24.510650,10.136374
24.102367,10.549562
24.132819,12.426040
23.494000,12.747687
7.539796,25.219090
8.005377,24.982246
6.009761,25.893328
6.593983,25.935924
6.122380,26.444735
4.895102,26.077879
6.435706,25.521156
5.472396,26.175341
5.017884,26.675665
24.132853,9.417173
23.939317,9.914912
24.849211,9.130428
24.480398,9.583833
24.327309,8.920820
26.009768,7.744289
24.913580,9.692792
25.486508,9.340457
25.263903,8.077804
24.891315,8.523018
25.076449,10.390860
24.466534,10.764079
5.316228,25.354624
5.839122,25.242815
4.794550,25.464293
3.354847,26.929618
24.828197,7.391600
24.676381,7.904424
25.518732,7.047305
25.188151,7.529239
24.981024,6.881184
26.560427,5.569214
25.628739,7.602250
26.170771,7.203963
25.844557,5.963618
25.510444,6.438534
25.848723,8.284250
25.271883,8.706833
5.431755,25.755509
5.914893,25.558037
3.851309,26.301136
4.429578,26.392240
3.917766,26.860430
2.725048,26.392272
4.306453,25.965769
3.292754,26.537590
2.798878,26.999515
25.354090,5.316340
25.244625,5.839715
26.013368,4.915024
25.724680,5.422995
25.462647,4.794800
26.930311,3.356205
26.169094,5.460268
26.676032,5.018029
26.249339,3.808366
25.954443,4.310432
26.444918,6.121231
25.904887,6.589857
3.205038,25.707679
3.734326,25.638777
2.675503,25.772514
1.121557,27.114628
25.707163,3.205869
25.640459,3.734643
26.329246,2.750689
26.085451,3.279814
25.771777,2.676117
27.115935,1.122990
26.531160,3.281196
26.998411,2.797769
26.473083,1.629280
26.222731,2.152823
26.860068,3.917350
26.360114,4.426789
3.286742,26.117058
3.784010,25.958498
1.665565,26.529360
2.235184,26.667412
1.684105,27.092908
-0.000000,26.363548
1.070080,25.884519
0.646582,25.899583
2.148751,26.233789
1.603763,25.860928
0.783317,26.615401
1.263909,26.778143
0.558278,27.138002
-0.000000,26.755933
0.590238,26.267765
1.227157,26.258275
25.883989,1.070688
25.859605,1.604689
26.530329,0.000000
25.899925,0.646476
26.638611,0.820479
26.780703,1.327901
26.273885,1.094210
27.137416,0.556495
26.753775,0.000000
26.309322,0.000000
26.234078,0.548483
26.636170,2.234917
