20.164356,0.000000
20.095619,1.665203
19.888977,3.318980
19.547207,4.950112
19.071356,6.547447
18.465442,8.100011
17.733470,9.597204
16.880483,11.028961
15.912565,12.385017
14.834775,13.657399
13.657180,14.835019
12.384803,15.912860
11.028787,16.880813
9.597104,17.733788
8.099879,18.465773
6.547344,19.071768
4.950021,19.547675
3.318939,19.889514
1.665164,20.096274
-0.000000,20.165040
-0.000000,21.723174
1.793895,21.648543
3.575501,21.426962
5.332635,21.058335
7.053426,20.545702
8.725951,19.893084
10.338702,19.104502
11.881509,18.185988
13.342738,17.142584
14.712330,15.982401
15.982229,14.712456
17.142376,13.342835
18.185727,11.881583
19.104218,10.338746
19.892776,8.725999
20.545345,7.053418
21.057910,5.332588
21.426444,3.575464
21.647962,1.793804
21.722471,0.000000
10.313055,17.307482
11.110155,18.645401
10.353780,18.189337
9.955184,17.520655
11.035833,17.707011
10.543963,17.736036
10.670959,17.094192
12.612198,17.664439
10.869982,18.194689
11.495904,18.415694
11.818648,17.276194
11.315563,17.287494
11.571256,17.753789
11.273879,18.058864
10.724441,18.875028
9.532387,19.498961
11.706939,16.396982
11.367995,16.638907
12.462300,16.738613
11.972436,16.807263
12.045931,16.154995
14.027624,16.562642
12.333160,17.237030
12.977570,17.403538
13.204712,16.241412
12.703816,16.295440
12.246875,17.925287
9.614141,18.643909
8.794346,19.011763
13.021136,15.374052
12.703116,15.643483
13.803043,15.652474
13.320074,15.761162
13.339250,15.104630
15.347386,15.347563
13.714228,16.159700
14.370083,16.272542
14.501094,15.095037
14.006331,15.190436
13.685170,16.852693
12.998518,16.737619
10.125396,18.646015
9.935644,19.301768
9.838886,18.181545
9.129147,19.696105
7.889703,20.219573
8.848571,18.099951
9.222894,17.916964
9.088042,18.568249
8.474365,18.282962
9.303293,19.049212
14.246126,14.246330
13.951792,14.540703
15.047221,14.458932
14.575455,14.607253
14.540535,13.951946
16.562417,14.027775
15.002070,14.971756
15.664924,15.030033
15.697767,13.846222
15.212618,13.982055
15.029866,15.665074
14.337050,15.606421
8.054382,19.406213
8.547324,19.438453
8.307975,20.056353
7.199653,19.667152
8.281915,18.943361
7.694883,19.760622
7.471526,20.382705
15.373829,13.021316
15.104438,13.339377
16.190449,13.167010
15.732252,13.353740
15.643288,12.703248
17.664180,12.612326
16.186954,13.681927
16.852518,13.685319
16.787797,12.502724
16.315462,12.677995
16.272352,14.370214
15.576034,14.369624
7.323680,18.768958
7.711799,18.617426
7.541449,19.252627
6.935629,18.920450
7.869187,18.996180
6.193003,20.802202
16.396691,11.707075
16.154767,12.046069
17.222495,11.785073
16.781220,12.009017
16.638691,11.368111
18.645108,11.110278
17.261641,12.298468
17.925068,12.246958
17.762581,11.073331
17.306447,11.287327
17.403309,12.977675
16.709848,13.034219
6.422047,19.997915
6.913960,20.073677
6.623342,20.674011
5.550450,20.195256
6.694423,19.560570
6.038028,20.327177
5.762784,20.930329
17.307154,10.313156
17.093956,10.671081
18.136306,10.322433
17.715258,10.582043
17.520418,9.955275
19.498646,9.532469
18.218010,10.830778
18.874783,10.724512
18.616158,9.568840
18.179219,9.819548
18.415452,11.496025
17.729174,11.609565
5.748742,19.309905
6.148067,19.190862
5.349486,19.428875
4.454012,21.242834
18.099642,8.848669
17.916686,9.222959
18.926864,8.789605
18.528576,9.083039
18.282641,8.474432
20.219220,7.889789
19.049874,9.289479
19.695825,9.129224
19.342760,7.998935
18.928008,8.284875
19.301481,9.935703
18.626683,10.105870
5.921969,19.809899
6.275578,19.584138
4.748851,20.460875
5.232572,20.576726
4.893450,21.150655
3.863666,20.584788
5.055822,20.047044
4.338577,20.756708
4.014725,21.334958
18.768587,7.323779
18.617141,7.711913
19.588192,7.196661
19.215443,7.521957
18.920077,6.935708
20.801792,6.193071
19.751918,7.684714
20.382393,7.471581
19.937348,6.374326
19.547609,6.693538
20.056049,8.307983
19.397672,8.533256
4.134518,19.718784
4.542276,19.633245
3.726807,19.804224
2.684605,21.537926
19.309472,5.748810
19.190536,6.148147
20.115814,5.554519
19.771154,5.909450
19.428434,5.349548
21.242336,4.454045
20.319135,6.027408
20.929953,5.762809
20.395909,4.706222
20.033852,5.056489
20.673622,6.623326
20.036092,6.902224
4.266117,20.231512
4.636736,20.035485
3.043344,20.783573
3.515730,20.938863
3.130168,21.482558
2.151204,20.833313
3.382979,20.396023
2.610012,21.044093
2.239233,21.593350
19.718275,4.134581
19.632838,4.542358
20.506040,3.874196
20.191816,4.256531
19.803671,3.726862
21.537397,2.684610
20.747616,4.328813
21.334480,4.014717
20.714538,3.005510
20.382782,3.384736
21.150195,4.893402
20.537892,5.224158
2.492092,19.993070
2.905494,19.941297
2.078691,20.044690
0.896928,21.686014
19.992488,2.492164
19.940808,2.905551
20.755485,2.167805
20.474176,2.574489
20.044075,2.078751
21.685424,0.896958
21.034110,2.600661
21.592735,2.239172
20.892429,1.285314
20.592964,1.690177
21.481995,3.130132
20.899233,3.509819
2.581532,20.514750
2.966590,20.349618
1.316275,20.962738
1.774388,21.156924
1.345434,21.667435
0.000000,20.730284
0.832550,20.130731
0.503617,20.144175
1.687853,20.606021
1.248834,20.113499
0.620776,21.051292
1.002162,21.265656
0.448409,21.704644
0.000000,21.226550
0.460007,20.610577
0.963529,20.609345
20.130077,0.832585
20.112830,1.248886
20.942949,0.000000
20.143554,0.503617
21.079167,0.649052
21.270781,1.052928
20.626528,0.859045
21.703989,0.448346
21.225809,0.000000
20.660210,0.000000
20.566926,0.426603
21.117404,1.772671
