26.022634,-0.000000
25.930381,2.148892
25.663711,4.282177
25.222083,6.387707
24.607883,8.448979
23.826181,10.452363
22.881559,12.384160
21.780550,14.231443
20.531380,15.981238
19.140878,17.622914
17.621394,19.142293
15.979036,20.533363
14.229689,21.782522
12.384190,22.882310
10.450949,23.826554
8.448005,24.608766
6.386645,25.222605
4.282470,25.664035
2.148755,25.931929
0.000000,26.024055
-0.000000,27.249034
2.251998,27.154458
4.485907,26.876992
6.689824,26.414729
8.848415,25.771913
10.945886,24.953377
12.969614,23.964307
14.904592,22.811831
16.737164,21.502706
18.454987,20.047558
20.047649,18.454369
21.502659,16.736626
22.811471,14.903985
23.963959,12.968808
24.953116,10.945940
25.771716,8.847893
26.414705,6.688960
26.876450,4.486208
27.154858,2.250524
27.247658,-0.000000
13.310340,22.338112
13.938878,23.393309
13.167685,23.131794
12.851031,22.610633
14.051412,22.544963
13.482229,22.679492
13.770399,22.062191
15.823344,22.162344
13.758924,23.029752
14.424511,23.102387
15.029250,21.969453
14.461583,22.093359
14.647115,22.472021
14.247553,22.818485
13.453971,23.681813
11.959902,24.464196
15.108936,21.162610
14.674232,21.472564
15.866845,21.310401
15.307617,21.491042
15.545237,20.850729
17.599205,20.780063
15.610983,21.816905
16.283922,21.833103
16.792442,20.653092
16.234968,20.824866
15.363907,22.490241
12.216783,23.689488
11.181247,24.169516
16.804843,19.841757
16.397394,20.187840
17.572791,19.927442
17.030437,20.153056
17.215245,19.495342
19.254989,19.255305
17.359200,20.453535
18.030947,20.414157
18.440945,19.195922
17.899720,19.412922
17.167336,21.144907
16.452469,21.185665
12.810310,23.591248
12.468580,24.215100
12.571507,23.231364
11.451517,24.711848
9.898269,25.368325
11.420134,23.359774
11.902981,23.124729
11.612122,23.724987
10.940596,23.596189
11.774656,24.109196
18.385869,18.386626
18.008549,18.764748
19.157077,18.408370
18.635863,18.677789
18.765331,18.007734
20.779084,17.599747
18.988908,18.949690
19.655326,18.855393
19.962541,17.607871
19.441302,17.868699
18.854826,19.655322
18.146745,19.753965
10.227832,24.642964
10.810407,24.585699
10.427335,25.161212
9.154204,25.004516
10.580642,24.203785
9.738798,25.006700
9.371449,25.572749
19.841260,16.805713
19.495886,17.214194
20.612263,16.763558
20.114937,17.075100
20.188551,16.396396
22.161435,15.824006
20.488618,17.317170
21.145196,17.168153
21.348708,15.899325
20.850586,16.201989
20.413928,18.031125
19.714929,18.188667
9.452092,24.223664
9.951218,24.027257
9.635991,24.597924
8.954313,24.418868
10.076111,24.322673
7.768849,26.099153
21.161329,15.109303
20.851273,15.545159
21.926230,15.004315
21.456021,15.355651
21.473601,14.673736
23.392204,13.939998
21.848699,15.566257
22.490516,15.363642
22.588454,14.082052
22.117165,14.424857
21.832851,16.284246
21.149865,16.498443
8.156343,25.397632
8.744215,25.391119
8.313588,25.936745
7.057087,25.675535
8.552718,24.992642
7.642368,25.723980
7.227779,26.259253
22.336684,13.310340
22.063373,13.770754
23.089953,13.142662
22.650670,13.531279
22.611853,12.850724
24.463410,11.960368
23.059415,13.708772
23.682165,13.453850
23.674120,12.168963
23.232903,12.549197
23.102831,14.425791
22.440203,14.695463
7.419573,24.921659
7.933643,24.766561
6.907106,25.075091
5.586736,26.651877
23.359764,11.420382
23.125119,11.902130
24.096509,11.191161
23.690936,11.614767
23.595501,10.939781
25.367629,9.899462
24.112495,11.757979
24.712223,11.452186
24.598175,10.172577
24.189819,10.587839
24.215119,12.468469
23.576605,12.792521
7.567145,25.310511
8.034585,25.073409
6.031133,25.985381
6.617101,26.026906
6.143320,26.534914
4.912575,26.170926
6.459030,25.613683
5.491635,26.267301
5.034971,26.766650
24.223130,9.452407
24.028884,9.951975
24.938270,9.163160
24.569356,9.618674
24.418299,8.954231
26.098486,7.770716
25.001169,9.726868
25.573456,9.372288
25.354116,8.106656
24.981630,8.553941
25.161971,10.426348
24.552558,10.801939
5.336121,25.449466
5.860940,25.337226
4.812526,25.559545
3.366268,27.021472
24.921072,7.419249
24.768704,7.933970
25.610195,7.072574
25.279678,7.556609
25.074465,6.906966
26.651025,5.588214
25.718840,7.628976
26.260049,7.228509
25.936842,5.984918
25.603005,6.461893
25.936882,8.312549
25.360742,8.737460
5.451460,25.848872
5.936475,25.651303
3.865004,26.394634
4.445097,26.484820
3.931191,26.952033
2.734774,26.486437
4.322064,26.059909
3.304339,26.630823
2.808409,27.091609
25.448937,5.336231
25.339070,5.861538
26.106600,4.932643
25.818166,5.442706
25.557884,4.812780
27.022182,3.367652
26.261098,5.479468
26.767030,5.035114
26.343081,3.821965
26.048611,4.326077
26.535114,6.142155
25.995974,6.613035
3.217040,25.803847
3.748267,25.734667
2.685553,25.868908
1.125382,27.207105
25.803335,3.217879
25.736383,3.748586
26.423611,2.760557
26.180257,3.291736
25.868178,2.686172
27.208449,1.126837
26.624444,3.292745
27.090505,2.807283
26.567607,1.635108
26.317878,2.160645
26.951685,3.930766
26.452795,4.442356
3.298666,26.211741
3.797815,26.053222
1.671496,26.623683
2.243007,26.760962
1.689877,27.185321
0.000000,26.458806
1.074089,25.981341
0.649005,25.996449
2.156548,26.328906
1.609728,25.957660
0.786071,26.709718
1.268353,26.871751
0.560145,27.230562
0.000000,26.849799
0.592435,26.363331
1.231607,26.353717
25.980823,1.074703
25.956338,1.610668
26.624987,0.000000
25.996812,0.648898
26.732876,0.823383
26.874288,1.332574
26.369322,1.098175
27.229986,0.558336
26.847639,0.000000
26.404793,0.000000
26.329787,0.550538
26.729835,2.242765
