26.744204,0.000000
26.649303,2.208498
26.375234,4.400878
25.921333,6.564855
25.290092,8.683299
24.486726,10.742221
23.515908,12.727580
22.384358,14.626076
21.100547,16.424383
19.671522,18.111550
18.109912,19.673039
16.421981,21.102685
14.624163,22.386467
12.727631,23.516680
10.740662,24.487119
8.682217,25.291012
6.563668,25.921853
4.401195,26.375536
2.208374,26.650909
-0.000000,26.745647
-0.000000,27.938876
2.309136,27.842014
4.599502,27.557552
6.859240,27.083594
9.072507,26.424511
11.223074,25.585245
13.298107,24.571123
15.282093,23.389421
17.161030,22.047148
18.922340,20.555176
20.555313,18.921627
22.047128,17.160425
23.389085,15.281400
24.570771,13.297221
25.584959,11.223149
26.424300,9.071983
27.083590,6.858348
27.556969,4.599922
27.842521,2.307595
27.937563,0.000000
13.679654,22.957868
14.292097,23.986101
13.516772,23.744968
13.207848,23.237740
14.425335,23.144807
13.845828,23.291147
14.152218,22.674323
16.224314,22.723920
14.118111,23.630891
14.790221,23.687536
15.427608,22.551747
14.851022,22.688225
15.029593,23.058684
14.617575,23.410740
13.794712,24.282010
12.263020,25.084104
15.528120,21.749758
15.081647,22.068083
16.289019,21.877307
15.720364,22.070603
15.976335,21.429315
18.045179,21.306630
16.018525,22.386345
16.696768,22.386154
17.237562,21.200489
16.672096,21.385563
15.753032,23.060256
12.539805,24.315728
11.477413,24.809541
17.271063,20.392255
16.852622,20.747713
18.040263,20.457556
17.489638,20.696540
17.692723,20.036366
19.742919,19.743204
17.812400,20.987405
18.488063,20.931254
18.929765,19.704741
18.381694,19.935608
17.602104,21.680896
16.881998,21.738759
13.144288,24.206249
12.784860,24.828532
12.909844,23.856462
11.741449,25.338125
10.149130,26.011152
11.737002,24.007801
12.233084,23.766410
11.924619,24.363280
11.244483,24.250779
12.081961,24.738310
18.895957,18.896763
18.508419,19.285157
19.666730,18.898094
19.138359,19.181510
19.285793,18.507497
21.305594,18.045735
19.484615,19.444281
20.153573,19.333003
20.491673,18.074595
19.964774,18.349823
19.332389,20.153605
18.620504,20.269692
10.497700,25.293049
11.091935,25.225979
10.691955,25.798562
9.396744,25.666791
10.865235,24.855008
9.992939,25.658991
9.608641,26.220805
20.391718,17.272017
20.036990,17.691565
21.160586,17.209540
20.657315,17.535618
20.748500,16.851472
22.722975,16.225001
21.023465,17.769165
21.681191,17.602977
21.914581,16.320768
21.411986,16.638231
20.931030,18.488281
20.229622,18.663553
9.714397,24.895709
10.227062,24.693827
9.895300,25.259606
9.203066,25.096275
10.349000,24.981389
7.965672,26.760504
21.748399,15.528531
21.429956,15.976230
22.509509,15.403497
22.034540,15.769809
22.069226,15.081074
23.984916,14.293296
22.419022,15.972564
23.060557,15.752749
23.187179,14.455361
22.712668,14.813263
22.385913,16.697154
21.701995,16.929210
8.371667,26.067927
8.971920,26.052525
8.524658,26.593779
7.244043,26.355555
8.782774,25.665089
7.841846,26.395017
7.410685,26.924650
22.956367,13.679660
22.675656,14.152608
23.704197,13.492359
23.261414,13.896247
23.239069,13.207520
25.083283,12.263493
23.661339,14.066607
24.282386,13.794582
24.301621,12.491568
23.858455,12.887104
23.688079,14.791635
23.026024,15.079184
7.625490,25.613051
8.153559,25.453586
7.099057,25.770733
5.728232,27.327241
24.007847,11.737272
23.766834,12.232158
24.737519,11.488935
24.329751,11.928065
24.249993,11.243572
26.010424,10.150380
24.741913,12.064895
25.338530,11.742170
25.250182,10.442270
24.841129,10.872925
24.828597,12.784744
24.192104,13.126583
7.770835,25.991397
8.252094,25.752311
6.190358,26.671171
6.789363,26.704853
6.299412,27.207127
5.042735,26.864085
6.632750,26.302814
5.634986,26.952506
5.162338,27.444882
24.895178,9.714705
24.695645,10.227876
25.601666,9.406977
25.231870,9.878154
25.095644,9.202960
26.759799,7.967709
25.653786,9.980775
26.221574,9.609561
26.026144,8.321588
25.654270,8.784253
25.799459,10.690883
25.193527,11.084031
5.484221,26.155507
6.023357,26.040072
4.946355,26.268638
3.451406,27.706177
25.612462,7.625088
25.455982,8.153918
26.291501,7.260807
25.961322,7.760446
25.770064,7.098900
27.326357,5.729847
26.390178,7.828117
26.925533,7.411474
26.624303,6.143598
26.292366,6.635871
26.594027,8.523499
26.022832,8.965670
5.598218,26.544224
6.097192,26.345871
3.967032,27.091194
4.560737,27.174673
4.031272,27.634862
2.807228,27.187935
4.438333,26.761053
3.390658,27.325514
2.879453,27.778105
26.155005,5.484308
26.042149,6.023984
26.801075,5.063889
26.514395,5.589509
26.266850,4.946639
27.707004,3.452984
26.946612,5.622526
27.445343,5.162457
27.041397,3.923264
26.749943,4.442600
27.207446,6.298127
26.674665,6.785737
3.306388,26.519761
3.852042,26.448519
2.760371,26.586510
1.153893,27.896457
26.519270,3.307282
26.450473,3.852375
27.126535,2.834064
26.886308,3.380534
26.585818,2.761027
27.898051,1.155507
27.319496,3.378799
27.776980,2.878199
27.271747,1.678528
27.026497,2.218902
27.634611,4.030772
27.143359,4.558356
3.387477,26.916917
3.900614,26.758651
1.715694,27.326387
2.301306,27.458042
1.732909,27.874183
0.000000,27.168321
1.103936,26.702121
0.667050,26.717571
2.214621,27.037316
1.654124,26.677785
0.806587,27.412400
1.301469,27.569288
0.574061,27.920535
0.000000,27.549238
0.608795,27.075051
1.264746,27.064535
26.701683,1.104597
26.676457,1.655165
27.330152,0.000000
26.718070,0.666935
27.435173,0.845014
27.571643,1.367394
27.080093,1.127701
27.920014,0.572061
27.547058,0.000000
27.115825,0.000000
27.042540,0.565834
27.427735,2.301242
