20.040799,-0.000000
19.972615,1.654987
19.767211,3.298642
19.427528,4.919761
18.954576,6.507308
18.352360,8.050362
17.624880,9.538399
16.777147,10.961404
15.815182,12.309161
14.744002,13.573751
13.573621,14.744153
12.309048,15.815364
10.961314,16.777355
9.538339,17.625103
8.050303,18.352605
6.507264,18.954859
4.919727,19.427841
3.298625,19.767554
1.654973,19.972998
0.000000,20.041192
-0.000000,21.608222
1.784360,21.534063
3.556571,21.313663
5.304439,20.947001
7.016144,20.437085
8.679857,19.787925
10.284074,19.003522
11.818755,18.089890
13.272290,17.052035
14.634667,15.897989
15.897871,14.634756
17.051888,13.272356
18.089710,11.818802
19.003317,10.284102
19.787694,8.679877
20.436822,7.016143
20.946703,5.304424
21.313326,3.556558
21.533700,1.784334
21.607825,0.000000
10.249854,17.201275
11.051427,18.546745
10.294920,18.085860
9.894123,17.413194
10.972720,17.605658
10.482321,17.632212
10.605593,16.989326
12.545541,17.571001
10.809709,18.093724
11.435109,18.318317
11.751510,17.177963
11.249592,17.186619
11.507096,17.655283
11.211900,17.959576
10.667754,18.775154
9.481980,19.395766
11.635217,16.296396
11.298299,16.536878
12.391065,16.642875
11.902484,16.708923
11.972147,16.055899
13.953500,16.475049
12.264785,17.141424
12.908941,17.311525
13.129696,16.149105
12.629784,16.200400
12.182153,17.830463
9.559726,18.538317
8.744424,18.903789
12.941370,15.279787
12.625245,15.547582
13.724176,15.562972
13.242268,15.668980
13.257519,15.011993
15.266295,15.266406
13.638208,16.070082
14.294110,16.186525
14.418721,15.009242
13.924711,15.101847
13.612892,16.763562
12.926493,16.644783
10.069404,18.542771
9.883052,19.199654
9.781590,18.075533
9.080913,19.591866
7.848004,20.112550
8.794341,17.988896
9.166354,17.807023
9.035115,18.459980
8.422357,18.170775
9.251734,18.943533
14.158849,14.158982
13.866270,14.451575
14.961238,14.376246
14.490302,14.521825
14.451447,13.866387
16.474907,13.953589
14.918923,14.888737
15.582112,14.950587
15.608596,13.767523
15.123961,13.900519
14.950482,15.582221
14.257612,15.519870
8.008958,19.296632
8.500130,19.331006
8.263967,19.950245
7.158774,19.555400
8.233709,18.832924
7.652235,19.651053
7.432065,20.274835
15.279632,12.941482
15.011851,13.257622
16.097927,13.091714
15.640330,13.275643
15.547430,12.625341
17.570832,12.545609
16.097235,13.606061
16.763428,13.612976
16.692418,12.431659
16.220367,12.604066
16.186397,14.294197
15.489729,14.289932
7.278801,18.653778
7.664557,18.503206
7.497526,19.140398
6.893062,18.804341
7.822838,18.884217
6.160285,20.692090
16.296207,11.635303
16.055730,11.972238
17.124054,11.717665
16.683154,11.938780
16.536703,11.298377
18.546548,11.051480
17.165951,12.230261
17.830299,12.182207
17.661636,11.010369
17.205550,11.221497
17.311368,12.909006
16.617252,12.961925
6.385795,19.884908
6.875794,19.962656
6.588246,20.564603
5.518938,20.080500
6.655449,19.446511
6.004548,20.214448
5.732353,20.819560
17.201058,10.249919
16.989137,10.605667
18.032608,10.263366
17.611697,10.520132
17.412995,9.894183
19.395543,9.482013
18.116987,10.770693
18.774963,10.667792
18.510333,9.514415
18.073200,9.762261
18.318137,11.435165
17.630904,11.545154
5.713510,19.191396
6.110393,19.073134
5.316645,19.309640
4.430491,21.130379
17.988666,8.794395
17.806805,9.166403
18.818627,8.739297
18.420233,9.029881
18.170537,8.422402
20.112298,7.848030
18.944215,9.237933
19.591646,9.080943
19.232801,7.953434
18.817612,8.236535
19.199443,9.883082
18.523401,10.049778
5.887471,19.694392
6.238639,19.468754
4.722050,20.345243
5.203699,20.462927
4.867496,21.038707
3.841728,20.467799
5.026391,19.930152
4.314509,20.641591
3.993524,21.222036
18.653514,7.278847
18.502969,7.664609
19.476183,7.155462
19.103080,7.477930
18.804072,6.893101
20.691804,6.160300
19.642361,7.642069
20.274588,7.432081
19.824024,6.338063
19.433613,6.654485
19.950009,8.263976
19.290099,8.485885
4.109185,19.597746
4.514458,19.512796
3.703924,19.682669
2.670442,21.423907
19.191099,5.713542
19.072868,6.110430
20.000808,5.522722
19.655560,5.874859
19.309337,5.316674
21.130054,4.430495
20.206456,5.993971
20.819278,5.732357
20.280017,4.679462
19.917040,5.026987
20.564327,6.588242
19.924986,6.863908
4.241261,20.113540
4.609440,19.917431
3.026172,20.666114
3.496349,20.823043
3.113536,21.368813
2.139008,20.714907
3.363283,20.277066
2.595516,20.927366
2.227397,21.479014
19.597415,4.109211
19.512495,4.514489
20.388835,3.852028
20.073777,4.231623
19.682324,3.703946
21.423561,2.670440
20.632596,4.304793
21.221712,3.993518
20.596838,2.988425
20.263969,3.364974
21.038396,4.867481
20.424024,5.195165
2.476809,19.870321
2.887712,19.818939
2.065907,19.921665
0.892175,21.571183
19.869961,2.476832
19.818605,2.887732
20.636911,2.155396
20.354481,2.559434
19.921294,2.065926
21.570814,0.892181
20.917509,2.586218
21.478644,2.227378
20.773784,1.277996
20.472936,1.680305
21.368462,3.113522
20.783397,3.490364
2.566500,20.395077
2.949137,20.229697
1.308868,20.844199
1.764611,21.039871
1.338273,21.552662
0.000000,20.610001
0.827479,20.007113
0.500581,20.020548
1.678031,20.485797
1.241220,19.990055
0.617317,20.932859
0.996610,21.148585
0.446074,21.589715
0.000000,21.109067
0.457223,20.489632
0.957896,20.488614
20.006729,0.827489
19.989667,1.241236
20.824194,0.000000
20.020171,0.500582
20.961137,0.645406
21.154055,1.047108
20.506123,0.854009
21.589330,0.446057
21.108659,0.000000
20.539761,0.000000
20.445988,0.423993
21.000374,1.762864
