27.025736,0.000000
26.929810,2.231757
26.652856,4.447196
26.194168,6.633977
25.556279,8.774729
24.744459,10.855321
23.763421,12.861579
22.619955,14.780058
21.322628,16.597293
19.878572,18.302210
18.300525,19.880130
16.594813,21.324827
14.778084,22.622118
12.861637,23.764204
10.853705,24.744866
8.773604,25.557218
6.632739,26.194692
4.447520,26.653157
2.231638,26.931445
0.000000,27.027193
-0.000000,28.208460
2.331463,28.110712
4.643890,27.823515
6.925443,27.344987
9.160079,26.679546
11.331395,25.832178
13.426479,24.808264
15.429618,23.615140
17.326673,22.259913
19.104978,20.753551
20.753704,19.104229
22.259902,17.326046
23.614811,15.428893
24.807907,13.425564
25.831876,11.331483
26.679323,9.159557
27.344984,6.924545
27.822908,4.644360
28.111253,2.329900
28.207169,-0.000000
13.823756,23.199687
14.430133,24.217760
13.653087,23.984412
13.347072,23.482429
14.571341,23.379029
13.987769,23.529922
14.301193,22.913172
16.381010,22.943379
14.258407,23.865695
14.933140,23.916209
15.583166,22.779134
15.003056,22.920458
15.178989,23.287835
14.762116,23.642098
13.927866,24.516566
12.381477,25.326360
15.691679,21.978854
15.240615,22.300446
16.453866,22.098668
15.881492,22.296851
16.144538,21.655073
18.219461,21.512408
16.177708,22.608767
16.858104,22.602283
17.411378,21.414249
16.842747,21.604457
15.905095,23.283017
12.665949,24.560288
11.593065,25.059477
17.452975,20.607053
17.030245,20.966166
18.222797,20.664552
17.668901,20.908706
17.879020,20.247468
19.933597,19.933871
17.989417,21.195934
18.666699,21.133332
19.120646,19.903434
18.569853,20.139662
17.772005,21.890360
17.049773,21.954798
13.274746,24.446475
12.908460,25.068257
13.041932,24.100499
11.854750,25.582873
10.247168,26.262364
11.860641,24.260651
12.361879,24.016788
12.046618,24.612466
11.363056,24.506189
12.201993,24.984041
19.094985,19.095811
18.703459,19.488212
19.865735,19.089317
19.334522,19.378152
19.488862,18.702500
21.511348,18.220024
19.678234,19.637467
20.348282,19.519649
20.698296,18.256851
20.169133,18.537652
19.519014,20.348333
18.805554,20.471135
10.603092,25.546926
11.201905,25.476086
10.795365,26.047634
9.491456,25.925415
10.976339,25.109247
10.092206,25.913776
9.701332,26.474064
20.606498,17.453962
20.248119,17.877826
21.374690,17.383684
20.869047,17.715395
20.966977,17.029038
22.942419,16.381707
21.232371,17.945713
21.890652,17.772902
22.135550,16.485341
21.631151,16.808538
21.133107,18.666936
20.430660,18.849044
9.816748,25.157932
10.334687,24.953916
9.996533,25.517925
9.300125,25.360589
10.455521,25.238521
8.042592,27.018957
21.977464,15.692108
21.655747,16.144425
22.737262,15.559367
22.260380,15.931489
22.301623,15.240013
24.216541,14.431362
22.641786,16.131268
23.283321,15.904808
23.420976,14.601139
22.945146,14.964896
22.602043,16.858518
21.917656,17.097468
8.455756,26.329695
9.060867,26.310883
8.607141,26.850543
7.317048,26.621108
8.872587,25.927613
7.919762,26.657125
7.482162,27.184686
23.198156,13.823765
22.914557,14.301599
23.944041,13.628906
23.499834,14.038724
23.483792,13.346739
25.325522,12.381951
23.896445,14.206377
24.516944,13.927735
24.546655,12.617546
24.102664,13.019021
23.916786,14.934605
23.254844,15.229066
7.705839,25.882823
8.239362,25.721657
7.173954,26.042162
5.783531,27.591171
24.260717,11.860920
24.017219,12.360927
24.987814,11.605207
24.579130,12.050371
24.505359,11.362108
26.261620,10.248437
24.987758,12.184776
25.583282,11.855491
25.504786,10.547586
25.095393,10.984221
25.068335,12.908343
24.432516,13.257067
7.850355,26.257213
8.336996,26.017326
6.252541,26.938990
6.856652,26.969673
6.360411,27.469823
5.093562,27.134769
6.700570,26.571852
5.690978,27.220149
5.212112,27.709933
25.157399,9.817052
24.955802,10.335524
25.860702,9.502180
25.490499,9.979452
25.359926,9.300011
27.018232,8.044694
25.908692,10.079951
26.474850,9.702284
26.288566,8.405519
25.916861,8.874168
26.048581,10.794262
25.443887,11.194217
5.542010,26.430994
6.086726,26.314317
4.998574,26.545316
3.484679,27.973759
25.882228,7.705406
25.724144,8.239735
26.557530,7.334306
26.227419,7.840021
26.041470,7.173792
27.590269,5.785197
26.652396,7.905901
27.185596,7.482973
26.892752,6.205564
26.561484,6.703792
26.850831,8.605938
26.281442,9.054808
5.655512,26.815687
6.159927,26.617001
4.006876,27.363220
4.605909,27.444144
4.070386,27.901705
2.835522,27.461877
4.483725,27.034781
3.424373,27.596865
2.907215,28.046384
26.430499,5.542088
26.316477,6.087363
27.072246,5.115136
26.786184,5.646819
26.543473,4.998871
27.974623,3.486333
27.214368,5.678404
27.710418,5.212219
27.314084,3.962820
27.023735,4.488090
27.470184,6.359082
26.939760,6.853195
3.341252,26.799102
3.892529,26.727058
2.789565,26.866510
1.165035,28.165855
26.798612,3.342166
26.729096,3.892869
27.401006,2.862766
27.161929,3.415202
26.865828,2.790234
28.167537,1.166709
27.590975,3.412411
28.045246,2.905912
27.546708,1.695485
27.303131,2.241647
27.901489,4.069854
27.413091,4.603667
3.422149,27.192215
3.940742,27.034022
1.732958,27.600812
2.324079,27.730336
1.749728,28.143385
0.000000,27.445336
1.115586,26.983359
0.674097,26.998948
2.237295,27.313879
1.671441,26.958772
0.814599,27.686830
1.314404,27.841772
0.579499,28.190177
0.000000,27.822454
0.615179,27.352890
1.277681,27.342025
26.982946,1.116264
26.957437,1.672522
27.605523,0.000000
26.999493,0.673978
27.709452,0.853460
27.844053,1.380995
27.357563,1.139224
28.189670,0.577425
27.820264,0.000000
27.393402,0.000000
27.320763,0.571804
27.700332,2.324085
