20.361427,-0.000000
20.291811,1.681483
20.083181,3.351388
19.738065,4.998478
19.257579,6.611416
18.645761,8.179140
17.906629,9.690933
17.045275,11.136647
16.067873,12.505937
14.979553,13.790738
13.790454,14.979854
12.505631,16.068247
11.136399,17.045681
9.690822,17.906966
8.178936,18.646079
6.611256,19.258015
4.998328,19.738563
3.351333,20.083770
1.681414,20.292612
0.000000,20.362275
-0.000000,21.906425
1.809103,21.831055
3.605699,21.607606
5.377624,21.235867
7.112921,20.718918
8.799517,20.060804
10.425896,19.265577
11.981683,18.339298
13.455208,17.287061
14.836329,16.117096
16.116920,14.836443
17.286848,13.455294
18.339015,11.981752
19.265290,10.425928
20.060517,8.799585
20.718582,7.112892
21.235447,5.377532
21.607049,3.605639
21.830412,1.808922
21.905538,-0.000000
10.413851,17.476720
11.203899,18.802779
10.447694,18.354316
10.052566,17.691885
11.136533,17.868603
10.642300,17.901537
10.775206,17.261298
12.718608,17.813514
10.966166,18.355697
11.592949,18.571040
11.925778,17.432829
11.420813,17.448310
11.673648,17.910886
11.372794,18.217214
10.814922,19.034347
9.612838,19.663559
11.821332,16.557282
11.479156,16.801501
12.575970,16.891277
12.084039,16.964043
12.163612,16.312926
14.145965,16.702407
12.442283,17.389513
13.087133,17.550344
13.324425,16.388620
12.821935,16.446974
12.350191,18.076571
9.700962,18.812255
8.873993,19.183893
13.148360,15.524297
12.827318,15.796330
13.928899,15.795210
13.444214,15.908143
13.469605,15.252281
15.476859,15.477066
13.835562,16.302648
14.491381,16.409795
14.632550,15.231872
14.136562,15.331696
13.800561,16.994913
13.113474,16.885693
10.214745,18.810649
10.019586,19.464645
9.930290,18.350529
9.206127,19.862365
7.956252,20.390254
8.935053,18.276894
9.313060,18.092138
9.172473,18.740819
8.557301,18.461706
9.385564,19.217716
14.385328,14.385561
14.088196,14.682767
15.184431,14.590802
14.711319,14.743473
14.682624,14.088328
16.702137,14.146153
15.134783,15.104186
15.797144,15.156806
15.840070,13.971741
15.354073,14.112074
15.156610,15.797284
14.463844,15.744484
8.126853,19.580902
8.622628,19.609771
8.378208,20.225581
7.264867,19.845286
8.358813,19.119379
7.762930,19.935310
7.534501,20.554734
15.524062,13.148573
15.252105,13.469696
16.338087,13.287097
15.878909,13.478274
15.796165,12.827435
17.813213,12.718779
16.330154,13.802948
16.994759,13.800754
16.939995,12.616065
16.467183,12.795884
16.409589,14.491515
15.713788,14.496750
7.395247,18.952457
7.787134,18.799400
7.611513,19.431492
7.003510,19.105424
7.943115,19.174612
6.245214,20.977791
16.556938,11.821481
16.312712,12.163757
17.379567,11.892574
16.937670,12.121015
16.801333,11.479269
18.802450,11.204087
17.414359,12.407267
18.076368,12.350273
17.923650,11.173743
17.467411,11.392297
17.550099,13.087247
16.857637,13.149540
6.479880,20.178047
6.974855,20.250675
6.679349,20.848483
5.600718,20.378158
6.756590,19.742342
6.091441,20.506883
5.811343,21.106963
17.476339,10.413952
17.261109,10.775346
18.301753,10.416624
17.880461,10.680758
17.691712,10.052650
19.663229,9.612966
18.379227,10.926615
19.034133,10.815005
18.785001,9.655630
18.348342,9.910888
18.570809,11.593128
17.886008,11.712305
5.804922,19.498689
6.208139,19.378408
5.401855,19.618814
4.491540,21.422140
18.276601,8.935171
18.091900,9.313098
19.099545,8.869826
18.701397,9.167792
18.461396,8.557356
20.389898,7.956415
19.218479,9.371690
19.862123,9.206252
19.518196,8.071493
19.104107,8.361947
19.464365,10.019657
18.791501,10.195334
5.976996,19.993970
6.334495,19.768006
4.791603,20.645173
5.278635,20.758136
4.934862,21.329157
3.898661,20.771231
5.102762,20.233313
4.376971,20.940204
4.048550,21.515005
18.952080,7.395388
18.799197,7.787301
19.766893,7.262354
19.394678,7.592150
19.105058,7.003610
20.977371,6.245361
19.926742,7.752728
20.554481,7.534603
20.118159,6.432154
19.729459,6.755800
20.225316,8.378196
19.569332,8.608808
4.174914,19.911579
4.586634,19.825108
3.763296,19.997840
2.707197,21.719708
19.498237,5.805012
19.378175,6.208253
20.299310,5.605223
19.955553,5.964598
19.618357,5.401938
21.421596,4.491627
20.498952,6.080742
21.106635,5.811400
20.580836,4.748897
20.220207,5.103526
20.848095,6.679308
20.213395,6.963336
4.305761,20.419493
4.680270,20.223591
3.070737,20.970765
3.546648,21.123474
3.156704,21.663905
2.170659,21.021999
3.414392,20.585567
2.633133,21.230136
2.258112,21.775634
19.911021,4.175010
19.824758,4.586766
20.693061,3.909546
20.380133,4.296242
19.997199,3.763380
21.719157,2.707228
20.931188,4.367128
21.514520,4.048550
20.902366,3.032760
20.572349,3.416245
21.328680,4.934769
20.719616,5.270405
2.516462,20.188575
2.933849,20.136184
2.099078,20.240634
0.904508,21.869078
20.187911,2.516593
20.135712,2.933944
20.944711,2.187595
20.665152,2.598493
20.239909,2.099187
21.868430,0.904582
21.220221,2.623702
21.774906,2.257997
21.081781,1.296986
20.784484,1.705917
21.663265,3.156644
21.084115,3.540855
2.605508,20.705423
2.994425,20.540680
1.328091,21.151633
1.789984,21.343484
1.356855,21.850408
0.000000,20.921922
0.840640,20.327606
0.508462,20.341067
1.703519,20.797564
1.260976,20.310105
0.626292,21.240023
1.011018,21.452244
0.452131,21.887862
0.000000,21.413786
0.464446,20.803256
0.972512,20.801688
20.326821,0.840707
20.309280,1.261076
21.132482,0.000000
20.340355,0.508457
21.267558,0.654867
21.457120,1.062215
20.818654,0.867073
21.887078,0.451998
21.412820,0.000000
20.852406,0.000000
20.759888,0.430764
21.304211,1.788317
