22.043964,-0.000000
21.967146,1.820386
21.741324,3.627950
21.367499,5.411253
20.847292,7.157395
20.185013,8.854575
19.384810,10.491122
18.452192,12.056116
17.393995,13.538461
16.215872,14.929314
14.928606,16.216559
13.537524,17.394930
12.055378,18.453161
10.491055,19.385304
8.853974,20.185285
7.156975,20.847871
5.410818,21.368007
3.627980,21.741844
1.820226,21.968319
0.000000,22.045183
-0.000000,23.479071
1.939561,23.397668
3.864874,23.158326
5.763873,22.759946
7.623735,22.205980
9.431194,21.500688
11.174548,20.648446
12.841867,19.655606
14.421050,18.527691
15.901247,17.273781
17.273666,15.901150
18.527514,14.420936
19.655233,12.841742
20.648143,11.174308
21.500489,9.431253
22.205778,7.623479
22.759717,5.763447
23.157840,3.864787
23.397299,1.938811
23.477709,0.000000
11.274495,18.921354
12.008812,20.153896
11.251918,19.766864
10.884064,19.153523
11.998697,19.251852
11.483514,19.316947
11.665288,18.687821
13.632341,19.093476
11.790601,19.735537
12.426249,19.904733
12.843290,18.774090
12.321307,18.823948
12.551352,19.257307
12.220934,19.574762
11.591744,20.402139
10.303596,21.076550
12.798161,17.925755
12.428423,18.189528
13.549288,18.198302
13.038832,18.305030
13.168478,17.661251
15.162247,17.902533
13.377688,18.696462
14.027962,18.810853
14.349743,17.649328
13.832627,17.743391
13.237273,19.375517
10.444575,20.253854
9.556088,20.657751
14.234782,16.807114
13.887994,17.101269
15.006606,17.017345
14.506360,17.165481
14.582687,16.512978
16.588758,16.589072
14.875715,17.527970
15.533068,17.588354
15.758476,16.403784
15.250917,16.540281
14.791461,18.216184
14.098996,18.154948
10.980719,20.221676
10.740330,20.862871
10.712346,19.795957
9.867044,21.289643
8.527705,21.855448
9.673444,19.787288
10.082806,19.587487
9.894863,20.216893
9.265435,19.987454
10.090769,20.661725
15.573991,15.574387
15.253002,15.895726
16.359360,15.719909
15.873719,15.908805
15.895849,15.252846
17.901993,15.162596
16.272494,16.239368
16.932627,16.245369
17.058855,15.046720
16.564415,15.224512
16.245054,16.932632
15.550886,16.927989
8.747664,21.076920
9.268217,21.078187
8.981272,21.678292
7.823380,21.370512
9.016722,20.624996
8.346186,21.432348
8.075185,22.031563
16.806823,14.235186
16.513017,14.582387
17.602217,14.315288
17.133576,14.543631
17.101412,13.887826
19.092925,13.632715
17.557712,14.840315
18.216249,14.791878
18.243419,13.586703
17.765248,13.804509
17.588122,15.533155
16.894768,15.586505
8.006325,20.518793
8.430283,20.352771
8.210972,20.961448
7.583111,20.684340
8.575283,20.700206
6.693542,22.485116
17.925060,12.798336
17.661239,13.168569
18.724315,12.812922
18.275980,13.079077
18.189783,12.428371
20.153309,12.009356
18.723376,13.339780
19.375501,13.237217
19.302844,12.033553
18.844389,12.290309
18.810570,14.028068
18.124553,14.138048
6.975280,21.720643
7.496936,21.767709
7.160264,22.346154
6.031237,21.944197
7.288459,21.297127
6.549263,22.046912
6.228242,22.623298
18.920579,11.274514
18.688059,11.665476
19.718004,11.222919
19.293440,11.525081
19.153864,10.883987
21.076074,10.303900
19.760883,11.747916
20.402173,11.591757
20.230572,10.398698
19.794925,10.692180
19.904675,12.426765
19.230283,12.592868
6.284626,21.110117
6.720982,20.979361
5.849046,21.240114
4.813772,22.961329
19.787085,9.673589
19.587525,10.082518
20.577587,9.556444
20.179385,9.892605
19.987146,9.265220
21.855014,8.528311
20.663299,10.076148
21.289673,9.867376
21.020184,8.692678
20.610280,9.021123
20.862665,10.740332
20.204009,10.962004
6.447822,21.568410
6.838334,21.340119
5.157845,22.223405
5.673555,22.312982
5.290454,22.861392
4.198373,22.367511
5.504375,21.826561
4.706036,22.512670
4.338908,23.060574
20.518369,8.006585
20.353208,8.430679
21.296500,7.824604
20.927510,8.192407
20.684003,7.583180
22.484668,6.694283
21.424827,8.335517
22.031726,8.075546
21.666251,6.927226
21.284892,7.288293
21.678339,8.980939
21.040363,9.256207
4.519878,21.557166
4.965354,21.462867
4.074947,21.650457
2.901138,23.280056
21.109629,6.284659
20.979946,6.721169
21.870125,6.039222
21.532649,6.436172
21.239669,5.849078
22.960693,4.814339
22.039942,6.537775
22.623428,6.228540
22.164355,5.114283
21.814320,5.505796
22.345865,7.159933
21.732841,7.487024
4.644983,22.027324
5.052560,21.831915
3.305404,22.573691
3.811719,22.705656
3.384542,23.220430
2.337332,22.637383
3.683158,22.206691
2.831286,22.824312
2.420125,23.340230
21.556579,4.520038
21.463255,4.965693
22.294223,4.212142
21.990931,4.635824
21.649503,4.075091
23.279910,2.901522
22.504577,4.695498
23.060388,4.339010
22.510930,3.266081
22.194119,3.685704
22.861058,5.290017
22.277112,5.666729
2.724587,21.857167
3.175933,21.799636
2.273243,21.913016
0.969543,23.440211
21.856495,2.725019
21.799854,3.176151
22.565047,2.357032
22.298835,2.803788
21.912157,2.273583
23.440036,0.970039
22.815560,2.821193
23.339286,2.419675
22.703592,1.396933
22.423169,1.840555
23.219747,3.384388
22.668853,3.806895
2.810696,22.336114
3.232489,22.174156
1.429403,22.768921
1.923664,22.942242
1.454857,23.420739
0.000000,22.561033
0.909843,22.007723
0.549985,22.021450
1.837593,22.435640
1.364671,21.988126
0.673526,22.856141
1.086939,23.051316
0.484006,23.460331
0.000000,23.018133
0.502396,22.450527
1.049314,22.446310
22.006824,0.910114
21.986949,1.365063
22.756005,0.000000
22.020939,0.549932
22.881956,0.704682
23.055166,1.141911
22.462527,0.935645
23.459445,0.483330
23.016434,0.000000
22.496801,0.000000
22.410344,0.466305
22.905686,1.922434
