22.643306,-0.000000
22.564044,1.869861
22.332070,3.726473
21.948017,5.558307
21.413649,7.351906
20.733386,9.095208
19.911431,10.776217
18.953445,12.383721
17.866483,13.906349
16.656372,15.334983
15.334134,16.657189
13.905200,17.867602
12.382815,18.954599
10.776163,19.911985
9.094480,20.733674
7.351405,21.414293
5.557783,21.948538
3.726550,22.332561
1.869694,22.565294
0.000000,22.644583
-0.000000,24.042753
1.986298,23.959286
3.957756,23.714254
5.902327,23.306326
7.806845,22.739083
9.657645,22.016867
11.442920,21.144177
13.150238,20.127478
14.767305,18.972458
16.283026,17.688461
17.688368,16.282854
18.972294,14.767123
20.127086,13.150041
21.143859,11.442582
22.016665,9.657692
22.738889,7.806520
23.306135,5.901802
23.713777,3.957693
23.959041,1.985394
24.041326,0.000000
11.581111,19.435990
12.297357,20.638223
11.539359,20.271730
11.180302,19.674222
12.306772,19.746109
11.783821,19.822205
11.982372,19.196033
13.959899,19.552307
12.085567,20.229206
12.724980,20.382817
13.171246,19.253500
12.642825,19.315105
12.865394,19.739040
12.524499,20.060641
11.870189,20.892461
10.551216,21.583046
13.146183,18.413279
12.766643,18.684011
13.897101,18.665364
13.379704,18.783746
13.526471,18.141616
15.526576,18.332755
13.712362,19.164078
14.365234,19.262713
14.716232,18.099974
14.193507,18.206294
13.555248,19.841174
10.710410,20.769205
9.799903,21.184583
14.621854,17.264157
14.265913,17.566164
15.391729,17.454085
14.885578,17.614363
14.979221,16.962141
16.987366,16.987704
15.247878,17.966387
15.906508,18.010844
16.160934,16.822688
15.648818,16.971820
15.146677,18.654019
14.451639,18.609098
11.254824,20.726563
10.998705,21.364073
10.991601,20.312034
10.103951,21.801279
8.732581,22.380666
9.936506,20.325365
10.356996,20.120224
10.152810,20.743906
9.517722,20.530997
10.343094,21.178356
15.997484,15.997942
15.668005,16.327856
16.779227,16.123397
16.288717,16.324844
16.328062,15.667747
18.332129,15.526971
16.679564,16.645531
17.339686,16.635598
17.494502,15.430971
16.996583,15.621727
16.635242,17.339666
15.939854,17.351460
8.969641,21.611778
9.499255,21.603671
9.197465,22.199030
8.023029,21.915700
9.251640,21.162588
8.554871,21.967974
8.268999,22.560980
17.263835,14.622329
16.962257,14.978794
18.053955,14.682720
17.581509,14.923980
17.566404,14.265630
19.551680,13.960334
17.996924,15.211485
18.654140,15.147165
18.709311,13.933661
18.228730,14.164658
18.010605,15.906593
17.317347,15.976435
8.224046,21.076806
8.659387,20.906182
8.425026,21.507726
7.789614,21.246829
8.800879,21.244671
6.854279,23.025449
18.412471,13.146379
18.141681,13.526540
19.204847,13.141806
18.753765,13.421121
18.684400,12.766528
20.637544,12.298007
19.191724,13.673427
19.841213,13.555148
19.795797,12.340886
19.336031,12.610956
19.262424,14.365357
18.577874,14.491747
7.152409,22.272151
7.683783,22.310577
7.332679,22.883003
6.185135,22.503982
7.478370,21.852267
6.713069,22.597928
6.377686,23.166883
19.435084,11.581117
19.196416,11.982583
20.224062,11.511035
19.797856,11.826505
19.674718,11.180179
21.582508,10.551561
20.255196,12.041760
20.892560,11.870173
20.747227,10.664289
20.311393,10.971140
20.382824,12.725614
19.711269,12.907935
6.455539,21.684197
6.903661,21.549739
6.008383,21.817720
4.929306,23.513092
20.325175,9.936663
20.120329,10.356606
21.105709,9.801787
20.706991,10.151355
20.530648,9.517410
22.380181,8.733309
21.180191,10.328180
21.801375,10.104340
21.557004,8.914703
21.148015,9.256473
21.363889,10.998679
20.709381,11.236306
6.615950,22.130565
7.018144,21.901216
5.288806,22.787657
5.814897,22.869397
5.417944,23.410636
4.305515,22.938107
5.647778,22.395450
4.823768,23.075299
4.442983,23.614640
21.076346,8.224328
20.906810,8.659846
21.843053,8.025502
21.474695,8.406692
21.246467,7.789660
23.024963,6.855211
21.960775,8.544018
22.561244,8.269437
22.219556,7.104175
21.840227,7.478412
22.199172,9.197016
21.566659,9.487833
4.642793,22.143410
5.100265,22.046364
4.186008,22.239220
2.970665,23.839405
21.683680,6.455530
21.550574,6.903865
22.431424,6.194306
22.095639,6.604513
21.817251,6.008384
23.512415,4.930030
22.591253,6.701291
23.167133,6.378060
22.730346,5.244890
22.383473,5.649419
22.882747,7.332238
22.276470,7.674394
4.766120,22.601407
5.185423,22.405945
3.389321,23.146775
3.906593,23.271848
3.466238,23.778367
2.396935,23.214810
3.779128,22.785518
2.902179,23.394705
2.478186,23.901088
22.142815,4.642955
22.046988,5.100655
22.866376,4.320272
22.565972,4.757049
22.238154,4.186161
23.839405,2.971192
23.067508,4.812982
23.614546,4.443111
23.085882,3.349479
22.773159,3.781904
23.410359,5.417390
22.834369,5.808530
2.798745,22.451598
3.262163,22.392274
2.335319,22.508817
0.992847,24.003388
22.450946,2.799255
22.392733,3.262401
23.144102,2.417587
22.882041,2.877085
22.507955,2.335714
24.003438,0.993495
23.386350,2.891856
23.900104,2.477633
23.283310,1.432658
23.008264,1.888632
23.777702,3.466055
23.235866,3.902098
2.883982,22.918334
3.317457,22.757152
1.465666,23.347099
1.971504,23.514356
1.489983,23.983609
0.000000,23.146383
0.934541,22.606229
0.564836,22.620100
1.885484,23.020496
1.401609,22.585951
0.690409,23.434007
1.114114,23.623597
0.495408,24.023996
-0.000000,23.592202
0.515936,23.038496
1.076720,23.033404
22.605362,0.934872
22.584721,1.402087
23.336391,0.000000
22.619717,0.564771
23.459336,0.722490
23.627189,1.170456
23.049464,0.960095
24.023140,0.494550
23.590366,0.000000
23.083907,0.000000
22.999415,0.478978
23.478718,1.970427
