20.000731,-0.000000
19.932727,1.651661
19.727720,3.292020
19.388709,4.909880
18.916692,6.494238
18.315670,8.034194
17.589644,9.519248
16.743612,10.939400
15.783576,12.284449
14.714537,13.546495
13.546494,14.714537
12.284449,15.783577
10.939399,16.743612
9.519248,17.589644
8.034194,18.315671
6.494237,18.916693
4.909879,19.388710
3.292020,19.727722
1.651660,19.932730
-0.000000,20.000734
-0.000000,21.570680
1.781256,21.496678
3.550412,21.276670
5.295267,20.910659
7.004020,20.401642
8.664873,19.753622
10.266323,18.970597
11.798371,18.058569
13.249416,17.022535
14.609459,15.870499
15.870499,14.609460
17.022534,13.249416
18.058568,11.798372
18.970596,10.266323
19.753622,8.664873
20.401641,7.004020
20.910658,5.295267
21.276668,3.550412
21.496676,1.781256
21.570678,-0.000000
10.229323,17.166629
11.032347,18.514584
10.275798,18.052113
9.874286,17.378137
10.952219,17.572610
10.462297,17.598351
10.584362,16.955121
12.523895,17.540554
10.790128,18.060803
11.415359,18.286575
11.729706,17.145940
11.228165,17.153727
11.486256,17.623170
11.191767,17.927206
10.649335,18.742591
9.465598,19.362110
11.611924,16.263596
11.275663,16.503604
12.367933,16.611669
11.879767,16.676863
11.948187,16.023587
13.929438,16.446517
12.242580,17.110263
12.886655,17.281544
13.105340,16.119025
12.605746,16.169422
12.161133,17.799561
9.542045,18.503875
8.728201,18.868563
12.915472,15.249058
12.599960,15.516317
13.698573,15.533809
13.217008,15.638938
13.230984,14.981798
15.239979,15.239980
13.613530,16.040884
14.269449,16.158510
14.391985,14.981293
13.898215,15.072981
13.589427,16.734526
12.903107,16.614530
10.051212,18.509101
9.865961,19.166355
9.762975,18.040953
9.065235,19.557866
7.834447,20.077633
8.776720,17.952657
9.147984,17.771151
9.017917,18.424658
8.405458,18.134163
9.234978,18.909061
14.130516,14.130517
13.838506,14.422527
14.933332,14.349313
14.462663,14.493993
14.422527,13.838507
16.446517,13.929439
14.891938,14.861697
15.555240,14.924719
15.579659,13.741893
15.095188,13.873959
14.924719,15.555240
14.231827,15.491675
7.994194,19.260876
8.484791,19.295953
8.249660,19.915629
7.145486,19.518928
8.218042,18.796888
7.638371,19.615299
7.419234,20.239639
15.249057,12.915472
14.981798,13.230984
16.067905,13.067194
15.610500,13.250205
15.516317,12.599961
17.540553,12.523895
16.068123,13.581358
16.734526,13.589428
16.661472,12.408520
16.189508,12.579990
16.158509,14.269450
15.461723,14.263979
7.264215,18.616182
7.649204,18.465926
7.483250,19.103772
6.879227,18.766439
7.807774,18.847678
6.149643,20.656152
16.263595,11.611925
16.023587,11.948187
17.092116,11.695718
16.651333,11.915908
16.503604,11.275663
18.514583,11.032347
17.134908,12.208057
17.799560,12.161133
17.628887,10.989872
17.172813,11.200061
17.281544,12.886656
16.587210,12.938387
6.374009,19.848022
6.863385,19.926423
6.576832,20.528897
5.508692,20.043038
6.642780,19.409281
5.993662,20.177652
5.722455,20.783405
17.166628,10.229324
16.955121,10.584362
17.998968,10.244137
17.578097,10.499974
17.378136,9.874287
19.362110,9.465598
18.084218,10.751136
18.742591,10.649336
18.476006,9.496700
18.038805,9.743611
18.286575,11.415360
17.599025,11.524187
5.702058,19.152702
6.098148,19.034698
5.305969,19.270707
4.422839,21.093666
17.952657,8.776721
17.771151,9.147985
18.783519,8.722922
18.385086,9.012575
18.134163,8.405458
20.077632,7.834447
18.909946,9.221158
19.557865,9.065236
19.197138,7.938625
18.781802,8.220798
19.166354,9.865961
18.489901,10.031522
5.876256,19.656684
6.226630,19.431088
4.713335,20.307489
5.194309,20.425776
4.859054,21.002162
3.834593,20.429598
5.016822,19.891987
4.306681,20.604005
3.986625,21.185168
18.616181,7.264216
18.465926,7.649205
19.439857,7.142054
19.066635,7.463598
18.766438,6.879227
20.656151,6.149644
19.606834,7.628193
20.239638,7.419234
19.787277,6.326263
19.396640,6.641774
19.915628,8.249661
19.255212,8.470470
4.100950,19.558218
4.505415,19.473463
3.696485,19.642970
2.665834,21.386675
19.152701,5.702059
19.034697,6.098148
19.963516,5.512375
19.618072,5.863600
19.270706,5.305970
21.093665,4.422839
20.169923,5.983092
20.783404,5.722455
20.242442,4.670756
19.879161,5.017386
20.528896,6.576832
19.888959,6.851442
4.233179,20.075019
4.600565,19.878883
3.020587,20.627756
3.490045,20.785224
3.108124,21.331673
2.135041,20.676237
3.356878,20.238217
2.590800,20.889247
2.223545,21.441677
19.558216,4.100950
19.473462,4.505415
20.350837,3.844816
20.035502,4.223517
19.642968,3.696486
21.386673,2.665834
20.595310,4.296980
21.185167,3.986625
20.558684,2.982867
20.225446,3.358543
21.002161,4.859053
20.387108,5.185733
2.471840,19.830227
2.881930,19.778975
2.061751,19.881480
0.890628,21.533681
19.830226,2.471841
19.778973,2.881930
20.598474,2.151360
20.315675,2.554535
19.881478,2.061751
21.533679,0.890628
20.879716,2.581521
21.441675,2.223545
20.735327,1.275615
20.434024,1.677093
21.331671,3.108123
20.745850,3.484036
2.561612,20.355993
2.943462,20.190532
1.306459,20.805483
1.761430,21.001643
1.335942,21.515179
0.000000,20.570712
0.825830,19.966732
0.499595,19.980164
1.674836,20.446530
1.238745,19.949731
0.616192,20.894176
0.994803,21.110349
0.445314,21.552181
0.000000,21.070696
0.456317,20.450126
0.956064,20.449179
19.966730,0.825830
19.949729,1.238745
20.785703,0.000000
19.980162,0.499595
20.922882,0.644220
21.116226,1.045215
20.467090,0.852370
21.552179,0.445314
21.070693,0.000000
20.500713,0.000000
20.406781,0.423143
20.962444,1.759675
