22.238932,0.000000
22.161313,1.836481
21.933491,3.659999
21.556338,5.459089
21.031525,7.220668
20.363396,8.932852
19.556117,10.583862
18.615246,12.162684
17.547692,13.658133
16.359163,15.061276
15.060521,16.359894
13.657126,17.548688
12.161890,18.616278
10.583799,19.556632
8.932209,20.363673
7.220222,21.032126
5.458625,21.556852
3.660044,21.934002
1.836317,22.162514
-0.000000,22.240173
-0.000000,23.662252
1.954750,23.580174
3.895059,23.338982
5.808867,22.937500
7.683240,22.379220
9.504782,21.668429
11.261760,20.809542
12.942077,19.808949
14.533570,18.672225
16.025311,17.408538
17.408429,16.025190
18.672051,14.533435
19.808568,12.941928
20.809233,11.261488
21.668229,9.504838
22.379021,7.682961
22.937283,5.808407
23.338500,3.894978
23.579844,1.953948
23.660865,0.000000
11.374236,19.088766
12.102579,20.311287
11.345372,19.931009
10.980429,19.322907
12.098864,19.412555
11.581170,19.481253
11.768435,18.853141
13.738786,19.242582
11.886485,19.896015
12.523326,20.060095
12.949916,18.929958
12.425858,18.983664
12.653437,19.413904
12.319608,19.732698
11.682231,20.561477
10.384064,21.241146
12.911371,18.084346
12.538444,18.350383
13.662374,18.350161
13.149679,18.460704
13.284933,17.817512
15.280641,18.042341
13.486480,18.848470
14.137564,18.957694
14.468897,17.795843
13.949977,17.893918
13.340606,19.526840
10.531002,20.421402
9.635357,20.829035
14.360694,16.955789
14.010928,17.252499
15.131823,17.159345
14.629676,17.311452
14.711679,16.659089
16.718291,16.718615
14.996694,17.670487
15.654423,17.725650
15.889324,16.539979
15.380306,16.680609
14.906895,18.358464
14.213628,18.302578
11.069819,20.385798
10.824293,21.025747
10.803152,19.963776
9.944032,21.455908
8.594281,22.026128
9.759017,19.962324
10.172001,19.760784
9.978741,20.388268
9.347503,20.164269
10.172792,20.829668
15.711752,15.712168
15.388000,16.036298
16.495874,15.851098
16.008671,16.044096
16.036448,15.387811
18.041773,15.281006
16.404820,16.371400
17.064907,16.372181
17.200494,15.171649
16.704947,15.353678
16.371852,17.064903
15.677326,17.065646
8.819830,21.250808
9.343318,21.249001
9.051527,21.847516
7.888290,21.547764
9.093112,20.799809
8.414024,21.606464
8.138169,22.203605
16.955487,14.361122
16.659152,14.711338
17.749093,14.434754
17.279237,14.667316
17.252674,14.010724
19.242005,13.739181
17.700486,14.960971
18.358549,14.907335
18.394891,13.699507
17.915963,13.921621
17.725415,15.654509
17.032134,15.713259
8.077148,20.700314
8.504811,20.532794
8.280577,21.139087
7.650285,20.867317
8.648649,20.877268
6.745775,22.660707
18.083613,12.911553
17.817524,13.285017
18.880553,12.919854
18.431349,13.190305
18.350681,12.538372
20.310669,12.103159
18.875622,13.448238
19.526842,13.340535
19.463114,12.133474
19.004261,12.394577
18.957408,14.137675
18.271912,14.253024
7.032866,21.899944
7.557672,21.944175
7.216293,22.520615
6.081272,22.126195
7.350214,21.477648
6.602511,22.226030
6.276806,22.799945
19.087946,11.374250
18.853426,11.768631
19.882542,11.316597
19.457470,11.623100
19.323298,10.980337
21.240649,10.384382
19.921570,11.843437
20.561533,11.682234
20.398549,10.485047
19.962870,10.782892
20.060057,12.523880
19.386636,12.695286
6.340223,21.296865
6.780409,21.164903
5.900877,21.428008
4.851316,23.140634
19.962124,9.759166
19.760844,10.171680
20.749299,9.636215
20.350956,9.976748
20.163948,9.347256
22.025677,8.594929
20.831326,10.158076
21.455959,9.944383
21.194717,8.764863
20.785141,9.097654
21.025547,10.824286
20.368289,11.051171
6.502493,21.751212
6.896809,21.522589
5.200421,22.406849
5.719499,22.493850
5.331883,23.039880
4.233207,22.553024
5.551006,22.011552
4.744307,22.695563
4.372730,23.240627
20.699877,8.077416
20.533293,8.505228
21.474205,7.889924
21.105448,8.262090
20.866972,7.650347
22.660246,6.746579
21.599049,8.403295
22.203802,8.138555
21.846143,6.984756
21.465476,7.350116
21.847593,9.051156
21.211446,9.331502
4.559861,21.747870
5.009241,21.652676
4.111073,21.841980
2.923732,23.461826
21.296366,6.340243
21.165569,6.780601
22.052624,6.089646
21.715726,6.490915
21.427556,5.900899
23.139984,4.851934
22.219157,6.590929
22.800114,6.277130
22.348371,5.156746
21.999397,5.552499
22.520334,7.215926
21.909557,7.547932
4.684373,22.214004
5.095768,22.018591
3.332685,22.760006
3.842558,22.889703
3.411089,23.401744
2.356709,22.825116
3.714365,22.394914
2.854331,23.009729
2.438993,23.522491
21.747280,4.560023
21.653141,5.009598
22.480251,4.247299
22.177927,4.675245
21.840989,4.111220
23.461727,2.924161
22.687568,4.733689
23.240470,4.372840
22.697860,3.293195
22.382412,3.716987
23.039563,5.331408
22.458258,5.712824
2.748710,22.050535
3.203985,21.992419
2.293435,22.106829
0.977116,23.623226
22.049868,2.749168
21.992715,3.204210
22.753317,2.376720
22.488487,2.827623
22.105966,2.293793
23.623122,0.977662
23.001107,2.844163
23.521532,2.438510
22.892070,1.408548
22.613430,1.856189
23.401064,3.410926
22.853170,3.837842
2.834526,22.525441
3.260120,22.363747
1.441190,22.956894
1.939215,23.128213
1.466272,23.603656
0.000000,22.751370
0.917875,22.202417
0.554813,22.216189
1.853165,22.625824
1.376687,22.182596
0.679015,23.044007
1.095772,23.237339
0.487712,23.643504
-0.000000,23.204742
0.506800,22.641732
1.058227,22.637227
22.201526,0.918166
22.181398,1.377108
22.944697,0.000000
22.215717,0.554756
23.069658,0.710471
23.241100,1.151188
22.653388,0.943597
23.642625,0.486977
23.202993,0.000000
22.687718,0.000000
22.601910,0.470427
23.091959,1.938035
