28.333534,-0.000000
28.232907,2.339830
27.942559,4.662385
27.461649,6.955098
26.792880,9.199485
25.941791,11.380738
24.913271,13.484083
23.714451,15.495394
22.354334,17.400560
20.840456,19.187929
19.186047,20.842178
17.397739,22.356794
15.493155,23.716835
13.484177,24.914086
11.378858,25.942251
9.198155,26.793890
6.953620,27.462187
4.662725,27.942855
2.339734,28.234665
-0.000000,28.335048
-0.000000,29.463658
2.435399,29.361836
4.850538,29.061888
7.233677,28.562079
9.567811,27.867032
11.835752,26.981941
14.024193,25.912431
16.116522,24.666117
18.097935,23.250582
19.955372,21.677219
21.677451,19.954457
23.250611,18.097208
24.665835,16.115652
25.912056,14.023156
26.981567,11.835907
27.866758,9.567326
28.562083,7.232775
29.061168,4.851260
29.362522,2.433767
29.462502,-0.000000
14.493198,24.323040
15.072859,25.296390
14.287076,25.098058
13.993846,24.619141
15.250351,24.468271
14.647640,24.639947
14.993238,24.022764
17.110621,23.965199
14.911159,24.958161
15.598603,24.980929
16.306668,23.836711
15.709898,24.000132
15.874097,24.354015
15.434706,24.718691
14.547835,25.608698
12.933041,26.454323
16.451508,23.043123
15.979110,23.379887
17.220492,23.128116
16.630576,23.348645
16.925905,22.703847
19.030953,22.470535
16.918338,23.643626
17.609310,23.608603
18.219790,22.408452
17.636142,22.622131
16.613100,24.320231
13.252673,25.697812
12.130963,26.221964
18.298062,21.604908
17.855403,21.980986
19.071688,21.627195
18.502295,21.895040
18.744440,21.228161
20.821431,20.821636
18.813019,22.166151
19.498457,22.074219
20.008431,20.827555
19.444645,21.088336
18.563084,22.865665
17.830401,22.959972
13.881774,25.564218
13.483961,26.184444
13.656058,25.235072
12.382284,26.722464
10.703674,27.432030
12.435021,25.435267
12.960163,25.179943
12.613824,25.770959
11.913890,25.692688
12.760473,26.127350
20.019592,20.020492
19.609532,20.431496
20.791228,19.978601
20.246480,20.292322
20.432200,19.608405
22.469375,19.031539
20.579087,20.536301
21.254871,20.388685
21.659292,19.104524
21.119240,19.410893
20.387957,21.255025
19.666559,21.408399
11.093331,26.727817
11.713611,26.639854
11.276841,27.207341
9.931971,27.128293
11.492900,26.291270
10.554068,27.099223
10.132905,27.653284
21.604278,18.299201
21.228931,18.743092
22.370395,18.193544
21.853384,18.551163
21.981895,17.853936
23.964189,17.111351
22.204352,18.767140
22.865932,18.564077
23.163277,17.250774
22.650095,17.600324
22.073998,19.498788
21.366056,19.712087
10.292243,26.376088
10.834635,26.162177
10.467189,26.718892
9.751022,26.588450
10.950666,26.433775
8.400765,28.222337
23.041605,16.452021
22.704676,16.925761
23.796447,16.284234
23.310304,16.683127
23.381206,15.978384
25.295025,15.074216
23.678237,16.869669
24.320544,16.612800
24.508364,15.279153
24.025986,15.669866
23.608369,17.609856
22.921086,17.880334
8.846901,27.547283
9.474753,27.513031
8.991195,28.046053
7.656602,27.856217
9.290155,27.148148
8.282279,27.876639
7.814969,28.395456
24.321405,14.493217
24.024383,14.993722
25.059450,14.263914
24.608239,14.701089
24.620638,13.993499
26.453426,12.933511
24.990322,14.856688
25.609079,14.547703
25.686306,13.203469
25.238037,13.632334
24.981675,15.600302
24.319505,15.926432
8.079123,27.136047
8.637931,26.966999
7.521890,27.303080
6.041034,28.820060
25.435443,12.435340
25.180390,12.959102
26.151823,12.145924
25.738478,12.618965
25.691647,11.912783
27.431228,10.705008
26.131600,12.742550
26.722879,12.383115
26.688945,11.037410
26.277518,11.501667
26.184589,13.483850
25.551106,13.864179
8.220067,27.493024
8.731649,27.249237
6.541790,28.184727
7.169767,28.201897
6.644434,28.692952
5.329962,28.393747
7.015889,27.822680
5.951483,28.465423
5.443862,28.944058
26.375567,10.292524
26.164372,10.835580
27.065366,9.944911
26.692853,10.450384
26.587639,9.750870
28.221534,8.403149
27.094693,10.541389
27.654134,10.133998
27.509088,8.795882
27.137697,9.292208
27.208530,11.275619
26.608764,11.706884
5.810489,27.710771
6.381087,27.588342
5.241166,27.830623
3.639611,29.219675
27.135445,8.078543
26.969903,8.638366
27.794714,7.676108
27.464486,8.209968
27.302286,7.521717
28.819089,6.042924
27.872418,8.267817
28.396482,7.815869
28.141311,6.493778
27.812665,7.019576
28.046548,8.989791
27.484703,9.469553
5.921885,28.077761
6.451537,27.877342
4.192210,28.628539
4.816104,28.698004
4.252519,29.144141
2.967123,28.736011
4.694774,28.307402
3.581232,28.859399
3.036481,29.295524
27.710322,5.810516
27.590883,6.381760
28.333344,5.353456
28.049709,5.913261
27.828533,5.241524
29.220695,3.641631
28.460161,5.938381
28.944649,5.443900
28.582343,4.146795
28.296643,4.699587
28.693525,6.642904
28.173193,7.167062
3.503222,28.096784
4.080592,28.021036
2.925189,28.167255
1.216905,29.420220
28.096306,3.504224
28.023459,4.080959
28.677466,2.996238
28.443255,3.576391
28.166631,2.925913
29.422300,1.218851
28.854083,3.568798
29.294335,3.034935
28.825552,1.774365
28.589234,2.347404
29.144112,4.251825
28.668099,4.814507
3.583356,28.472114
4.127271,28.314083
1.813288,28.877279
2.430046,28.997336
1.828053,29.396798
0.000000,28.733370
1.169728,28.289844
0.706864,28.306126
2.342733,28.599670
1.751852,28.264129
0.851870,28.963413
1.374584,29.109730
0.604821,29.445674
0.000000,29.093754
0.644847,28.644504
1.337805,28.632047
28.289555,1.170474
28.262769,1.753126
28.886333,0.000000
28.306871,0.706726
28.985381,0.892746
29.111695,1.444277
28.647518,1.192778
29.445237,0.602408
29.091541,0.000000
28.683898,0.000000
28.614085,0.599536
28.968666,2.430381
