20.004177,0.000000
19.936158,1.651947
19.731117,3.292591
19.392048,4.910731
18.919950,6.495363
18.318826,8.035586
17.592675,9.520897
16.746496,10.941295
15.786295,12.286578
14.717072,13.548842
13.548828,14.717089
12.286565,15.786316
10.941285,16.746520
9.520890,17.592700
8.035580,18.318854
6.495358,18.919982
4.910727,19.392083
3.292589,19.731156
1.651945,19.936201
0.000000,20.004222
-0.000000,21.573917
1.781524,21.499901
3.550942,21.279859
5.296057,20.913792
7.005064,20.404697
8.666163,19.756579
10.267851,18.973434
11.800125,18.061267
13.251384,17.025076
14.611628,15.872867
15.872853,14.611638
17.025059,13.251392
18.061247,11.800131
18.973410,10.267854
19.756552,8.666165
20.404667,7.005064
20.913757,5.296055
21.279820,3.550941
21.499860,1.781521
21.573872,0.000000
10.231090,17.169615
11.033989,18.517354
10.277443,18.055020
9.875993,17.381158
10.953983,17.575457
10.464020,17.601269
10.586188,16.958068
12.525757,17.543176
10.791813,18.063639
11.417059,18.289310
11.731582,17.148699
11.230008,17.156561
11.488050,17.625937
11.193499,17.929995
10.650920,18.745397
9.467008,19.365010
11.613928,16.266422
11.277610,16.506471
12.369923,16.614358
11.881722,16.679625
11.950248,16.026371
13.931508,16.448975
12.244491,17.112947
12.888573,17.284127
13.107436,16.121616
12.607815,16.172091
12.162942,17.802223
9.543567,18.506843
8.729597,18.871599
12.917700,15.251705
12.602136,15.519011
13.700776,15.536321
13.219181,15.641526
13.233267,14.984399
15.242243,15.242256
13.615653,16.043399
14.271571,16.160923
14.394285,14.983700
13.900495,15.075468
13.591446,16.737027
12.905119,16.617136
10.052777,18.512002
9.867432,19.169224
9.764577,18.043932
9.066585,19.560796
7.835614,20.080642
8.778237,17.955780
9.149565,17.774243
9.019397,18.427702
8.406912,18.137319
9.236420,18.912032
14.132954,14.132969
13.840895,14.425030
14.935732,14.351632
14.465041,14.496390
14.425015,13.840908
16.448959,13.931518
14.894259,14.864026
15.557552,14.926947
15.582148,13.744100
15.097663,13.876247
14.926935,15.557564
14.234046,15.494104
7.995465,19.263957
8.486111,19.298973
8.250892,19.918612
7.146630,19.522072
8.219391,18.799994
7.639564,19.618381
7.420338,20.242672
15.251687,12.917713
14.984383,13.233278
16.070488,13.069306
15.613066,13.252396
15.518994,12.602147
17.543157,12.525765
16.070627,13.583485
16.737012,13.591455
16.664134,12.410512
16.192163,12.582064
16.160908,14.271581
15.464132,14.266214
7.265471,18.619422
7.650526,18.469139
7.484479,19.106929
6.880417,18.769705
7.809071,18.850827
6.150560,20.659250
16.266400,11.613938
16.026352,11.950258
17.094863,11.697608
16.654070,11.917877
16.506451,11.277619
18.517332,11.033995
17.137578,12.209969
17.802204,12.162948
17.631704,10.991637
17.175629,11.201907
17.284109,12.888580
16.589794,12.940414
6.375024,19.851201
6.864454,19.929546
6.577815,20.531975
5.509574,20.046267
6.643870,19.412490
5.994599,20.180824
5.723307,20.786521
17.169590,10.231098
16.958047,10.586197
18.001861,10.245793
17.580987,10.501710
17.381135,9.876000
19.364985,9.467011
18.087036,10.752820
18.745375,10.650925
18.478959,9.498225
18.041763,9.745217
18.289289,11.417065
17.601767,11.525992
5.703044,19.156038
6.099202,19.038011
5.306888,19.274063
4.423498,21.096831
17.955754,8.778243
17.774218,9.149571
18.786539,8.724332
18.388109,9.014065
18.137292,8.406918
20.080613,7.835616
18.912893,9.222602
19.560771,9.066588
19.200205,7.939900
18.784882,8.222154
19.169200,9.867436
18.492783,10.033094
5.877221,19.659934
6.227664,19.434335
4.714085,20.310744
5.195118,20.428978
4.859781,21.005312
3.835207,20.432891
5.017646,19.895277
4.307355,20.607245
3.987219,21.188346
18.619392,7.265476
18.469112,7.650531
19.442981,7.143209
19.069769,7.464832
18.769675,6.880422
20.659217,6.150561
19.609890,7.629388
20.242644,7.420340
19.790437,6.327279
19.399820,6.642868
19.918585,8.250893
19.258213,8.471798
4.101659,19.561625
4.506193,19.476854
3.697126,19.646393
2.666231,21.389885
19.156004,5.703048
19.037980,6.099206
19.966723,5.513266
19.621296,5.864570
19.274028,5.306892
21.096794,4.423498
20.173065,5.984029
20.786489,5.723307
20.245674,4.671506
19.882419,5.018213
20.531943,6.577815
19.892058,6.852515
4.233875,20.078339
4.601329,19.882206
3.021068,20.631062
3.490588,20.788484
3.108590,21.334875
2.135382,20.679570
3.357430,20.241566
2.591206,20.892533
2.223877,21.444896
19.561588,4.101662
19.476819,4.506196
20.354105,3.845437
20.038794,4.224215
19.646353,3.697128
21.389845,2.666230
20.598516,4.297653
21.188309,3.987219
20.561965,2.983345
20.228759,3.359097
21.005277,4.859779
20.390283,5.186545
2.472268,19.833684
2.882428,19.782420
2.062108,19.884944
0.890761,21.536914
19.833643,2.472271
19.782382,2.882430
20.601780,2.151707
20.319012,2.554957
19.884902,2.062111
21.536872,0.890762
20.882966,2.581925
21.444854,2.223875
20.738634,1.275820
20.437370,1.677370
21.334835,3.108588
20.749079,3.484581
2.562032,20.359362
2.943950,20.193908
1.306666,20.808821
1.761704,21.004939
1.336143,21.518411
0.000000,20.574100
0.825972,19.970214
0.499680,19.983645
1.675111,20.449915
1.238958,19.953207
0.616288,20.897511
0.994959,21.113645
0.445379,21.555417
-0.000000,21.074004
0.456395,20.453532
0.956222,20.452579
19.970170,0.825973
19.953163,1.238960
20.789013,0.000000
19.983603,0.499680
20.926172,0.644322
21.119479,1.045378
20.470447,0.852511
21.555373,0.445378
21.073958,0.000000
20.504071,0.000000
20.410153,0.423216
20.965706,1.759949
